0 0.00010360515709016387
1 0.0005494856956725966
2 0.0007264187840392248
3 0.00044939008413828627
4 0.0024047314850847933
5 0.0001350647307564619
6 0.0001359736315524734
7 0.0017693213131045233
8 0.000920996974022854
9 0.002114138755812148
10 0.00004185331638722455
11 0.003996903578832177
12 0.0051625039621314575
13 0.0009374943917018915
14 0.00026456709550368824
15 0.00011067438687857875
16 0.0012440290625407432
17 0.00024376566216822076
18 0.0003172930263603734
19 0.004548066424553873
20 0.00014256349717722765
21 0.0006220145312703716
22 0.0005595864323964277
23 0.0005753334236279207
24 0.0002549984919897665
25 0.00009828551542181294
26 0.000009180257170353432
27 0.000026602204202227678
28 0.00002388195174072963
29 0.00002668214142975396
30 0.00008005552081252168
31 0.000016570580131739694
32 0.0001446627800658901
33 0.002853130712919991
34 0.00011936985864893924
35 0.0008384895369568529
36 0.00017439542599474
37 0.0003987932141285859
38 0.0004576534865273853
39 0.0008688663374890013
40 0.0008688663374890013
41 0.00018725926302105958
42 0.0008934127295715378
43 0.0002495926820907704
44 0.00030172602991334203
45 0.000011692308997607148
46 0.00032731777168967243
47 0.0005417782868301434
48 0.00014129003011415398
49 0.0002231883932943071
50 0.00004529586521301164
51 0.0005224082332437771
52 0.00023612160922741876
53 0.0002914361637469609
54 0.000160544392965215
55 0.000904198535777999
56 0.0006871708547968443
57 0.0003603367151728103
58 0.0005595864323964277
59 0.000012924366889422343
60 0.000038773100668267026
61 0.0011370166061384682
62 0.0009060445366416521
63 0.0010215305713900601
64 0.0005941814615164285
65 0.000466348213813385