0 0.00020721031418032774
6 0.00009064908770164895
10 0.00006277997458083683
13 0.0003124981305672972
14 0.001058268382014753
15 0.0002213487737571575
24 0.00012749924599488326
25 0.00014742827313271942
26 0.000009180257170353432
27 0.000013301102101113839
28 0.000014329171044437778
29 0.000016009284857852372
31 0.00003314116026347939
32 0.0003616569501647253
34 0.0003581095759468177
41 0.00037451852604211916
45 0.000005846154498803574
46 0.0013092710867586897
48 0.0005651601204566159
49 0.0002231883932943071
59 0.000012924366889422343
60 0.000012924366889422343
66 0.001259530567250804
67 0.0006987623629892522
68 0.0008056162688366655
69 0.00655277253914462
74 0.0005257529073764276
80 0.0003393671988105698
81 0.00033390404938987825
97 0.000301019837656128
100 0.0005771069490258609
148 0.00039487277137447156
151 0.0006787343976211396
159 0.00014086769495867446
160 0.0008779469936743287
162 0.0003800531302520963
168 0.00004914275771090647
169 0.0002663490497050791
172 0.00023913727761189357
174 0.0004111404270832213
175 0.00028530254609905744
177 0.00044410039764801966
180 0.0007578003861922098
186 0.0020346109924768447
202 0.00030783737547859243
203 0.0003136839799123262
216 0.0006075174674600367
219 0.0003616150149759352
222 0.0003748188423091808
247 0.0003148783300420517
252 0.000635495210823793
259 0.0003407614423411458
262 0.001385832416980897
267 0.0005494856956725966
273 0.0003697439993427182
299 0.0003209819843539111
304 0.0017769291801182456
306 0.005648180969448309
324 0.0006554485025236457
350 0.0016061924812056955
362 0.0014999109873348963
365 0.0005494856956725966
366 0.0047433510113594635
367 0.0005759876441280593
368 0.0005494856956725966
369 0.0005544595315855724
370 0.002533069872270605
371 0.0023716755056797318
372 0.0007107716720472983
373 0.01430142799946084
374 0.0012440290625407432
375 0.004192447684784265
376 0.0008688663374890013
377 0.0037669015137029665
378 0.0009060445366416521
379 0.000953975571705261
380 0.0004755217854866652
381 0.0007709345372720537
382 0.0008128063180586093
383 0.0010215305713900601
384 0.0009573908535360409
385 0.0010365883383334816
386 0.0011370166061384682
387 0.0009060445366416521
388 0.0011370166061384682
389 0.00045485323355897795
390 0.001175787005677693
391 0.0004605016093796513
392 0.00047869542676802046
393 0.00048193069598779744
394 0.0008688663374890013
395 0.0006378942679921852
396 0.0008128063180586093
397 0.0009060445366416521
398 0.0003632093920196124