0 0.00010360515709016387
4 0.0028055200659322585
5 0.0004051941922693857
6 0.00002266227192541224
7 0.0007077285252418094
8 0.0002302492435057135
9 0.0007047129186040493
10 0.00004185331638722455
13 0.0009374943917018915
14 0.00026456709550368824
15 0.00016601158031786812
20 0.0002851269943544553
23 0.0001917778078759736
26 0.00002295064292588358
27 0.0000066505510505569195
28 0.000004776390348145926
31 0.0000055235267105798985
34 0.00023873971729787848
41 0.0009362963151052978
45 0.000002923077249401787
48 0.00014129003011415398
50 0.00004529586521301164
52 0.0016528512645919312
53 0.0011657446549878435
54 0.000160544392965215
59 0.000025848733778844687
60 0.000038773100668267026
67 0.0006987623629892522
68 0.00040280813441833274
71 0.00033256580019006747
89 0.00033798452589909114
100 0.00014427673725646523
103 0.00008541133970179466
109 0.0003818350844534872
132 0.00019350436353001335
140 0.0004011905379293356
168 0.00004914275771090647
169 0.0002663490497050791
172 0.00023913727761189357
189 0.0009510435709733304
201 0.0007565800661254732
212 0.000629765283625402
221 0.0004090179636081414
247 0.0006297566600841033
300 0.00030262299481361246
303 0.0004090179636081414
304 0.0003553858360236491
307 0.0003818350844534872
309 0.0052662646183162945
331 0.0006273679598246524
363 0.0006649717304210047
446 0.0004176750344063272
455 0.000466348213813385
458 0.0003818350844534872
555 0.0006871708547968443
586 0.0011519752882561186
598 0.000790558501893244
776 0.001246404696646162
783 0.004654802112947032
916 0.0012928806034244072
1119 0.000629765283625402
1521 0.008230509039743851
1522 0.0011370166061384682
1523 0.0011370166061384682
1524 0.0011370166061384682
1525 0.0033539581478274115
1526 0.0022740332122769364
1527 0.0011370166061384682
1528 0.0022740332122769364
1529 0.0011370166061384682
1530 0.0022740332122769364
1531 0.0011370166061384682
1532 0.0022740332122769364
1533 0.0011370166061384682
1534 0.00612918342834036
1535 0.0011370166061384682
1536 0.0056850830306923415
1537 0.0011370166061384682
1538 0.0011370166061384682
1539 0.0011370166061384682
1540 0.000685825303055794
1541 0.0011370166061384682
1542 0.0011370166061384682
1543 0.0011370166061384682
1544 0.0011370166061384682
1545 0.0011370166061384682
1546 0.0056850830306923415
1547 0.0011370166061384682
1548 0.0014460070044168896
1549 0.0011370166061384682
1550 0.0011370166061384682
1551 0.0011370166061384682
1552 0.0022740332122769364
1553 0.0010215305713900601