0 0.00020721031418032774
5 0.0001350647307564619
6 0.0001359736315524734
10 0.00005231664548403069
17 0.00024376566216822076
20 0.00014256349717722765
24 0.0002549984919897665
25 0.00004914275771090647
26 0.000009180257170353432
27 0.00001995165315167076
28 0.00002388195174072963
29 0.00002668214142975396
30 0.00008005552081252168
31 0.000038664686974059284
32 0.0001446627800658901
34 0.00011936985864893924
36 0.00017439542599474
41 0.00018725926302105958
43 0.0002495926820907704
44 0.00015086301495667102
45 0.000005846154498803574
50 0.00009059173042602328
54 0.000160544392965215
59 0.000006462183444711172
60 0.000012924366889422343
74 0.0001314382268441069
95 0.0006846296449112446
96 0.0007121693016110291
100 0.00014427673725646523
103 0.00008541133970179466
125 0.00019006896079713502
153 0.00022952953988283507
161 0.00032348746208875627
165 0.0014080508921079382
168 0.00004914275771090647
180 0.0002526001287307366
217 0.0013432869843729705
221 0.0004090179636081414
222 0.0003748188423091808
223 0.0002526001287307366
227 0.0005224082332437771
241 0.000466348213813385
255 0.00023913727761189357
300 0.0010591804818476434
304 0.0021323150161418948
306 0.002635817785742544
307 0.0003818350844534872
463 0.004252622272220257
550 0.0008056162688366655
1108 0.0013108970050472915
1171 0.0005182941691667408
1299 0.000953975571705261
1338 0.0006464403017122036
1340 0.0006750724671448359
1554 0.0011370166061384682
1555 0.0008688663374890013
1556 0.0008688663374890013
1557 0.000953975571705261
1558 0.0011370166061384682