6 0.00002266227192541224
8 0.0002302492435057135
10 0.00007324330367764296
15 0.00016601158031786812
20 0.00014256349717722765
24 0.000509996983979533
25 0.00009828551542181294
26 0.000013770385755530148
27 0.000026602204202227678
28 0.00002388195174072963
29 0.000016009284857852372
30 0.0003202220832500867
31 0.000038664686974059284
32 0.0002893255601317802
34 0.00005968492932446962
36 0.00017439542599474
45 0.00000876923174820536
48 0.00028258006022830796
49 0.0002231883932943071
50 0.00004529586521301164
59 0.000006462183444711172
60 0.000012924366889422343
76 0.00023762262054737309
95 0.0003423148224556223
96 0.00028486772064441167
97 0.00018061190259367678
102 0.0003910424617735554
103 0.000256234019105384
121 0.000426256656302407
136 0.00029565439233481325
159 0.0007043384747933724
168 0.00004914275771090647
180 0.0005052002574614732
200 0.0002833071793801778
211 0.0005446560494091424
233 0.00038915983010845493
235 0.000244549715989849
252 0.002753812580236436
259 0.0003407614423411458
265 0.0007266256124202381
293 0.0005065284965219635
306 0.004518544775558647
325 0.00043897349683716435
380 0.0014265653564599955
429 0.0004755217854866652
430 0.00033256580019006747
435 0.0008882007952960393
442 0.00036481917391093806
568 0.0005595864323964277
573 0.0004885960299787504
623 0.0004605016093796513
726 0.0006554485025236457
767 0.00040692219849536895
848 0.0005446560494091424
867 0.0020111370744903476
897 0.0005494856956725966
898 0.0010055685372451738
899 0.0006973202833102012
900 0.001053252923663259
901 0.0005759876441280593
902 0.0005544595315855724
903 0.0005818342485617932
904 0.0006007160688395344
905 0.0005878935028388465
906 0.000570339268307386
907 0.0005878935028388465
908 0.0005818342485617932
909 0.0005941814615164285
910 0.000570339268307386
911 0.0005759876441280593
912 0.0009573908535360409
1044 0.0022595044755467776
1060 0.0005544595315855724
1062 0.0005648761188866944
1065 0.0004415172276153697
1066 0.00048193069598779744
1067 0.0005544595315855724
1068 0.0005103588061228796
1108 0.0013108970050472915
1337 0.0005353974937352319
1393 0.0005878935028388465
1559 0.003037587337300184
1560 0.0022740332122769364
1561 0.0011370166061384682
1562 0.0006220145312703716
1563 0.0006075174674600367
1564 0.0022740332122769364
1565 0.0008128063180586093
1566 0.0006007160688395344