0 0.0003108154712704916
2 0.0003632093920196124
4 0.000801577161694931
5 0.0001350647307564619
6 0.00011331135962706119
7 0.0017693213131045233
10 0.00004185331638722455
11 0.005773305169424255
14 0.00026456709550368824
15 0.00011067438687857875
18 0.0003172930263603734
20 0.00014256349717722765
23 0.0001917778078759736
26 0.000013770385755530148
27 0.00001995165315167076
28 0.000014329171044437778
29 0.000016009284857852372
30 0.00024016656243756505
31 0.000022094106842319594
32 0.0001446627800658901
34 0.00005968492932446962
37 0.003190345713028687
41 0.00018725926302105958
42 0.00029780424319051263
43 0.0001247963410453852
44 0.00015086301495667102
45 0.00000876923174820536
50 0.0004076627869171047
59 0.000006462183444711172
60 0.000012924366889422343
65 0.000466348213813385
74 0.0002628764536882138
76 0.00047524524109474617
95 0.0005477037159289957
96 0.0005697354412888233
97 0.0000602039675312256
103 0.00008541133970179466
108 0.0002542579645943101
119 0.0001544851386881615
123 0.0023273369942471726
140 0.0002005952689646678
151 0.0003393671988105698
168 0.00009828551542181294
176 0.0013729604595821559
255 0.0007174118328356807
343 0.004339996609241886
361 0.0004605016093796513
395 0.0006378942679921852
475 0.0007578003861922098
488 0.0005648761188866944
489 0.0006146083728946911
493 0.0005759876441280593
577 0.0038786418102732213
580 0.0006007160688395344
586 0.0005759876441280593
588 0.0014460070044168896
589 0.0003818350844534872
652 0.004769877858526305
691 0.0007672726067957501
697 0.0005878935028388465
820 0.000629765283625402
855 0.0006649717304210047
865 0.0004520992678889995
870 0.0006075174674600367
1111 0.0007375005660187797
1113 0.0016256126361172186
1283 0.0005266264618316295
1567 0.0022740332122769364
1568 0.004548066424553873
1569 0.011236836285290661
1570 0.0011370166061384682
1571 0.0006378942679921852
1572 0.0008384895369568529
1573 0.0007709345372720537
1574 0.0009060445366416521