0 0.0003108154712704916
5 0.0001350647307564619
6 0.00011331135962706119
10 0.00003138998729041841
14 0.00026456709550368824
15 0.0002213487737571575
17 0.0004875313243364415
20 0.00014256349717722765
23 0.0001917778078759736
24 0.00012749924599488326
26 0.000013770385755530148
27 0.0000332527552527846
28 0.000014329171044437778
29 0.000016009284857852372
30 0.00024016656243756505
31 0.000027617633552899494
32 0.0001446627800658901
34 0.0002984246466223481
41 0.00018725926302105958
43 0.0001247963410453852
44 0.00015086301495667102
45 0.00000876923174820536
48 0.00014129003011415398
50 0.00009059173042602328
54 0.000160544392965215
59 0.000006462183444711172
60 0.00007754620133653405
74 0.0001314382268441069
76 0.00023762262054737309
95 0.0006161666804201201
96 0.0006409523714499261
97 0.0000602039675312256
103 0.00008541133970179466
108 0.0002542579645943101
121 0.0002131283281512035
125 0.00019006896079713502
132 0.0007740174541200534
133 0.00032475447298266157
139 0.0001247963410453852
153 0.00022952953988283507
159 0.00014086769495867446
168 0.00004914275771090647
186 0.00040692219849536895
194 0.0004339996609241885
211 0.0005446560494091424
213 0.00036481917391093806
217 0.002462692804683779
223 0.0020208010298458927
255 0.0011956863880594679
256 0.0015798793854948881
300 0.00045393449222041863
311 0.00033798452589909114
475 0.0007578003861922098
691 0.0007672726067957501
1066 0.0009638613919755949
1069 0.0003968214617715378
1086 0.0005446560494091424
1108 0.0006554485025236457
1192 0.001694628356660083
1575 0.0011370166061384682
1576 0.0007533803027405932
1577 0.000685825303055794
1578 0.0008128063180586093