0 0.00010360515709016387
5 0.0001350647307564619
6 0.0000679868157762367
10 0.000010463329096806138
14 0.00026456709550368824
20 0.00014256349717722765
23 0.0003835556157519472
24 0.0002549984919897665
26 0.000013770385755530148
27 0.000013301102101113839
28 0.000009552780696291852
29 0.000010672856571901583
30 0.00016011104162504336
31 0.000027617633552899494
32 0.0001446627800658901
41 0.00018725926302105958
43 0.0001247963410453852
45 0.000011692308997607148
47 0.0002708891434150717
50 0.00004529586521301164
59 0.000006462183444711172
60 0.000012924366889422343
95 0.0006846296449112446
96 0.0007121693016110291
97 0.0000602039675312256
100 0.00014427673725646523
121 0.0006393849844536105
139 0.0002495926820907704
146 0.00036481917391093806
161 0.00032348746208875627
168 0.00004914275771090647
175 0.00028530254609905744
177 0.00044410039764801966
180 0.0005052002574614732
235 0.000244549715989849
300 0.00045393449222041863
301 0.000755332068144601
302 0.001150908910193625
437 0.00043897349683716435
557 0.0009060445366416521
558 0.0020430611427801203
573 0.0009771920599575008
1562 0.0006220145312703716
1563 0.0006075174674600367
1579 0.0022740332122769364
1580 0.0009060445366416521
1581 0.0010215305713900601
1582 0.0013401727475765846
1583 0.0056850830306923415