26 0.000009180257170353432
34 0.00005968492932446962
44 0.00015086301495667102
45 0.000005846154498803574
48 0.00028258006022830796
76 0.00023762262054737309
92 0.00036481917391093806
103 0.00008541133970179466
116 0.0005353974937352319
232 0.0005182941691667408
240 0.0005065284965219635
265 0.00024220853747341272
454 0.00038363630339787504
515 0.00043897349683716435
529 0.00044939008413828627
775 0.00036481917391093806
842 0.000570339268307386
848 0.001633968148227427
908 0.0011636684971235863
1042 0.0018120890732833041
1065 0.0008830344552307394
1312 0.0006649717304210047
1584 0.004548066424553873
1585 0.0007096674962648366
1586 0.0011370166061384682
1587 0.0011370166061384682
1588 0.000685825303055794
1589 0.0007533803027405932
1590 0.0017377326749780026
1591 0.0018120890732833041
1592 0.0010215305713900601
1593 0.0011370166061384682
1594 0.0006554485025236457