5 0.0001350647307564619
15 0.000055337193439289376
22 0.0005595864323964277
24 0.00012749924599488326
25 0.00004914275771090647
26 0.000009180257170353432
30 0.00008005552081252168
45 0.000005846154498803574
48 0.00014129003011415398
52 0.0004722432184548375
53 0.0005828723274939218
59 0.000006462183444711172
117 0.0007709144163699553
143 0.0002681502686494669
151 0.0003393671988105698
159 0.00014086769495867446
194 0.0004339996609241885
199 0.0007375005660187797
297 0.00044939008413828627
299 0.0003209819843539111
390 0.0005878935028388465
846 0.0006378942679921852
959 0.0006075174674600367
1317 0.0005544595315855724
1598 0.0011370166061384682
1599 0.0006220145312703716
1600 0.0011370166061384682
1601 0.0011370166061384682
1602 0.0010215305713900601
1603 0.0011370166061384682
1604 0.0011370166061384682
1605 0.0011370166061384682
1606 0.0011370166061384682
1607 0.0011370166061384682