6 0.0000679868157762367
26 0.000004590128585176716
28 0.000004776390348145926
29 0.000005336428285950791
36 0.00017439542599474
45 0.000002923077249401787
46 0.00032731777168967243
52 0.00023612160922741876
54 0.000160544392965215
59 0.000006462183444711172
60 0.000006462183444711172
288 0.000790558501893244
297 0.00044939008413828627
299 0.0003209819843539111
624 0.00048193069598779744
959 0.0006075174674600367
1061 0.0007375005660187797
1111 0.0007375005660187797
1210 0.0010215305713900601
1243 0.0005878935028388465
1345 0.0009060445366416521
1367 0.0015067606054811865
1602 0.0010215305713900601
1608 0.0020430611427801203
1609 0.0009060445366416521
1610 0.0011370166061384682
1611 0.0009060445366416521
1612 0.0011370166061384682
1613 0.000953975571705261
1614 0.0011370166061384682
1615 0.0006649717304210047
1616 0.0008688663374890013
1617 0.0011370166061384682
1618 0.0011370166061384682
1619 0.0009060445366416521
1620 0.000953975571705261
1621 0.0011370166061384682
1622 0.0011370166061384682
1623 0.0011370166061384682
1624 0.0011370166061384682
1625 0.0006554485025236457
1626 0.000953975571705261
1627 0.0011370166061384682
1628 0.0011370166061384682
1629 0.0011370166061384682
1630 0.0010215305713900601
1631 0.0008128063180586093
1632 0.0010215305713900601
1633 0.0011370166061384682
1634 0.0007230035022084448
1635 0.0011370166061384682