0 0.00020721031418032774
6 0.0000679868157762367
10 0.000020926658193612276
15 0.000055337193439289376
25 0.00009828551542181294
26 0.000009180257170353432
27 0.000026602204202227678
28 0.00002388195174072963
29 0.000016009284857852372
31 0.000049711740395219085
32 0.0002893255601317802
34 0.00017905478797340885
41 0.00037451852604211916
43 0.0008735743873176963
45 0.000005846154498803574
50 0.00009059173042602328
57 0.0003603367151728103
59 0.000012924366889422343
60 0.000012924366889422343
90 0.0003600357507382571
97 0.00018061190259367678
100 0.00014427673725646523
108 0.0002542579645943101
110 0.0003600357507382571
119 0.000308970277376323
121 0.0002131283281512035
124 0.00045619878530002813
125 0.00019006896079713502
132 0.0009675218176500667
142 0.0013562978036669984
162 0.0003800531302520963
168 0.00004914275771090647
169 0.0002663490497050791
175 0.00028530254609905744
177 0.00044410039764801966
180 0.0002526001287307366
185 0.00023389514674621796
186 0.0008138443969907379
202 0.00030783737547859243
217 0.003358217460932426
223 0.003283801673499576
235 0.0007336491479695469
252 0.001270990421647586
273 0.0003697439993427182
300 0.00030262299481361246
304 0.0014215433440945965
306 0.004518544775558647
312 0.0004885960299787504
328 0.0003260311928669616
331 0.0003136839799123262
362 0.002399857579735834
372 0.0007107716720472983
385 0.0005182941691667408
399 0.0008384895369568529
400 0.004086122285560241
401 0.0011370166061384682
402 0.0016256126361172186
403 0.0011370166061384682
404 0.0010215305713900601
405 0.0022740332122769364
406 0.0010215305713900601
407 0.0011370166061384682
408 0.000953975571705261
409 0.0020430611427801203
410 0.0017377326749780026
411 0.0016256126361172186
412 0.000953975571705261
413 0.0005941814615164285
414 0.0006075174674600367
415 0.0006649717304210047
416 0.0003493811814946261
417 0.0003600357507382571