0 0.00010360515709016387
6 0.00009064908770164895
10 0.000020926658193612276
15 0.00016601158031786812
23 0.0001917778078759736
25 0.00004914275771090647
26 0.000009180257170353432
27 0.000013301102101113839
28 0.000014329171044437778
29 0.000021345713143803165
31 0.000016570580131739694
32 0.00021699417009883517
34 0.00047747943459575695
41 0.00018725926302105958
45 0.000005846154498803574
46 0.00032731777168967243
48 0.00014129003011415398
49 0.0002231883932943071
59 0.000006462183444711172
60 0.000012924366889422343
74 0.0001314382268441069
87 0.00036808616347914477
95 0.00047924075143787115
96 0.00042730158096661747
97 0.0001204079350624512
98 0.00029888966155459023
103 0.000256234019105384
109 0.0011455052533604615
122 0.00030783737547859243
136 0.0005913087846696265
162 0.0007601062605041926
163 0.0005999643949339585
172 0.00023913727761189357
189 0.0019020871419466608
192 0.0007375005660187797
203 0.0006273679598246524
222 0.001874094211545904
233 0.0007783196602169099
256 0.0005266264618316295
266 0.001505409724448652
392 0.00047869542676802046
416 0.0010481435444838782
434 0.00032731777168967243
538 0.00037310999523034225
539 0.0005494856956725966
569 0.004800777121390558
589 0.0003818350844534872
624 0.00048193069598779744
671 0.0003910424617735554
742 0.00040692219849536895
766 0.0006378942679921852
812 0.012807465146590084
913 0.0004111404270832213
966 0.0006464403017122036
1314 0.001633968148227427
1640 0.007631804573642088
1641 0.00453022268320826
1642 0.0006146083728946911
1643 0.0014750011320375594
1644 0.0009060445366416521
1645 0.0009060445366416521
1646 0.006082064362423009
1647 0.0016769790739137058
1648 0.0006075174674600367
1649 0.0011370166061384682
1650 0.0020430611427801203
1651 0.0010215305713900601
1652 0.0010215305713900601
1653 0.000953975571705261
1654 0.0016769790739137058
1655 0.000790558501893244
1656 0.0008688663374890013