6 0.00011331135962706119
7 0.0003538642626209047
10 0.000010463329096806138
14 0.00026456709550368824
15 0.0003873603540750256
24 0.0002549984919897665
25 0.00004914275771090647
26 0.000018360514340706863
27 0.00001995165315167076
28 0.000014329171044437778
29 0.000010672856571901583
30 0.00008005552081252168
31 0.000011047053421159797
34 0.0003581095759468177
36 0.00017439542599474
45 0.000011692308997607148
48 0.00028258006022830796
50 0.00004529586521301164
59 0.000006462183444711172
60 0.000038773100668267026
67 0.0003493811814946261
68 0.00040280813441833274
74 0.0001314382268441069
76 0.0014257357232842385
97 0.000301019837656128
100 0.00014427673725646523
103 0.00017082267940358932
117 0.002312743249109866
119 0.000308970277376323
130 0.0007361723269582895
136 0.00029565439233481325
139 0.0001247963410453852
140 0.0004011905379293356
143 0.0002681502686494669
159 0.0004226030848760234
163 0.00029998219746697925
168 0.00004914275771090647
169 0.0002663490497050791
174 0.002877982989582549
185 0.00023389514674621796
188 0.0005182941691667408
192 0.0007375005660187797
195 0.00043018466555000526
212 0.000629765283625402
239 0.002057475909167382
265 0.00024220853747341272
266 0.0003010819448897304
281 0.0006378942679921852
328 0.0003260311928669616
365 0.0005494856956725966
367 0.0005759876441280593
392 0.0019147817070720818
413 0.012477810691844999
419 0.0007533803027405932
430 0.00033256580019006747
449 0.00042680669660142797
450 0.000685825303055794
451 0.0006007160688395344
455 0.001399044641440155
456 0.00040485246840563934
507 0.0008128063180586093
538 0.0007462199904606845
540 0.002824380594433472
544 0.0005353974937352319
550 0.00040280813441833274
571 0.003013521210962373
601 0.0020883751720316363
625 0.0006378942679921852
678 0.000629765283625402
720 0.0007230035022084448
776 0.0004154682322153874
782 0.0006220145312703716
808 0.000570339268307386
870 0.0006075174674600367
913 0.001233421281249664
1051 0.0006750724671448359
1069 0.0003968214617715378
1103 0.00046935029736931276
1114 0.0014193349925296732
1142 0.0008056162688366655
1159 0.0008384895369568529
1160 0.0007096674962648366
1194 0.0014460070044168896
1314 0.0005446560494091424
1317 0.0011089190631711448
1377 0.0008128063180586093
1406 0.0007375005660187797
1648 0.0006075174674600367
1657 0.001907951143410522
1658 0.0009060445366416521
1659 0.0010215305713900601
1660 0.0022740332122769364
1661 0.00306459171417018
1662 0.0056850830306923415
1663 0.0011370166061384682
1664 0.0011370166061384682
1665 0.0007533803027405932
1666 0.0017377326749780026
1667 0.0011370166061384682
1668 0.0036241781465666083
1669 0.0034110498184154047
1670 0.0011370166061384682
1671 0.0008688663374890013
1672 0.0011370166061384682
1673 0.0011370166061384682
1674 0.0009060445366416521
1675 0.0010215305713900601
1676 0.010215305713900603
1677 0.0008688663374890013
1678 0.000953975571705261
1679 0.0011370166061384682
1680 0.0009060445366416521
1681 0.0008384895369568529
1682 0.0010215305713900601
1683 0.000953975571705261
1684 0.000953975571705261
1685 0.0011370166061384682
1686 0.0010215305713900601
1687 0.000685825303055794