6 0.00015863590347788565
8 0.0011512462175285675
10 0.00004185331638722455
14 0.00026456709550368824
15 0.00011067438687857875
20 0.00014256349717722765
23 0.0003835556157519472
25 0.00014742827313271942
26 0.000009180257170353432
27 0.000026602204202227678
28 0.000019105561392583703
29 0.000037354998001655535
31 0.000016570580131739694
32 0.00021699417009883517
34 0.00011936985864893924
36 0.00017439542599474
41 0.00018725926302105958
45 0.000005846154498803574
47 0.0008126674302452151
48 0.00028258006022830796
50 0.00004529586521301164
52 0.0004722432184548375
54 0.000160544392965215
60 0.000012924366889422343
65 0.004197133924320465
76 0.0009504904821894923
93 0.0006907477305171405
95 0.00047924075143787115
96 0.00042730158096661747
97 0.0000602039675312256
98 0.0005977793231091805
100 0.00014427673725646523
119 0.000308970277376323
121 0.0002131283281512035
134 0.0004048323475035409
140 0.0002005952689646678
159 0.0011269415596693957
168 0.00004914275771090647
172 0.00023913727761189357
180 0.0002526001287307366
186 0.00040692219849536895
195 0.00021509233277500263
203 0.0006273679598246524
214 0.0002477233572712043
242 0.003854672686360269
243 0.0007709345372720537
259 0.0006815228846822916
335 0.0025154686108705584
447 0.0006464403017122036
454 0.001150908910193625
456 0.00040485246840563934
491 0.0011089190631711448
519 0.0004221783120451008
530 0.0002736737953600468
540 0.003389256713320166
543 0.0009060445366416521
550 0.0008056162688366655
582 0.005171522413697629
727 0.0005494856956725966
776 0.0004154682322153874
793 0.0005759876441280593
870 0.0006075174674600367
1046 0.0007709345372720537
1066 0.00048193069598779744
1207 0.0007709345372720537
1263 0.0006075174674600367
1264 0.0012150349349200735
1356 0.0005648761188866944
1393 0.0005878935028388465
1397 0.0006750724671448359
1403 0.0006649717304210047
1665 0.0007533803027405932
1688 0.0022740332122769364
1689 0.000953975571705261
1690 0.0011370166061384682
1691 0.021603315516630896
1692 0.004086122285560241
1693 0.01225836685668072
1694 0.000953975571705261
1695 0.014781215879800086
1696 0.0011370166061384682
1697 0.0022740332122769364
1698 0.000953975571705261
1699 0.0009060445366416521
1700 0.0011370166061384682
1701 0.0007533803027405932
1702 0.0022740332122769364
1703 0.000790558501893244
1704 0.0011370166061384682
1705 0.0011370166061384682
1706 0.0011370166061384682
1707 0.0007709345372720537