0 0.00010360515709016387
6 0.00009064908770164895
10 0.00004185331638722455
25 0.00004914275771090647
26 0.000018360514340706863
27 0.000026602204202227678
28 0.000014329171044437778
29 0.000016009284857852372
31 0.000022094106842319594
34 0.00011936985864893924
37 0.0015951728565143436
45 0.000011692308997607148
48 0.00014129003011415398
50 0.00031707105649108144
56 0.00034358542739842214
59 0.000006462183444711172
60 0.000038773100668267026
74 0.0001314382268441069
75 0.0009269711948352643
78 0.0005309542669637955
81 0.0006678080987797565
87 0.0007361723269582895
89 0.00033798452589909114
91 0.00023463399997311992
100 0.00028855347451293045
104 0.0006973202833102012
115 0.0007096674962648366
121 0.001705026625209628
122 0.00030783737547859243
125 0.00038013792159427004
134 0.00020241617375177045
138 0.0017998931848018755
139 0.0002495926820907704
146 0.00036481917391093806
148 0.0007897455427489431
150 0.0029500022640751187
159 0.0004226030848760234
162 0.0007601062605041926
168 0.00004914275771090647
178 0.0007709345372720537
185 0.0007016854402386539
194 0.0004339996609241885
200 0.0002833071793801778
214 0.0002477233572712043
293 0.0005065284965219635
327 0.00047869542676802046
361 0.0009210032187593025
374 0.0006220145312703716
391 0.0004605016093796513
415 0.0013299434608420094
479 0.001259530567250804
506 0.000790558501893244
545 0.0010215305713900601
553 0.0008384895369568529
555 0.00034358542739842214
613 0.0004176750344063272
624 0.00048193069598779744
670 0.0029709073075821425
714 0.0005027842686225869
734 0.0005027842686225869
742 0.00040692219849536895
806 0.0008138443969907379
842 0.000570339268307386
853 0.0005494856956725966
883 0.000953975571705261
892 0.002238345729585711
913 0.0004111404270832213
1177 0.0006220145312703716
1243 0.0005878935028388465
1412 0.0005648761188866944
1472 0.005677339970118693
1708 0.0011370166061384682
1709 0.0011370166061384682
1710 0.0011370166061384682
1711 0.0007533803027405932
1712 0.0011370166061384682
1713 0.000953975571705261
1714 0.0027002898685793437
1715 0.0011370166061384682
1716 0.0056850830306923415
1717 0.0010215305713900601
1718 0.0011370166061384682
1719 0.0011370166061384682
1720 0.0009060445366416521
1721 0.0008384895369568529
1722 0.000953975571705261
1723 0.0011370166061384682
1724 0.0005878935028388465
1725 0.001907951143410522
1726 0.0011370166061384682
1727 0.014496712586266433
1728 0.00715071399973042
1729 0.0008688663374890013
1730 0.0011370166061384682
1731 0.0010215305713900601
1732 0.0011370166061384682
1733 0.0020430611427801203
1734 0.0006378942679921852
1735 0.0011370166061384682