10 0.000010463329096806138
17 0.00024376566216822076
20 0.0002851269943544553
24 0.000509996983979533
25 0.00004914275771090647
26 0.000013770385755530148
27 0.000013301102101113839
28 0.000014329171044437778
29 0.000021345713143803165
31 0.000022094106842319594
34 0.00023873971729787848
43 0.0002495926820907704
44 0.00030172602991334203
45 0.00000876923174820536
47 0.0002708891434150717
50 0.00009059173042602328
54 0.00032108878593043
59 0.000006462183444711172
60 0.000025848733778844687
71 0.00033256580019006747
74 0.0002628764536882138
75 0.00030899039827842145
87 0.00036808616347914477
91 0.00046926799994623984
97 0.0000602039675312256
100 0.00014427673725646523
101 0.0005353974937352319
103 0.00034164535880717864
109 0.002291010506720923
110 0.0003600357507382571
124 0.00045619878530002813
129 0.003306852276633069
132 0.00019350436353001335
139 0.0002495926820907704
140 0.0002005952689646678
148 0.003553854942370244
158 0.0007530907959264412
159 0.00014086769495867446
168 0.00009828551542181294
169 0.0002663490497050791
172 0.0011956863880594679
185 0.0004677902934924359
194 0.0004339996609241885
195 0.00021509233277500263
202 0.0006156747509571849
219 0.0003616150149759352
220 0.0032397748066514253
222 0.0014992753692367232
232 0.0005182941691667408
234 0.00038363630339787504
241 0.000466348213813385
251 0.0003066922772966927
259 0.0003407614423411458
278 0.0004991223381462831
283 0.00612918342834036
300 0.00015131149740680623
301 0.0002517773560482004
361 0.0004605016093796513
370 0.004221783120451008
376 0.0008688663374890013
384 0.003350867987376143
392 0.00047869542676802046
395 0.0006378942679921852
469 0.00048193069598779744
475 0.0002526001287307366
502 0.003083738149088215
549 0.0005759876441280593
601 0.0004176750344063272
623 0.0004605016093796513
652 0.000953975571705261
667 0.0033753623357241796
675 0.0006007160688395344
713 0.0005544595315855724
719 0.0005544595315855724
741 0.0006750724671448359
767 0.0008138443969907379
849 0.000685825303055794
851 0.00046935029736931276
871 0.0014750011320375594
874 0.0008128063180586093
881 0.001259530567250804
913 0.0008222808541664426
940 0.0005544595315855724
1208 0.0006649717304210047
1501 0.0007230035022084448
1569 0.0010215305713900601
1574 0.0009060445366416521
1596 0.0006220145312703716
1597 0.0006554485025236457
1651 0.0010215305713900601
1701 0.0007533803027405932
1722 0.000953975571705261
1736 0.0011370166061384682
1737 0.0011370166061384682
1738 0.0010215305713900601
1739 0.0022740332122769364
1740 0.0034110498184154047
1741 0.004548066424553873
1742 0.004548066424553873
1743 0.0011370166061384682
1744 0.0011370166061384682
1745 0.0010215305713900601
1746 0.0022740332122769364
1747 0.000953975571705261
1748 0.0008688663374890013
1749 0.0007533803027405932
1750 0.0008384895369568529