6 0.0003172718069557713
10 0.000020926658193612276
15 0.0002213487737571575
25 0.00004914275771090647
26 0.000013770385755530148
27 0.000013301102101113839
28 0.00002388195174072963
29 0.000021345713143803165
31 0.000011047053421159797
34 0.00023873971729787848
45 0.00000876923174820536
49 0.0004463767865886142
50 0.00004529586521301164
59 0.000012924366889422343
60 0.000025848733778844687
67 0.004192574177935513
68 0.004833697613019993
74 0.0001314382268441069
76 0.00023762262054737309
87 0.00036808616347914477
92 0.0014592766956437523
93 0.0006907477305171405
96 0.00007121693016110292
97 0.0001204079350624512
103 0.000256234019105384
119 0.000617940554752646
134 0.00020241617375177045
138 0.0005999643949339585
139 0.0002495926820907704
140 0.0004011905379293356
146 0.00036481917391093806
159 0.00014086769495867446
166 0.0004605016093796513
168 0.00004914275771090647
203 0.0003136839799123262
239 0.001371650606111588
259 0.0013630457693645831
266 0.0006021638897794608
417 0.0003600357507382571
449 0.0029876468762099952
451 0.0012014321376790688
456 0.004858229620867672
470 0.00044672424919219483
550 0.0008056162688366655
617 0.0006146083728946911
618 0.0009771920599575008
625 0.0006378942679921852
776 0.0008309364644307748
829 0.0006220145312703716
849 0.000685825303055794
870 0.0006075174674600367
913 0.0008222808541664426
1065 0.0039736550485383266
1158 0.0015067606054811865
1160 0.0007096674962648366
1403 0.0013299434608420094
1426 0.0023716755056797318
1648 0.0006075174674600367
1666 0.0017377326749780026
1668 0.00453022268320826
1675 0.0010215305713900601
1677 0.0008688663374890013
1683 0.000953975571705261
1684 0.000953975571705261
1703 0.000790558501893244
1751 0.0020430611427801203
1752 0.0009060445366416521
1753 0.0008688663374890013
1754 0.027581325427531625
1755 0.0022740332122769364
1756 0.000790558501893244
1757 0.0006554485025236457
1758 0.0020430611427801203
1759 0.0011370166061384682
1760 0.0011370166061384682
1761 0.0010215305713900601