0 0.00020721031418032774
6 0.00011331135962706119
10 0.00012555994916167365
15 0.00011067438687857875
24 0.0002549984919897665
25 0.00014742827313271942
26 0.000009180257170353432
27 0.000013301102101113839
28 0.000019105561392583703
29 0.000016009284857852372
30 0.00008005552081252168
31 0.000016570580131739694
32 0.0001446627800658901
34 0.0004177945052712873
41 0.00018725926302105958
45 0.000005846154498803574
48 0.00028258006022830796
50 0.00004529586521301164
56 0.00034358542739842214
59 0.000006462183444711172
60 0.000012924366889422343
91 0.0007039019999193597
95 0.00047924075143787115
96 0.0004985185111277203
97 0.00018061190259367678
100 0.00014427673725646523
130 0.00036808616347914477
137 0.000570339268307386
138 0.0008999465924009378
139 0.0002495926820907704
142 0.000904198535777999
167 0.001592568130878902
168 0.00004914275771090647
172 0.0009565491104475743
173 0.0007096674962648366
174 0.0004111404270832213
186 0.0008138443969907379
195 0.00043018466555000526
240 0.0005065284965219635
252 0.00021183173694126436
262 0.0003464581042452242
265 0.00024220853747341272
278 0.0004991223381462831
355 0.000685825303055794
370 0.0004221783120451008
418 0.0011370166061384682
419 0.0007533803027405932
420 0.0022740332122769364
421 0.009193775142510541
422 0.007959116242969277
423 0.000953975571705261
424 0.002606599012467004
425 0.0011370166061384682
426 0.02046629891049243
427 0.000953975571705261
428 0.0007375005660187797
429 0.0004755217854866652
430 0.0009976974005702023
431 0.0018120890732833041
432 0.007959116242969277
433 0.007959116242969277
434 0.00032731777168967243
435 0.00044410039764801966
436 0.0012292167457893823
437 0.00043897349683716435
438 0.0007096674962648366