6 0.00009064908770164895
8 0.000920996974022854
10 0.00005231664548403069
15 0.000055337193439289376
25 0.00004914275771090647
26 0.00002295064292588358
27 0.00004655385735389843
28 0.00002388195174072963
29 0.000016009284857852372
31 0.000022094106842319594
34 0.00017905478797340885
45 0.000014615386247008935
50 0.00009059173042602328
57 0.0005405050727592154
59 0.000019386550334133513
60 0.00005169746755768937
76 0.00023762262054737309
80 0.0003393671988105698
81 0.001335616197559513
93 0.0002302492435057135
100 0.00014427673725646523
103 0.00008541133970179466
119 0.0001544851386881615
126 0.0036241781465666083
134 0.0004048323475035409
137 0.000570339268307386
138 0.0005999643949339585
143 0.0002681502686494669
148 0.0015794910854978863
158 0.0007530907959264412
163 0.00029998219746697925
167 0.0006370272523515608
168 0.00004914275771090647
213 0.00036481917391093806
251 0.0003066922772966927
271 0.0008830344552307394
296 0.0006649717304210047
372 0.0007107716720472983
392 0.00047869542676802046
393 0.0028915841759267844
398 0.0003632093920196124
417 0.0003600357507382571
430 0.00033256580019006747
446 0.0004176750344063272
458 0.0003818350844534872
488 0.0005648761188866944
493 0.0011519752882561186
624 0.00048193069598779744
660 0.0017377326749780026
667 0.0006750724671448359
713 0.0005544595315855724
734 0.0005027842686225869
735 0.0029709073075821425
752 0.0006649717304210047
814 0.0018120890732833041
913 0.0008222808541664426
940 0.0005544595315855724
1114 0.0014193349925296732
1136 0.013415832591309646
1137 0.0007533803027405932
1360 0.0005941814615164285
1762 0.0022740332122769364
1763 0.021603315516630896
1764 0.017055249092077025
1765 0.015322958570850902
1766 0.0034110498184154047
1767 0.0007096674962648366
1768 0.000953975571705261
1769 0.000953975571705261
1770 0.000953975571705261
1771 0.000953975571705261
1772 0.00306459171417018
1773 0.0009060445366416521
1774 0.0007096674962648366