0 0.00010360515709016387
5 0.0001350647307564619
10 0.000020926658193612276
23 0.0001917778078759736
25 0.00004914275771090647
26 0.000009180257170353432
27 0.000013301102101113839
28 0.000009552780696291852
29 0.000021345713143803165
30 0.00008005552081252168
31 0.00003314116026347939
32 0.00021699417009883517
34 0.00005968492932446962
41 0.00018725926302105958
45 0.00000876923174820536
54 0.000160544392965215
59 0.000006462183444711172
60 0.000012924366889422343
71 0.00033256580019006747
74 0.0001314382268441069
93 0.0002302492435057135
95 0.0005477037159289957
96 0.0004985185111277203
97 0.00018061190259367678
102 0.0003910424617735554
117 0.0019272860409248883
121 0.0002131283281512035
124 0.0011404969632500704
125 0.00019006896079713502
134 0.0004048323475035409
140 0.0002005952689646678
144 0.0006259011852042593
168 0.00009828551542181294
172 0.00047827455522378713
221 0.0008180359272162828
235 0.000244549715989849
265 0.0009688341498936509
266 0.0006021638897794608
300 0.0015131149740680624
392 0.00047869542676802046
475 0.0002526001287307366
554 0.0003600357507382571
594 0.0011636684971235863
671 0.0003910424617735554
682 0.001581117003786488
766 0.0006378942679921852
776 0.0008309364644307748
833 0.0005065284965219635
940 0.0005544595315855724
1048 0.0007096674962648366
1132 0.00044410039764801966
1164 0.0009060445366416521
1177 0.0006220145312703716
1256 0.0029500022640751187
1284 0.0007230035022084448
1634 0.0007230035022084448
1775 0.004548066424553873
1776 0.006502450544468874
1777 0.005107652856950301
1778 0.005107652856950301
1779 0.0007533803027405932
1780 0.0034110498184154047
1781 0.000790558501893244
1782 0.000685825303055794
1783 0.0010215305713900601
1784 0.000790558501893244
1785 0.0005648761188866944
1786 0.0010215305713900601