6 0.00011331135962706119
10 0.00004185331638722455
23 0.0001917778078759736
25 0.00004914275771090647
26 0.000009180257170353432
27 0.00001995165315167076
28 0.000019105561392583703
29 0.000021345713143803165
31 0.000016570580131739694
32 0.00021699417009883517
34 0.00005968492932446962
41 0.00018725926302105958
43 0.0001247963410453852
44 0.00015086301495667102
45 0.000005846154498803574
50 0.00036236692170409313
59 0.000006462183444711172
60 0.000012924366889422343
87 0.00036808616347914477
91 0.0007039019999193597
92 0.00036481917391093806
95 0.0005477037159289957
96 0.0004985185111277203
97 0.0001204079350624512
102 0.0003910424617735554
103 0.00008541133970179466
119 0.000308970277376323
124 0.00022809939265001406
139 0.0008735743873176963
146 0.00036481917391093806
168 0.00004914275771090647
172 0.00023913727761189357
183 0.006502450544468874
185 0.0004677902934924359
214 0.0002477233572712043
235 0.000244549715989849
265 0.00024220853747341272
300 0.00045393449222041863
301 0.000755332068144601
312 0.0004885960299787504
475 0.0002526001287307366
488 0.0005648761188866944
489 0.0006146083728946911
493 0.0005759876441280593
509 0.00047869542676802046
538 0.00037310999523034225
550 0.00040280813441833274
602 0.0009910783300010088
624 0.00048193069598779744
636 0.0007533803027405932
778 0.0016256126361172186
827 0.0007533803027405932
921 0.002303950576512237
1209 0.007546405832611676
1305 0.0006973202833102012
1397 0.0006750724671448359
1421 0.001581117003786488
1793 0.0010215305713900601
1794 0.023877348728907833
1795 0.0011370166061384682
1796 0.0010215305713900601
1797 0.0011370166061384682
1798 0.004548066424553873