0 0.00010360515709016387
6 0.00020396044732871014
10 0.00005231664548403069
15 0.000055337193439289376
23 0.0001917778078759736
25 0.00004914275771090647
26 0.000009180257170353432
27 0.00001995165315167076
28 0.000014329171044437778
29 0.000021345713143803165
30 0.00016011104162504336
31 0.000016570580131739694
32 0.00021699417009883517
34 0.00005968492932446962
41 0.00018725926302105958
43 0.0001247963410453852
44 0.00015086301495667102
45 0.000005846154498803574
50 0.00004529586521301164
57 0.0003603367151728103
59 0.000006462183444711172
60 0.000012924366889422343
77 0.0008779469936743287
81 0.001335616197559513
91 0.00046926799994623984
95 0.0005477037159289957
96 0.0005697354412888233
97 0.0000602039675312256
103 0.00008541133970179466
108 0.0002542579645943101
122 0.00030783737547859243
124 0.00022809939265001406
134 0.00020241617375177045
136 0.00029565439233481325
148 0.00039487277137447156
166 0.0013815048281389537
168 0.00004914275771090647
195 0.0008603693311000105
251 0.0003066922772966927
252 0.0004236634738825287
256 0.0036863852328214053
263 0.000790558501893244
266 0.0003010819448897304
303 0.0004090179636081414
311 0.00033798452589909114
451 0.0006007160688395344
458 0.0003818350844534872
482 0.0008056162688366655
488 0.0011297522377733888
489 0.0006146083728946911
493 0.0011519752882561186
525 0.0006220145312703716
540 0.001694628356660083
541 0.0023716755056797318
548 0.005273662119184152
612 0.0020252174014345073
636 0.0015067606054811865
713 0.0077624334421980135
735 0.0029709073075821425
740 0.0005595864323964277
878 0.0006378942679921852
966 0.0006464403017122036
1007 0.0008688663374890013
1069 0.0003968214617715378
1086 0.0005446560494091424
1263 0.0018225524023801102
1269 0.0006007160688395344
1284 0.0007230035022084448
1648 0.0012150349349200735
1799 0.0007709345372720537
1800 0.0008688663374890013
1801 0.0007375005660187797
1802 0.0008128063180586093