0 0.00010360515709016387
2 0.001816046960098062
6 0.00009064908770164895
8 0.0006907477305171405
10 0.00005231664548403069
13 0.0003124981305672972
15 0.000055337193439289376
24 0.0003824977379846497
25 0.00004914275771090647
26 0.000018360514340706863
27 0.000013301102101113839
28 0.000009552780696291852
29 0.000010672856571901583
31 0.000016570580131739694
34 0.00005968492932446962
45 0.000011692308997607148
50 0.00004529586521301164
54 0.0009632663577912898
59 0.000006462183444711172
60 0.000038773100668267026
67 0.0003493811814946261
71 0.0006651316003801349
74 0.0001314382268441069
87 0.0007361723269582895
97 0.0001204079350624512
103 0.00008541133970179466
111 0.0004724074680904385
136 0.0008869631770044397
144 0.0016690698272113582
162 0.0011401593907562888
168 0.00004914275771090647
169 0.0002663490497050791
172 0.00023913727761189357
188 0.0005182941691667408
214 0.0004954467145424086
247 0.0012595133201682067
250 0.001175787005677693
251 0.001226769109186771
265 0.00048441707494682545
276 0.0007394879986854364
300 0.00030262299481361246
301 0.0005035547120964008
328 0.0003260311928669616
391 0.0004605016093796513
481 0.0004339996609241885
549 0.0005759876441280593
611 0.001061908533927591
668 0.007130177538197142
669 0.004753451692131428
775 0.00036481917391093806
805 0.0005353974937352319
820 0.0031488264181270104
913 0.0008222808541664426
933 0.0005224082332437771
1051 0.0013501449342896718
1142 0.00040280813441833274
1350 0.000685825303055794
1397 0.0006750724671448359
1521 0.0005878935028388465
1823 0.0011370166061384682
1824 0.0008384895369568529
1825 0.006938410835448483
1826 0.0020430611427801203
1827 0.0011370166061384682
1828 0.0008688663374890013