5 0.0004051941922693857
8 0.000460498487011427
10 0.000020926658193612276
15 0.00011067438687857875
20 0.00014256349717722765
23 0.0001917778078759736
24 0.00012749924599488326
25 0.00009828551542181294
26 0.000009180257170353432
27 0.00003990330630334152
28 0.000028658342088875557
29 0.00002668214142975396
30 0.00008005552081252168
31 0.0000055235267105798985
32 0.0002893255601317802
34 0.00023873971729787848
45 0.000005846154498803574
50 0.00018118346085204656
52 0.000944486436909675
54 0.000160544392965215
59 0.000006462183444711172
60 0.000038773100668267026
67 0.0003493811814946261
78 0.00584049693660175
91 0.0007039019999193597
92 0.0007296383478218761
97 0.0000602039675312256
100 0.00014427673725646523
101 0.0005353974937352319
103 0.00008541133970179466
116 0.0005353974937352319
124 0.00022809939265001406
139 0.0002495926820907704
140 0.0002005952689646678
143 0.0002681502686494669
161 0.00032348746208875627
168 0.00004914275771090647
172 0.0011956863880594679
180 0.0002526001287307366
185 0.00023389514674621796
195 0.00021509233277500263
222 0.0014992753692367232
265 0.0016954597623138887
299 0.0022468738904773775
300 0.00015131149740680623
308 0.002123817067855182
313 0.0006378942679921852
454 0.00038363630339787504
475 0.0002526001287307366
494 0.0007709345372720537
509 0.00047869542676802046
519 0.0004221783120451008
540 0.0005648761188866944
550 0.0008056162688366655
853 0.0005494856956725966
913 0.0004111404270832213
959 0.002430069869840147
1031 0.0006554485025236457
1069 0.0003968214617715378
1177 0.007464174375244459
1392 0.001907951143410522
1483 0.003083738149088215
1802 0.0008128063180586093
1808 0.0006007160688395344
1829 0.0022740332122769364
1830 0.0010215305713900601
1831 0.0022740332122769364
1832 0.0022740332122769364
1833 0.0022740332122769364
1834 0.017377326749780028
1835 0.0072483562931332166
1836 0.0006750724671448359
1837 0.000790558501893244
1838 0.0010215305713900601
1839 0.004086122285560241
1840 0.0011370166061384682
1841 0.0011370166061384682
1842 0.0011370166061384682
1843 0.0011370166061384682
1844 0.0011370166061384682
1845 0.0011370166061384682
1846 0.0011370166061384682
1847 0.0010215305713900601