6 0.00009064908770164895
8 0.0006907477305171405
10 0.000020926658193612276
15 0.00016601158031786812
25 0.00004914275771090647
26 0.000027540771511060296
27 0.0000066505510505569195
28 0.000019105561392583703
29 0.000016009284857852372
31 0.000027617633552899494
45 0.000014615386247008935
48 0.00014129003011415398
50 0.00004529586521301164
59 0.000006462183444711172
60 0.00005169746755768937
91 0.00046926799994623984
100 0.00014427673725646523
101 0.0005353974937352319
102 0.0003910424617735554
109 0.0026728455911744103
134 0.00020241617375177045
139 0.000623981705226926
146 0.00036481917391093806
153 0.00022952953988283507
165 0.00046935029736931276
167 0.0003185136261757804
252 0.00021183173694126436
262 0.0003464581042452242
300 0.00045393449222041863
370 0.0004221783120451008
393 0.0009638613919755949
435 0.00044410039764801966
538 0.00037310999523034225
569 0.000685825303055794
663 0.0006973202833102012
681 0.001140678536614772
1252 0.0017110178049221578
1859 0.008172244571120481
1860 0.0023716755056797318
1861 0.003475465349956005
1862 0.0011370166061384682