5 0.0002701294615129238
6 0.00015863590347788565
10 0.0001569499364520921
15 0.00016601158031786812
20 0.00014256349717722765
25 0.00004914275771090647
26 0.000009180257170353432
27 0.00001995165315167076
28 0.000014329171044437778
29 0.000016009284857852372
30 0.00024016656243756505
31 0.000016570580131739694
32 0.0001446627800658901
34 0.00011936985864893924
43 0.0001247963410453852
44 0.00015086301495667102
45 0.000005846154498803574
48 0.00014129003011415398
50 0.00009059173042602328
51 0.0010448164664875542
52 0.0004722432184548375
53 0.005828723274939217
54 0.0011238107507565048
55 0.0004520992678889995
59 0.000019386550334133513
60 0.000012924366889422343
74 0.0002628764536882138
91 0.0023463399997311995
92 0.00036481917391093806
95 0.00041077778694674673
96 0.00042730158096661747
97 0.0000602039675312256
100 0.00014427673725646523
103 0.00017082267940358932
108 0.0002542579645943101
117 0.0007709144163699553
121 0.000426256656302407
122 0.0009235121264357772
124 0.00045619878530002813
133 0.0006495089459653231
134 0.0004048323475035409
140 0.0002005952689646678
159 0.0002817353899173489
164 0.00033123821444378676
168 0.00004914275771090647
169 0.0002663490497050791
175 0.00028530254609905744
179 0.003016705611735521
185 0.0004677902934924359
202 0.0009235121264357772
235 0.000244549715989849
255 0.0019130982208951485
278 0.0004991223381462831
362 0.00029998219746697925
389 0.0013645597006769338
417 0.0003600357507382571
430 0.00033256580019006747
439 0.0005266264618316295
440 0.0013901978018369889
441 0.0008128063180586093
442 0.00036481917391093806
443 0.000685825303055794
444 0.005878935028388465
445 0.002312803611816161
446 0.0016707001376253087
447 0.0006464403017122036
448 0.0006464403017122036
449 0.0038412602694128514
450 0.000685825303055794
451 0.0006007160688395344
452 0.0005399624677752377
453 0.0011370166061384682
454 0.001150908910193625
455 0.00093269642762677