0 0.00010360515709016387
2 0.001089628176058837
5 0.0005402589230258477
6 0.00009064908770164895
10 0.00004185331638722455
13 0.0006249962611345944
14 0.00026456709550368824
15 0.00011067438687857875
24 0.00012749924599488326
25 0.00009828551542181294
26 0.000009180257170353432
27 0.0000066505510505569195
28 0.000019105561392583703
29 0.000021345713143803165
31 0.000022094106842319594
34 0.00005968492932446962
36 0.00052318627798422
41 0.00037451852604211916
45 0.000005846154498803574
47 0.0002708891434150717
52 0.00023612160922741876
59 0.000006462183444711172
60 0.000012924366889422343
67 0.0006987623629892522
68 0.001611232537673331
69 0.0034691148736647986
78 0.0005309542669637955
97 0.0000602039675312256
98 0.0005977793231091805
119 0.000308970277376323
124 0.00022809939265001406
132 0.00019350436353001335
172 0.00023913727761189357
180 0.0005052002574614732
203 0.0006273679598246524
219 0.0003616150149759352
221 0.0008180359272162828
222 0.0007496376846183616
252 0.000635495210823793
262 0.0010393743127356727
300 0.0007565574870340312
304 0.0017769291801182456
306 0.001882726989816103
442 0.00036481917391093806
470 0.0008934484983843897
550 0.0012084244032549982
572 0.0005224082332437771
585 0.0003987932141285859
601 0.0004176750344063272
783 0.006649717304210046
930 0.0005648761188866944
949 0.0021290024887945097
1110 0.001371650606111588
1193 0.0005309542669637955
1312 0.004654802112947032
1555 0.0017377326749780026
1556 0.0017377326749780026
1557 0.000953975571705261
1863 0.003083738149088215
1864 0.002312803611816161
1865 0.000953975571705261