0 0.00010360515709016387
5 0.0002701294615129238
6 0.0001359736315524734
10 0.00004185331638722455
14 0.00026456709550368824
15 0.00011067438687857875
17 0.00024376566216822076
20 0.00014256349717722765
25 0.00004914275771090647
26 0.00003213090009623701
27 0.000026602204202227678
28 0.000009552780696291852
29 0.000010672856571901583
31 0.000022094106842319594
34 0.00017905478797340885
45 0.000014615386247008935
50 0.00018118346085204656
54 0.00032108878593043
57 0.0003603367151728103
59 0.000019386550334133513
60 0.00005169746755768937
76 0.00023762262054737309
79 0.0005759876441280593
80 0.0003393671988105698
87 0.0011042584904374343
89 0.00033798452589909114
91 0.00046926799994623984
92 0.0007296383478218761
95 0.00013692592898224894
97 0.0000602039675312256
103 0.00008541133970179466
119 0.0001544851386881615
130 0.00036808616347914477
132 0.00019350436353001335
133 0.00032475447298266157
139 0.0002495926820907704
144 0.0008345349136056791
146 0.0010944575217328141
156 0.0007709345372720537
164 0.0006624764288875735
168 0.00014742827313271942
169 0.0005326980994101582
185 0.00023389514674621796
194 0.000867999321848377
202 0.00030783737547859243
217 0.0020149304765594554
219 0.0014464600599037407
221 0.0004090179636081414
223 0.0020208010298458927
255 0.0007174118328356807
259 0.0013630457693645831
300 0.0009078689844408373
301 0.0005035547120964008
328 0.0003260311928669616
444 0.0041152545198719255
469 0.0009638613919755949
475 0.0002526001287307366
512 0.00044672424919219483
639 0.0018194129342359118
679 0.000685825303055794
725 0.000685825303055794
738 0.0006750724671448359
742 0.0008138443969907379
754 0.0006973202833102012
797 0.0004755217854866652
839 0.0004755217854866652
870 0.0006075174674600367
876 0.0007375005660187797
943 0.0007096674962648366
944 0.004064031590293046
1036 0.000867999321848377
1038 0.0005103588061228796
1193 0.0005309542669637955
1866 0.0016769790739137058
1867 0.0010215305713900601
1868 0.0018225524023801102