6 0.00015863590347788565
10 0.00005231664548403069
15 0.0002213487737571575
17 0.000975062648672883
24 0.0002549984919897665
25 0.00004914275771090647
26 0.000013770385755530148
27 0.00003990330630334152
28 0.000014329171044437778
29 0.000016009284857852372
31 0.000022094106842319594
32 0.00021699417009883517
43 0.0001247963410453852
44 0.00015086301495667102
45 0.000005846154498803574
50 0.0001358875956390349
59 0.000012924366889422343
60 0.000012924366889422343
74 0.0001314382268441069
76 0.00023762262054737309
89 0.00033798452589909114
91 0.00046926799994623984
92 0.0007296383478218761
94 0.0004885960299787504
95 0.00047924075143787115
96 0.0004985185111277203
97 0.0000602039675312256
100 0.00014427673725646523
103 0.00008541133970179466
108 0.0005085159291886202
119 0.000308970277376323
134 0.00020241617375177045
151 0.0003393671988105698
164 0.0009937146433313601
168 0.00009828551542181294
169 0.0002663490497050791
175 0.00028530254609905744
200 0.0002833071793801778
214 0.0007431700718136128
339 0.006124305673474556
341 0.0010215305713900601
343 0.007377994235711205
434 0.00032731777168967243
446 0.0004176750344063272
515 0.00043897349683716435
550 0.00040280813441833274
613 0.0004176750344063272
742 0.0008138443969907379
793 0.0005759876441280593
831 0.0006220145312703716
865 0.0004520992678889995
1047 0.006146083728946912
1265 0.0016769790739137058
1548 0.0014460070044168896
1642 0.0006146083728946911
1869 0.0021290024887945097
1870 0.009966489903058172
1871 0.002861926715115783
1872 0.0008688663374890013