0 0.00010360515709016387
6 0.00011331135962706119
10 0.00003138998729041841
13 0.0006249962611345944
15 0.00016601158031786812
17 0.00024376566216822076
25 0.00004914275771090647
26 0.000009180257170353432
27 0.0000066505510505569195
28 0.000009552780696291852
29 0.000010672856571901583
30 0.00008005552081252168
31 0.000038664686974059284
34 0.00017905478797340885
37 0.0003987932141285859
45 0.000005846154498803574
50 0.00004529586521301164
59 0.000006462183444711172
60 0.000012924366889422343
91 0.00046926799994623984
92 0.00036481917391093806
119 0.0001544851386881615
125 0.0007602758431885401
132 0.00058051309059004
153 0.00045905907976567014
168 0.00004914275771090647
169 0.0002663490497050791
185 0.0009355805869848718
188 0.0005182941691667408
203 0.0003136839799123262
255 0.0007174118328356807
300 0.0006052459896272249
475 0.0002526001287307366
742 0.0008138443969907379
1049 0.000629765283625402
1513 0.0006378942679921852
1873 0.0022740332122769364
1874 0.000629765283625402
1875 0.00226014090822178