0 0.00010360515709016387
5 0.0004051941922693857
6 0.00009064908770164895
10 0.00005231664548403069
15 0.000055337193439289376
18 0.0006345860527207468
24 0.0002549984919897665
25 0.00004914275771090647
26 0.000018360514340706863
27 0.00001995165315167076
28 0.000019105561392583703
29 0.000016009284857852372
30 0.00008005552081252168
31 0.0000055235267105798985
32 0.00007233139003294505
34 0.00017905478797340885
41 0.00018725926302105958
43 0.0001247963410453852
44 0.00015086301495667102
45 0.000005846154498803574
50 0.00004529586521301164
52 0.004486310575320956
53 0.0040801062924574515
54 0.00032108878593043
59 0.000032310917223555856
60 0.000012924366889422343
74 0.0001314382268441069
77 0.0008779469936743287
95 0.0005477037159289957
96 0.0004985185111277203
97 0.0002408158701249024
98 0.0005977793231091805
102 0.0003910424617735554
103 0.0004270566985089733
124 0.00022809939265001406
133 0.00032475447298266157
139 0.0001247963410453852
140 0.0002005952689646678
142 0.000904198535777999
143 0.0005363005372989338
159 0.0002817353899173489
161 0.00032348746208875627
168 0.00004914275771090647
172 0.00023913727761189357
185 0.0004677902934924359
214 0.0002477233572712043
235 0.000244549715989849
255 0.00023913727761189357
265 0.00024220853747341272
267 0.0005494856956725966
278 0.0004991223381462831
309 0.004739638156484665
324 0.0006554485025236457
327 0.0009573908535360409
439 0.001053252923663259
440 0.0013901978018369889
584 0.00557856226648161
585 0.0007975864282571718
671 0.0003910424617735554
690 0.0007230035022084448
703 0.0004991223381462831
840 0.0025139213431129345
933 0.0005224082332437771
1066 0.00048193069598779744
1245 0.0024384189541758277
1566 0.0006007160688395344
1757 0.0006554485025236457
1878 0.002606599012467004
1879 0.001907951143410522
1880 0.008585780145347348
1881 0.000953975571705261
1882 0.0010215305713900601