0 0.00010360515709016387
5 0.0001350647307564619
6 0.0002492849911795346
10 0.00009416996187125524
13 0.0003124981305672972
15 0.00016601158031786812
18 0.0003172930263603734
25 0.00004914275771090647
26 0.000018360514340706863
27 0.000026602204202227678
28 0.00002388195174072963
29 0.000021345713143803165
30 0.00008005552081252168
31 0.0000055235267105798985
32 0.00007233139003294505
41 0.00018725926302105958
43 0.0001247963410453852
44 0.00015086301495667102
45 0.000011692308997607148
49 0.0002231883932943071
50 0.00004529586521301164
51 0.0005224082332437771
57 0.0009008417879320257
59 0.000006462183444711172
60 0.000012924366889422343
67 0.004891336540924765
68 0.004833697613019993
72 0.0003697439993427182
74 0.0001314382268441069
80 0.0010181015964317096
81 0.0010017121481696349
82 0.0009982446762925661
91 0.0007039019999193597
93 0.0002302492435057135
95 0.0006161666804201201
96 0.0005697354412888233
97 0.00018061190259367678
98 0.00029888966155459023
103 0.00017082267940358932
124 0.0009123975706000563
133 0.0012990178919306463
139 0.0002495926820907704
148 0.0031589821709957725
159 0.0016904123395040935
164 0.00033123821444378676
165 0.00046935029736931276
168 0.00009828551542181294
169 0.0002663490497050791
195 0.00021509233277500263
223 0.001263000643653683
225 0.0005353974937352319
255 0.0016739609432832548
266 0.0003010819448897304
300 0.0006052459896272249
314 0.0012928806034244072
354 0.0049553916500050445
362 0.0014999109873348963
367 0.0005759876441280593
368 0.0005494856956725966
369 0.0005544595315855724
372 0.0007107716720472983
393 0.00048193069598779744
417 0.0007200715014765141
456 0.00040485246840563934
458 0.0003818350844534872
483 0.0019002656512604817
496 0.0006987623629892522
538 0.00037310999523034225
611 0.0005309542669637955
622 0.00226014090822178
636 0.0007533803027405932
654 0.00309838587099343
659 0.0057840280176675585
690 0.0007230035022084448
783 0.00864463249547306
797 0.0019020871419466608
839 0.0009510435709733304
1181 0.0005266264618316295
1312 0.0006649717304210047
1314 0.0005446560494091424
1652 0.0010215305713900601
1703 0.001581117003786488
1883 0.01225836685668072
1884 0.005533909513252707
1885 0.0056850830306923415
1886 0.0022740332122769364
1887 0.000953975571705261
1888 0.0024384189541758277
1889 0.0056850830306923415
1890 0.0021690105066253344
1891 0.0007230035022084448