0 0.00010360515709016387
5 0.0001350647307564619
6 0.00009064908770164895
10 0.00006277997458083683
15 0.00016601158031786812
23 0.0003835556157519472
24 0.0006374962299744162
26 0.000018360514340706863
27 0.00004655385735389843
28 0.000014329171044437778
29 0.000016009284857852372
31 0.000022094106842319594
32 0.00007233139003294505
34 0.00023873971729787848
36 0.00017439542599474
41 0.00037451852604211916
43 0.0001247963410453852
44 0.00015086301495667102
45 0.000014615386247008935
50 0.00004529586521301164
54 0.00032108878593043
57 0.00018016835758640515
59 0.000006462183444711172
60 0.000012924366889422343
72 0.0011092319980281545
74 0.0001314382268441069
95 0.00041077778694674673
96 0.0007121693016110291
97 0.0001204079350624512
100 0.00014427673725646523
103 0.00008541133970179466
124 0.0011404969632500704
125 0.00038013792159427004
136 0.0008869631770044397
138 0.0008999465924009378
139 0.0004991853641815408
153 0.00022952953988283507
159 0.0002817353899173489
160 0.002633840981022986
162 0.0011401593907562888
168 0.00004914275771090647
169 0.0002663490497050791
170 0.0008779469936743287
172 0.00023913727761189357
176 0.0004576534865273853
203 0.0003136839799123262
217 0.004925385609367558
223 0.004041602059691785
241 0.000466348213813385
252 0.0004236634738825287
262 0.0006929162084904484
300 0.00045393449222041863
305 0.0005648761188866944
311 0.0013519381035963646
331 0.0006273679598246524
371 0.000790558501893244
398 0.0007264187840392248
417 0.0003600357507382571
475 0.0002526001287307366
516 0.0006378942679921852
524 0.0006220145312703716
559 0.0008688663374890013
599 0.0019964893525851323
613 0.0012530251032189816
690 0.0007230035022084448
703 0.0004991223381462831
767 0.0012207665954861067
1273 0.0006973202833102012
1566 0.0006007160688395344
1892 0.006649717304210046
1893 0.000953975571705261