0 0.00010360515709016387
5 0.0006753236537823096
6 0.00002266227192541224
10 0.00004185331638722455
15 0.000055337193439289376
18 0.0003172930263603734
20 0.00014256349717722765
25 0.00004914275771090647
26 0.000013770385755530148
27 0.00001995165315167076
28 0.000004776390348145926
29 0.000005336428285950791
30 0.00008005552081252168
31 0.0000055235267105798985
32 0.0001446627800658901
34 0.00005968492932446962
41 0.00018725926302105958
43 0.0001247963410453852
44 0.00015086301495667102
45 0.000005846154498803574
50 0.00004529586521301164
52 0.0037779457476387
53 0.002331489309975687
54 0.0004816331788956449
57 0.00018016835758640515
59 0.000019386550334133513
60 0.000006462183444711172
72 0.0003697439993427182
74 0.0001314382268441069
91 0.00046926799994623984
93 0.0002302492435057135
95 0.0006161666804201201
96 0.0005697354412888233
97 0.00018061190259367678
98 0.002690006953991312
100 0.00014427673725646523
103 0.000256234019105384
160 0.002633840981022986
168 0.00004914275771090647
170 0.00043897349683716435
172 0.00023913727761189357
185 0.00023389514674621796
195 0.00021509233277500263
219 0.0003616150149759352
226 0.0015548825075002222
259 0.0006815228846822916
297 0.0008987801682765725
298 0.0009982446762925661
299 0.0006419639687078222
300 0.00015131149740680623
327 0.00047869542676802046
328 0.0003260311928669616
333 0.0007709345372720537
380 0.0004755217854866652
417 0.0003600357507382571
446 0.004176750344063273
496 0.0003493811814946261
555 0.00034358542739842214
661 0.0006554485025236457
663 0.0006973202833102012
690 0.0007230035022084448
703 0.0004991223381462831
831 0.0006220145312703716
837 0.000953975571705261
933 0.0005224082332437771
1119 0.000629765283625402
1236 0.0008384895369568529
1260 0.000953975571705261
1894 0.0011370166061384682
1895 0.000953975571705261
1896 0.0011370166061384682
1897 0.0011370166061384682
1898 0.0011370166061384682
1899 0.0011370166061384682