6 0.00011331135962706119
10 0.00005231664548403069
15 0.00016601158031786812
24 0.000509996983979533
26 0.000027540771511060296
27 0.000026602204202227678
28 0.00002388195174072963
29 0.000021345713143803165
30 0.00008005552081252168
31 0.000011047053421159797
32 0.0002893255601317802
34 0.00023873971729787848
41 0.00018725926302105958
43 0.0001247963410453852
44 0.00015086301495667102
45 0.000014615386247008935
46 0.0013092710867586897
48 0.00014129003011415398
49 0.0002231883932943071
50 0.00009059173042602328
52 0.00023612160922741876
57 0.0003603367151728103
59 0.000032310917223555856
60 0.000012924366889422343
67 0.0010481435444838782
74 0.0001314382268441069
76 0.00047524524109474617
93 0.0002302492435057135
95 0.00020538889347337336
96 0.0004985185111277203
97 0.0000602039675312256
100 0.00014427673725646523
103 0.000256234019105384
110 0.0003600357507382571
114 0.0005941814615164285
121 0.0002131283281512035
125 0.000570206882391405
134 0.00020241617375177045
138 0.00029998219746697925
143 0.0002681502686494669
151 0.0006787343976211396
159 0.0005634707798346978
161 0.00032348746208875627
171 0.0004176750344063272
185 0.00023389514674621796
186 0.006510755175925903
195 0.00021509233277500263
240 0.0005065284965219635
300 0.0007565574870340312
416 0.0003493811814946261
417 0.0003600357507382571
466 0.0013946405666204024
530 0.0002736737953600468
539 0.0005494856956725966
604 0.017068932679230795
607 0.007096674962648366
636 0.0007533803027405932
641 0.000953975571705261
644 0.0005399624677752377
645 0.0005353974937352319
656 0.003251225272234437
700 0.0003910424617735554
703 0.0004991223381462831
743 0.0003800531302520963
808 0.000570339268307386
940 0.0005544595315855724
941 0.000953975571705261
950 0.0005353974937352319
1270 0.0009060445366416521
1577 0.001371650606111588
1900 0.0007533803027405932
1901 0.0022740332122769364
1902 0.004548066424553873
1903 0.0011370166061384682
1904 0.0011370166061384682
1905 0.0010215305713900601