5 0.0001350647307564619
10 0.000020926658193612276
15 0.000442697547514315
20 0.00014256349717722765
24 0.00012749924599488326
25 0.00004914275771090647
26 0.000013770385755530148
27 0.000013301102101113839
28 0.000014329171044437778
29 0.000010672856571901583
31 0.000027617633552899494
32 0.0001446627800658901
34 0.00005968492932446962
41 0.00018725926302105958
45 0.000005846154498803574
50 0.00009059173042602328
53 0.0014571808187348043
59 0.000019386550334133513
60 0.000012924366889422343
91 0.00046926799994623984
95 0.0005477037159289957
96 0.0004985185111277203
103 0.00008541133970179466
110 0.0003600357507382571
121 0.000426256656302407
122 0.0021548616283501468
125 0.00019006896079713502
130 0.00036808616347914477
151 0.0023755703916739884
165 0.00046935029736931276
167 0.0003185136261757804
168 0.00004914275771090647
175 0.00028530254609905744
202 0.00030783737547859243
203 0.0003136839799123262
265 0.00024220853747341272
273 0.0003697439993427182
300 0.00045393449222041863
301 0.000755332068144601
314 0.009050164223970848
342 0.0004885960299787504
351 0.00917627903533104
430 0.00033256580019006747
446 0.0004176750344063272
449 0.00042680669660142797
515 0.0008779469936743287
530 0.0002736737953600468
554 0.0003600357507382571
602 0.0019821566600020176
747 0.0007709345372720537
849 0.000685825303055794
1036 0.0004339996609241885
1142 0.00040280813441833274
1325 0.0005544595315855724
1356 0.0005648761188866944
1440 0.0006464403017122036
1497 0.0014460070044168896
1868 0.0006075174674600367
1888 0.014630513725054967
1890 0.0007230035022084448
1906 0.004192447684784265
1907 0.0010215305713900601
1908 0.0011370166061384682
1909 0.0010215305713900601