6 0.00011331135962706119
10 0.000020926658193612276
15 0.000055337193439289376
17 0.000975062648672883
20 0.00014256349717722765
26 0.000009180257170353432
27 0.00001995165315167076
28 0.000014329171044437778
29 0.000016009284857852372
30 0.00016011104162504336
31 0.000027617633552899494
32 0.0001446627800658901
34 0.00005968492932446962
41 0.00018725926302105958
43 0.0001247963410453852
44 0.00015086301495667102
45 0.00000876923174820536
50 0.00009059173042602328
59 0.000006462183444711172
60 0.000012924366889422343
75 0.0009269711948352643
91 0.00046926799994623984
95 0.00047924075143787115
96 0.0004985185111277203
97 0.0000602039675312256
103 0.00017082267940358932
108 0.0002542579645943101
109 0.0007636701689069744
121 0.0027706682659656453
122 0.0006156747509571849
134 0.0004048323475035409
136 0.00029565439233481325
148 0.00039487277137447156
151 0.0003393671988105698
158 0.0003765453979632206
164 0.00033123821444378676
165 0.006101553865801065
167 0.0006370272523515608
168 0.00014742827313271942
169 0.0002663490497050791
214 0.0002477233572712043
300 0.00015131149740680623
301 0.0002517773560482004
302 0.0015345452135915002
313 0.0006378942679921852
380 0.0004755217854866652
393 0.00048193069598779744
496 0.0003493811814946261
700 0.0011731273853206662
741 0.0006750724671448359
801 0.0009060445366416521
827 0.0007533803027405932
1147 0.0007375005660187797
1149 0.0028386699850593464
1234 0.0142543221282665
1248 0.0005353974937352319
1367 0.0007533803027405932
1459 0.00790558501893244
1768 0.000953975571705261
1934 0.0011370166061384682
1935 0.0022740332122769364
1936 0.0034110498184154047
1937 0.01225836685668072
1938 0.0006146083728946911
1939 0.0011370166061384682
1940 0.0011370166061384682