0 0.00010360515709016387
6 0.0001359736315524734
10 0.00003138998729041841
15 0.000055337193439289376
23 0.0001917778078759736
26 0.000009180257170353432
27 0.0000332527552527846
28 0.00003343473243702148
29 0.00002668214142975396
30 0.00016011104162504336
31 0.000022094106842319594
32 0.0001446627800658901
33 0.0004755217854866652
34 0.00017905478797340885
43 0.0002495926820907704
44 0.00015086301495667102
45 0.00001753846349641072
50 0.00009059173042602328
51 0.0026120411662188853
52 0.0025973377015016063
54 0.0004816331788956449
59 0.000006462183444711172
60 0.000012924366889422343
75 0.0012359615931136858
76 0.0007128678616421193
93 0.0002302492435057135
95 0.00027385185796449787
96 0.00028486772064441167
97 0.0000602039675312256
98 0.00029888966155459023
103 0.00008541133970179466
119 0.0001544851386881615
121 0.0002131283281512035
122 0.00030783737547859243
132 0.00019350436353001335
140 0.0002005952689646678
144 0.0010431686420070989
159 0.0002817353899173489
163 0.00029998219746697925
164 0.0006624764288875735
168 0.00004914275771090647
185 0.0004677902934924359
188 0.0005182941691667408
203 0.0003136839799123262
210 0.0005494856956725966
265 0.00024220853747341272
300 0.00045393449222041863
301 0.000755332068144601
311 0.00033798452589909114
437 0.00043897349683716435
448 0.005171522413697629
455 0.000466348213813385
456 0.001214557405216918
475 0.0002526001287307366
601 0.0004176750344063272
686 0.002281357073229544
721 0.0006146083728946911
793 0.0005759876441280593
1069 0.0003968214617715378
1419 0.0007375005660187797
1785 0.001694628356660083
1837 0.000790558501893244
1941 0.0009060445366416521
1942 0.000790558501893244