0 0.00020721031418032774
6 0.00009064908770164895
10 0.00004185331638722455
20 0.00014256349717722765
23 0.0003835556157519472
24 0.0006374962299744162
25 0.00009828551542181294
26 0.000009180257170353432
27 0.00001995165315167076
28 0.000014329171044437778
29 0.000016009284857852372
30 0.00024016656243756505
31 0.000011047053421159797
32 0.0001446627800658901
45 0.000011692308997607148
50 0.00009059173042602328
52 0.000944486436909675
54 0.000160544392965215
59 0.000032310917223555856
60 0.000025848733778844687
65 0.002331741069066925
67 0.0013975247259785043
95 0.0003423148224556223
96 0.00035608465080551457
98 0.00029888966155459023
111 0.0004724074680904385
115 0.0007096674962648366
119 0.000308970277376323
136 0.00029565439233481325
138 0.001199928789867917
139 0.0001247963410453852
158 0.0003765453979632206
162 0.0003800531302520963
172 0.00023913727761189357
180 0.0002526001287307366
185 0.0014033708804773077
219 0.0007232300299518704
222 0.0014992753692367232
231 0.000685825303055794
259 0.0006815228846822916
301 0.000755332068144601
345 0.0006649717304210047
355 0.000685825303055794
554 0.0003600357507382571
617 0.0006146083728946911
691 0.0007672726067957501
716 0.00045485323355897795
734 0.0005027842686225869
735 0.0005941814615164285
799 0.0003782900330627366
816 0.0009704600681822526
878 0.0006378942679921852
985 0.0009771920599575008
1026 0.0008688663374890013
1160 0.0007096674962648366
1161 0.007979660765052056
1283 0.002106505847326518
1714 0.0033753623357241796
1943 0.0009060445366416521
1944 0.0011370166061384682
1945 0.0015067606054811865
1946 0.001907951143410522
1947 0.006082064362423009
1948 0.0010215305713900601
1949 0.0020430611427801203
1950 0.0013501449342896718
1951 0.0011370166061384682
1952 0.0011370166061384682
1953 0.0011370166061384682
1954 0.0011370166061384682
1955 0.0011370166061384682
1956 0.0011370166061384682
1957 0.0011370166061384682