6 0.00009064908770164895
10 0.0000837066327744491
15 0.00011067438687857875
24 0.00012749924599488326
25 0.00004914275771090647
26 0.000009180257170353432
27 0.00001995165315167076
28 0.000014329171044437778
29 0.000016009284857852372
30 0.00024016656243756505
31 0.000022094106842319594
32 0.0001446627800658901
34 0.00005968492932446962
45 0.000005846154498803574
47 0.0002708891434150717
49 0.0002231883932943071
50 0.00004529586521301164
54 0.00032108878593043
59 0.000006462183444711172
60 0.000012924366889422343
91 0.0007039019999193597
95 0.00027385185796449787
96 0.00028486772064441167
117 0.00038545720818497763
121 0.0002131283281512035
122 0.0015391868773929622
125 0.00038013792159427004
134 0.00020241617375177045
139 0.0001247963410453852
146 0.00036481917391093806
153 0.00022952953988283507
168 0.00004914275771090647
214 0.002477233572712043
224 0.0005182941691667408
225 0.0005353974937352319
226 0.0005182941691667408
255 0.0028696473313427227
300 0.0015131149740680624
430 0.00033256580019006747
445 0.0015418690745441074
455 0.000466348213813385
456 0.00040485246840563934
457 0.0006378942679921852
458 0.0003818350844534872
459 0.000570339268307386
460 0.0006554485025236457
461 0.0011370166061384682
462 0.0005941814615164285
463 0.003037587337300184
464 0.0005648761188866944