0 0.00010360515709016387
10 0.000010463329096806138
13 0.0003124981305672972
20 0.0002851269943544553
23 0.0003835556157519472
24 0.00012749924599488326
25 0.00009828551542181294
26 0.000009180257170353432
27 0.000026602204202227678
28 0.000014329171044437778
29 0.000016009284857852372
30 0.00008005552081252168
31 0.000038664686974059284
32 0.0001446627800658901
34 0.00005968492932446962
43 0.0001247963410453852
44 0.00015086301495667102
45 0.000005846154498803574
50 0.00009059173042602328
54 0.000160544392965215
57 0.00018016835758640515
59 0.000006462183444711172
60 0.000012924366889422343
65 0.000466348213813385
74 0.0002628764536882138
76 0.00047524524109474617
95 0.00047924075143787115
96 0.0004985185111277203
97 0.0000602039675312256
100 0.00014427673725646523
102 0.0003910424617735554
103 0.00008541133970179466
108 0.0002542579645943101
117 0.00038545720818497763
124 0.00045619878530002813
125 0.00038013792159427004
139 0.0002495926820907704
140 0.0002005952689646678
159 0.00014086769495867446
163 0.00029998219746697925
168 0.00009828551542181294
180 0.0002526001287307366
188 0.0005182941691667408
194 0.0004339996609241885
217 0.001791049312497294
221 0.0008180359272162828
222 0.0007496376846183616
227 0.0015672246997313311
233 0.00038915983010845493
235 0.000489099431979698
252 0.0010591586847063217
255 0.00023913727761189357
300 0.0006052459896272249
312 0.001465788089936251
331 0.0003136839799123262
362 0.00029998219746697925
439 0.0005266264618316295
440 0.0013901978018369889
475 0.0002526001287307366
482 0.00040280813441833274
517 0.0004724074680904385
530 0.0002736737953600468
598 0.0023716755056797318
776 0.0004154682322153874
799 0.0003782900330627366
912 0.00047869542676802046
923 0.000570339268307386
985 0.0004885960299787504
1069 0.0011904643853146134
1171 0.0005182941691667408
1968 0.002606599012467004
1972 0.005723853430231566
1983 0.0010215305713900601
1984 0.0010215305713900601
1985 0.0016256126361172186
1986 0.0008384895369568529
1987 0.0011370166061384682
1988 0.0010215305713900601