0 0.00010360515709016387
5 0.0004051941922693857
6 0.0001812981754032979
10 0.000020926658193612276
17 0.0004875313243364415
23 0.0001917778078759736
25 0.00004914275771090647
26 0.000013770385755530148
27 0.000026602204202227678
28 0.000014329171044437778
29 0.000016009284857852372
30 0.00008005552081252168
31 0.000022094106842319594
32 0.0001446627800658901
33 0.0004755217854866652
43 0.0001247963410453852
44 0.00015086301495667102
45 0.00000876923174820536
46 0.0016365888584483623
47 0.0005417782868301434
48 0.0004238700903424619
49 0.0002231883932943071
50 0.0001358875956390349
52 0.00023612160922741876
54 0.000160544392965215
59 0.000025848733778844687
60 0.000012924366889422343
74 0.0001314382268441069
95 0.0006161666804201201
96 0.0007121693016110291
100 0.00028855347451293045
103 0.0004270566985089733
117 0.0019272860409248883
119 0.000308970277376323
121 0.0002131283281512035
134 0.00020241617375177045
138 0.0005999643949339585
159 0.0002817353899173489
164 0.00033123821444378676
175 0.0005706050921981149
177 0.0008882007952960393
195 0.00021509233277500263
211 0.0005446560494091424
216 0.0006075174674600367
217 0.0029104551328081023
223 0.0007578003861922098
251 0.001226769109186771
259 0.0017038072117057288
264 0.000570339268307386
277 0.0005494856956725966
281 0.0006378942679921852
301 0.0025177735604820038
302 0.003452726730580875
303 0.005726251490513978
307 0.0003818350844534872
430 0.00033256580019006747
434 0.00032731777168967243
437 0.00043897349683716435
449 0.00042680669660142797
482 0.0076533545539483215
519 0.0004221783120451008
611 0.0005309542669637955
644 0.0005399624677752377
645 0.0005353974937352319
659 0.0057840280176675585
672 0.0010365883383334816
718 0.0005759876441280593
719 0.0005544595315855724
786 0.001140678536614772
790 0.0006649717304210047
799 0.0003782900330627366
839 0.0004755217854866652
921 0.005183888797152533
945 0.0006750724671448359
1103 0.00046935029736931276
1200 0.0005648761188866944
1566 0.0006007160688395344
1884 0.006324468015145952
1930 0.0006973202833102012
1931 0.0008688663374890013
1958 0.0010215305713900601
1989 0.0022740332122769364
1990 0.0011370166061384682
1991 0.0010215305713900601
1992 0.0011370166061384682
1993 0.0011370166061384682
1994 0.0006075174674600367
1995 0.0011370166061384682
1996 0.0006378942679921852
1997 0.0007096674962648366
1998 0.0011370166061384682
1999 0.0011370166061384682