5 0.0002701294615129238
6 0.0001359736315524734
10 0.00003138998729041841
15 0.00033202316063573624
24 0.0002549984919897665
25 0.00009828551542181294
26 0.000009180257170353432
27 0.000013301102101113839
28 0.000009552780696291852
29 0.000010672856571901583
31 0.000022094106842319594
32 0.0001446627800658901
45 0.000005846154498803574
50 0.00004529586521301164
54 0.000160544392965215
59 0.000012924366889422343
60 0.000012924366889422343
95 0.0003423148224556223
96 0.00035608465080551457
97 0.0000602039675312256
103 0.000256234019105384
134 0.00020241617375177045
168 0.00004914275771090647
195 0.00021509233277500263
217 0.0006716434921864852
218 0.003110072656351858
251 0.0003066922772966927
275 0.0006649717304210047
276 0.0003697439993427182
482 0.004028081344183328
519 0.0004221783120451008
529 0.00044939008413828627
573 0.0004885960299787504
585 0.0003987932141285859
611 0.0005309542669637955
839 0.0004755217854866652
1562 0.0006220145312703716
1563 0.0006075174674600367
1565 0.0024384189541758277
1792 0.0007375005660187797
1968 0.0008688663374890013
2000 0.0011370166061384682