6 0.00011331135962706119
10 0.00006277997458083683
14 0.00026456709550368824
15 0.000055337193439289376
25 0.00004914275771090647
26 0.000009180257170353432
27 0.00001995165315167076
28 0.00004776390348145926
29 0.000016009284857852372
30 0.00008005552081252168
31 0.000011047053421159797
32 0.0001446627800658901
34 0.00005968492932446962
36 0.00017439542599474
43 0.0001247963410453852
44 0.00015086301495667102
45 0.000005846154498803574
48 0.00014129003011415398
50 0.00009059173042602328
51 0.0010448164664875542
52 0.0007083648276822562
53 0.0005828723274939218
54 0.000160544392965215
55 0.000904198535777999
59 0.000006462183444711172
60 0.000012924366889422343
77 0.00043897349683716435
91 0.00046926799994623984
95 0.00041077778694674673
96 0.00042730158096661747
98 0.00029888966155459023
100 0.00014427673725646523
101 0.0005353974937352319
103 0.00008541133970179466
108 0.0002542579645943101
117 0.0007709144163699553
119 0.0001544851386881615
121 0.000426256656302407
133 0.00032475447298266157
134 0.00020241617375177045
139 0.0001247963410453852
143 0.0002681502686494669
160 0.00043897349683716435
168 0.00009828551542181294
169 0.0002663490497050791
203 0.0003136839799123262
213 0.00036481917391093806
218 0.0024880581250814864
247 0.0003148783300420517
266 0.0012043277795589216
281 0.0006378942679921852
392 0.0019147817070720818
430 0.00033256580019006747
442 0.00036481917391093806
447 0.0006464403017122036
450 0.000685825303055794
469 0.00048193069598779744
475 0.0005052002574614732
515 0.0008779469936743287
530 0.0005473475907200936
623 0.0004605016093796513
700 0.0003910424617735554
775 0.00036481917391093806
1236 0.0008384895369568529
1317 0.0011089190631711448
1333 0.0007096674962648366
1495 0.0006464403017122036
1968 0.0017377326749780026
1971 0.0010215305713900601
1973 0.0036875028300938986
2001 0.0010215305713900601
2002 0.0006554485025236457
2003 0.003548337481324183
2004 0.0011370166061384682
2005 0.01819226569821549
2006 0.0034110498184154047
2007 0.0056850830306923415