0 0.00020721031418032774
1 0.0021979427826903865
5 0.0002701294615129238
6 0.0001359736315524734
7 0.002123185575725428
9 0.0007047129186040493
10 0.00004185331638722455
11 0.0013323011929440589
14 0.00026456709550368824
15 0.000055337193439289376
16 0.0006220145312703716
20 0.00014256349717722765
21 0.0006220145312703716
23 0.0001917778078759736
24 0.00012749924599488326
25 0.00014742827313271942
26 0.00002295064292588358
27 0.000013301102101113839
28 0.00002388195174072963
29 0.000016009284857852372
31 0.000022094106842319594
34 0.00017905478797340885
45 0.000014615386247008935
46 0.00032731777168967243
48 0.0004238700903424619
49 0.0002231883932943071
50 0.00004529586521301164
52 0.0014167296553645125
54 0.00032108878593043
55 0.0013562978036669984
59 0.000006462183444711172
60 0.00005169746755768937
97 0.00018061190259367678
98 0.00029888966155459023
101 0.0005353974937352319
102 0.0007820849235471108
116 0.0026769874686761595
119 0.000617940554752646
132 0.0003870087270600267
134 0.00020241617375177045
139 0.0001247963410453852
195 0.00043018466555000526
202 0.00030783737547859243
219 0.0007232300299518704
220 0.0010799249355504753
248 0.0007230035022084448
249 0.0006378942679921852
250 0.0005878935028388465
271 0.0017660689104614788
272 0.0018120890732833041
297 0.0013481702524148589
298 0.001497367014438849
299 0.0022468738904773775
300 0.00015131149740680623
304 0.0017769291801182456
316 0.0015418690745441074
343 0.0013019989827725655
519 0.0008443566240902016
550 0.00040280813441833274
589 0.002291010506720923
601 0.0004176750344063272
627 0.0017377326749780026
743 0.0003800531302520963
775 0.00036481917391093806
795 0.0021415899749409276
856 0.012826376875751881
860 0.0008384895369568529
1025 0.001907951143410522
1328 0.0006973202833102012
2008 0.003251225272234437
2009 0.0011370166061384682
2010 0.0011370166061384682
2011 0.0011370166061384682
2012 0.0009060445366416521
2013 0.0008384895369568529
2014 0.0011370166061384682