2 0.0003632093920196124
3 0.0008987801682765725
4 0.0024047314850847933
5 0.0002701294615129238
6 0.00015863590347788565
7 0.0014154570504836188
9 0.0024664952151141725
10 0.000020926658193612276
11 0.00044410039764801966
15 0.000055337193439289376
24 0.0002549984919897665
25 0.00014742827313271942
26 0.00002295064292588358
28 0.000004776390348145926
29 0.000005336428285950791
31 0.000016570580131739694
34 0.00005968492932446962
43 0.00037438902313615557
45 0.000014615386247008935
59 0.000006462183444711172
60 0.00005169746755768937
90 0.0003600357507382571
91 0.00046926799994623984
93 0.000460498487011427
132 0.00019350436353001335
144 0.0010431686420070989
159 0.00014086769495867446
169 0.0005326980994101582
218 0.0018660435938111148
235 0.000244549715989849
276 0.0007394879986854364
343 0.0013019989827725655
389 0.00045485323355897795
481 0.000867999321848377
619 0.0010893120988182848
1180 0.004901904444682281
1287 0.0016787592971892833
2015 0.0008128063180586093
2016 0.00306459171417018
2017 0.0008128063180586093