6 0.00009064908770164895
8 0.0011512462175285675
10 0.000020926658193612276
14 0.0005291341910073765
15 0.000442697547514315
21 0.0006220145312703716
25 0.00014742827313271942
26 0.000018360514340706863
27 0.0000332527552527846
28 0.000019105561392583703
29 0.000021345713143803165
30 0.00008005552081252168
31 0.000027617633552899494
34 0.00023873971729787848
36 0.00052318627798422
45 0.000011692308997607148
48 0.00028258006022830796
50 0.0004076627869171047
59 0.000012924366889422343
60 0.000038773100668267026
72 0.0003697439993427182
76 0.00047524524109474617
91 0.00046926799994623984
100 0.00014427673725646523
103 0.00008541133970179466
119 0.000617940554752646
134 0.0004048323475035409
143 0.0005363005372989338
159 0.0005634707798346978
165 0.0014080508921079382
168 0.00004914275771090647
169 0.0002663490497050791
172 0.0007174118328356807
185 0.0004677902934924359
186 0.005289988580439796
200 0.0002833071793801778
211 0.0005446560494091424
257 0.0007375005660187797
302 0.00230181782038725
328 0.0003260311928669616
351 0.005899036522712811
377 0.0007533803027405932
430 0.00033256580019006747
475 0.0002526001287307366
497 0.0008934484983843897
515 0.00043897349683716435
550 0.002014040672091664
602 0.0034687741550035304
613 0.0008353500688126544
681 0.002281357073229544
734 0.0005027842686225869
740 0.0005595864323964277
743 0.0003800531302520963
798 0.01064501244397255
799 0.0003782900330627366
806 0.0008138443969907379
825 0.0016769790739137058
826 0.001581117003786488
893 0.0006554485025236457
985 0.0004885960299787504
1200 0.0005648761188866944
1201 0.000953975571705261
1243 0.0005878935028388465
1337 0.0005353974937352319
1412 0.0005648761188866944
1734 0.010844202555867146
1869 0.0014193349925296732
2018 0.010233149455246214
2019 0.005107652856950301
2020 0.001581117003786488
2021 0.017608280276093912
2022 0.004769877858526305
2023 0.0012440290625407432
2024 0.0015418690745441074
2025 0.0016256126361172186
2026 0.00612918342834036
2027 0.006822099636830809
2028 0.0008688663374890013
2029 0.007709345372720538
2030 0.0022740332122769364
2031 0.0008688663374890013
2032 0.0011370166061384682
2033 0.0011370166061384682
2034 0.0011370166061384682