0 0.00010360515709016387
6 0.00009064908770164895
10 0.000010463329096806138
15 0.000055337193439289376
25 0.00004914275771090647
26 0.000009180257170353432
27 0.00001995165315167076
28 0.000009552780696291852
29 0.000010672856571901583
30 0.00008005552081252168
31 0.000022094106842319594
32 0.00021699417009883517
36 0.00017439542599474
42 0.00029780424319051263
43 0.0001247963410453852
44 0.00015086301495667102
45 0.000005846154498803574
50 0.00004529586521301164
57 0.0003603367151728103
59 0.000006462183444711172
60 0.000012924366889422343
74 0.0001314382268441069
76 0.00023762262054737309
95 0.00041077778694674673
96 0.0004985185111277203
97 0.0000602039675312256
100 0.00014427673725646523
138 0.0005999643949339585
139 0.0002495926820907704
158 0.0011296361938896618
167 0.0003185136261757804
168 0.00004914275771090647
174 0.0008222808541664426
196 0.0005309542669637955
203 0.0003136839799123262
214 0.0012386167863560214
252 0.0004236634738825287
262 0.0006929162084904484
300 0.0007565574870340312
301 0.0005035547120964008
663 0.0006973202833102012
868 0.0012440290625407432
934 0.0007096674962648366
2038 0.0010215305713900601
2039 0.0011370166061384682
2040 0.0011370166061384682
2041 0.0020430611427801203
2042 0.0022740332122769364