0 0.00010360515709016387
6 0.0001359736315524734
10 0.000020926658193612276
24 0.00012749924599488326
25 0.00009828551542181294
26 0.000013770385755530148
27 0.0000066505510505569195
28 0.000009552780696291852
29 0.000021345713143803165
30 0.00008005552081252168
31 0.000027617633552899494
34 0.00005968492932446962
45 0.00000876923174820536
50 0.00004529586521301164
53 0.0002914361637469609
54 0.0004816331788956449
55 0.0004520992678889995
56 0.00034358542739842214
57 0.00018016835758640515
59 0.000006462183444711172
60 0.000025848733778844687
71 0.00033256580019006747
90 0.0003600357507382571
117 0.00038545720818497763
119 0.000617940554752646
121 0.000852513312604814
125 0.00038013792159427004
144 0.0008345349136056791
153 0.00022952953988283507
172 0.00023913727761189357
214 0.0007431700718136128
227 0.0005224082332437771
241 0.000466348213813385
259 0.0003407614423411458
276 0.0007394879986854364
290 0.0005648761188866944
303 0.0016360718544325655
307 0.0003818350844534872
331 0.0006273679598246524
417 0.0003600357507382571
445 0.0007709345372720537
465 0.009096132849107746
466 0.002789281133240805
467 0.0020430611427801203
468 0.003251225272234437
469 0.00048193069598779744
470 0.00044672424919219483
471 0.004548066424553873
472 0.0022740332122769364
473 0.0011370166061384682
474 0.0011370166061384682
475 0.0002526001287307366
476 0.0011370166061384682
477 0.0011370166061384682
478 0.0011370166061384682
479 0.002519061134501608
480 0.0007709345372720537
481 0.0004339996609241885