10 0.00003138998729041841
15 0.00016601158031786812
25 0.00004914275771090647
26 0.000009180257170353432
27 0.000013301102101113839
28 0.000009552780696291852
29 0.000010672856571901583
30 0.00016011104162504336
31 0.000038664686974059284
32 0.0001446627800658901
34 0.00011936985864893924
45 0.000005846154498803574
50 0.00004529586521301164
59 0.000025848733778844687
60 0.000012924366889422343
70 0.004876837908351655
75 0.0012359615931136858
85 0.0014750011320375594
87 0.00036808616347914477
89 0.00033798452589909114
91 0.00046926799994623984
92 0.0007296383478218761
95 0.00020538889347337336
96 0.00021365079048330874
97 0.0000602039675312256
100 0.00014427673725646523
109 0.003818350844534872
168 0.00004914275771090647
211 0.0005446560494091424
213 0.00036481917391093806
252 0.00021183173694126436
255 0.0009565491104475743
262 0.0003464581042452242
370 0.002110891560225504
384 0.0009573908535360409
434 0.00032731777168967243
624 0.00048193069598779744
1491 0.0006649717304210047
2043 0.0005759876441280593
2044 0.0010215305713900601
2045 0.0008688663374890013