0 0.0003108154712704916
1 0.0005494856956725966
2 0.0007264187840392248
3 0.00044939008413828627
4 0.0020039429042373277
5 0.0001350647307564619
6 0.00009064908770164895
7 0.0017693213131045233
8 0.000920996974022854
9 0.001057069377906074
10 0.00003138998729041841
11 0.0008882007952960393
15 0.0002213487737571575
23 0.0005753334236279207
24 0.00012749924599488326
25 0.00009828551542181294
26 0.000013770385755530148
27 0.000013301102101113839
28 0.00003343473243702148
29 0.000016009284857852372
30 0.00008005552081252168
31 0.000016570580131739694
32 0.0001446627800658901
34 0.00011936985864893924
36 0.00017439542599474
37 0.0015951728565143436
38 0.0018306139461095412
41 0.00018725926302105958
43 0.0002495926820907704
45 0.00001753846349641072
46 0.0013092710867586897
47 0.0002708891434150717
48 0.0004238700903424619
49 0.0002231883932943071
57 0.00018016835758640515
59 0.000006462183444711172
60 0.000012924366889422343
74 0.0001314382268441069
95 0.00041077778694674673
96 0.0004985185111277203
97 0.0001204079350624512
116 0.0005353974937352319
119 0.0001544851386881615
169 0.0002663490497050791
172 0.00023913727761189357
180 0.0002526001287307366
195 0.0019358309949750237
197 0.000570339268307386
259 0.0003407614423411458
266 0.0003010819448897304
277 0.0005494856956725966
299 0.0003209819843539111
352 0.000514279248876994
356 0.0005266264618316295
357 0.0007375005660187797
434 0.00032731777168967243
443 0.000685825303055794
449 0.00213403348300714
586 0.0005759876441280593
594 0.0017455027456853792
610 0.0005759876441280593
676 0.0005818342485617932
853 0.0010989713913451932
960 0.0004724074680904385
1248 0.0005353974937352319
1282 0.0011089190631711448
2046 0.0033539581478274115
2047 0.007631804573642088
2048 0.0011370166061384682
2049 0.0011370166061384682
2050 0.0022740332122769364
2051 0.0011370166061384682