0 0.00010360515709016387
5 0.0001350647307564619
6 0.0002719472631049468
8 0.0002302492435057135
10 0.000020926658193612276
15 0.0002213487737571575
20 0.00014256349717722765
23 0.0001917778078759736
24 0.00012749924599488326
25 0.00004914275771090647
26 0.000013770385755530148
27 0.000013301102101113839
28 0.000028658342088875557
29 0.000016009284857852372
30 0.00008005552081252168
31 0.00003314116026347939
32 0.0001446627800658901
41 0.00018725926302105958
43 0.0001247963410453852
45 0.000014615386247008935
46 0.0009819533150690174
47 0.0005417782868301434
49 0.0002231883932943071
50 0.00004529586521301164
59 0.000006462183444711172
60 0.000012924366889422343
95 0.00047924075143787115
96 0.0004985185111277203
97 0.0000602039675312256
101 0.0005353974937352319
140 0.0002005952689646678
153 0.0006885886196485052
163 0.00029998219746697925
180 0.0002526001287307366
214 0.0009908934290848172
274 0.000629765283625402
310 0.001371650606111588
415 0.0006649717304210047
417 0.0003600357507382571
482 0.002819656940928329
575 0.00047869542676802046
586 0.0017279629323841779
610 0.0011519752882561186
1329 0.0008128063180586093
1922 0.0006464403017122036
2072 0.0010215305713900601
2073 0.0011370166061384682
2074 0.0011370166061384682
2075 0.0011370166061384682