0 0.00010360515709016387
4 0.000801577161694931
5 0.0001350647307564619
6 0.0001359736315524734
7 0.001061592787862714
9 0.00035235645930202465
10 0.00003138998729041841
17 0.00024376566216822076
23 0.0001917778078759736
25 0.00004914275771090647
26 0.000013770385755530148
27 0.000013301102101113839
28 0.000019105561392583703
29 0.000016009284857852372
30 0.00016011104162504336
31 0.000027617633552899494
32 0.00021699417009883517
41 0.00018725926302105958
43 0.0001247963410453852
45 0.00000876923174820536
50 0.00004529586521301164
57 0.00018016835758640515
59 0.000006462183444711172
60 0.000012924366889422343
91 0.00023463399997311992
95 0.00047924075143787115
96 0.0004985185111277203
97 0.0000602039675312256
103 0.00008541133970179466
124 0.00045619878530002813
125 0.00019006896079713502
132 0.00019350436353001335
138 0.0005999643949339585
153 0.00045905907976567014
165 0.00046935029736931276
169 0.0002663490497050791
343 0.0004339996609241885
434 0.00032731777168967243
483 0.0003800531302520963
538 0.00037310999523034225
741 0.0006750724671448359
960 0.0004724074680904385
1101 0.001581117003786488
1180 0.0010893120988182848
1287 0.0005595864323964277
2017 0.0008128063180586093
2076 0.004548066424553873
2077 0.0011370166061384682
2078 0.004086122285560241
2079 0.0010215305713900601
2080 0.0011370166061384682
2081 0.0011370166061384682