0 0.00020721031418032774
2 0.002179256352117674
3 0.0008987801682765725
4 0.0004007885808474655
5 0.0001350647307564619
6 0.00011331135962706119
7 0.0014154570504836188
9 0.0007047129186040493
10 0.000020926658193612276
11 0.0022205019882400984
15 0.00011067438687857875
23 0.0003835556157519472
26 0.000013770385755530148
27 0.00001995165315167076
28 0.000019105561392583703
29 0.000016009284857852372
30 0.00008005552081252168
31 0.000027617633552899494
32 0.0001446627800658901
34 0.00005968492932446962
36 0.00017439542599474
37 0.0003987932141285859
38 0.0004576534865273853
41 0.00018725926302105958
43 0.000623981705226926
45 0.000011692308997607148
47 0.0002708891434150717
57 0.00018016835758640515
59 0.000006462183444711172
60 0.000012924366889422343
73 0.0004885960299787504
74 0.0001314382268441069
87 0.00036808616347914477
95 0.00041077778694674673
96 0.0005697354412888233
97 0.0001204079350624512
102 0.0003910424617735554
125 0.000570206882391405
139 0.0001247963410453852
146 0.00036481917391093806
151 0.0003393671988105698
153 0.00022952953988283507
160 0.0017558939873486574
168 0.00004914275771090647
171 0.0020883751720316363
180 0.0002526001287307366
259 0.0010222843270234372
273 0.0003697439993427182
343 0.001735998643696754
352 0.000514279248876994
356 0.0005266264618316295
454 0.0007672726067957501
538 0.00037310999523034225
586 0.0005759876441280593
775 0.00036481917391093806
1180 0.0021786241976365695
1181 0.001053252923663259
1271 0.000953975571705261
1864 0.003854672686360269
2082 0.0010215305713900601