0 0.00010360515709016387
5 0.0002701294615129238
6 0.0001812981754032979
10 0.00005231664548403069
15 0.000055337193439289376
20 0.00014256349717722765
23 0.0003835556157519472
25 0.00009828551542181294
26 0.000013770385755530148
27 0.0000066505510505569195
28 0.000014329171044437778
29 0.000005336428285950791
30 0.00008005552081252168
31 0.00003314116026347939
32 0.0001446627800658901
43 0.0002495926820907704
45 0.000005846154498803574
47 0.0002708891434150717
59 0.000006462183444711172
60 0.000012924366889422343
95 0.00027385185796449787
96 0.00028486772064441167
103 0.00017082267940358932
111 0.001889629872361754
121 0.000852513312604814
124 0.00045619878530002813
140 0.0006017858068940034
144 0.0020863372840141978
168 0.00004914275771090647
179 0.0020111370744903476
251 0.0003066922772966927
449 0.0012804200898042838
452 0.0005399624677752377
610 0.0005759876441280593
776 0.0004154682322153874
924 0.0012757885359843703
2083 0.004548066424553873
2084 0.002621794010094583