0 0.00010360515709016387
5 0.0001350647307564619
6 0.00011331135962706119
10 0.00004185331638722455
13 0.0003124981305672972
15 0.000055337193439289376
23 0.0001917778078759736
24 0.00012749924599488326
25 0.00014742827313271942
26 0.000013770385755530148
27 0.00001995165315167076
28 0.000019105561392583703
29 0.000016009284857852372
30 0.00008005552081252168
31 0.000027617633552899494
32 0.0001446627800658901
41 0.00018725926302105958
43 0.0001247963410453852
45 0.000005846154498803574
46 0.0013092710867586897
49 0.0002231883932943071
50 0.00009059173042602328
54 0.000160544392965215
59 0.000012924366889422343
60 0.000012924366889422343
76 0.00023762262054737309
95 0.0006846296449112446
96 0.000783386231772132
97 0.0001204079350624512
119 0.0001544851386881615
121 0.0002131283281512035
125 0.000570206882391405
132 0.00058051309059004
133 0.00032475447298266157
139 0.0001247963410453852
142 0.0004520992678889995
153 0.00045905907976567014
159 0.00014086769495867446
163 0.00029998219746697925
175 0.00028530254609905744
179 0.0005027842686225869
185 0.00023389514674621796
213 0.00036481917391093806
217 0.001567168148435132
223 0.0007578003861922098
241 0.000466348213813385
252 0.0010591586847063217
255 0.0014348236656713614
299 0.0003209819843539111
311 0.0006759690517981823
331 0.0003136839799123262
417 0.0003600357507382571
434 0.00032731777168967243
644 0.0005399624677752377
645 0.0005353974937352319
797 0.002377608927433326
853 0.0005494856956725966
1155 0.0007709345372720537
2084 0.0006554485025236457
2085 0.0011370166061384682
2086 0.000953975571705261