0 0.00020721031418032774
5 0.0001350647307564619
6 0.00015863590347788565
10 0.000020926658193612276
15 0.00011067438687857875
20 0.00014256349717722765
23 0.0001917778078759736
24 0.00012749924599488326
25 0.00014742827313271942
26 0.000013770385755530148
27 0.00003990330630334152
28 0.000014329171044437778
29 0.000016009284857852372
30 0.00008005552081252168
31 0.00003314116026347939
32 0.0001446627800658901
34 0.00005968492932446962
36 0.00017439542599474
41 0.00018725926302105958
43 0.0001247963410453852
45 0.000005846154498803574
46 0.0013092710867586897
49 0.0002231883932943071
50 0.00004529586521301164
54 0.000160544392965215
59 0.000019386550334133513
60 0.000012924366889422343
74 0.0001314382268441069
76 0.0009504904821894923
93 0.0002302492435057135
95 0.00047924075143787115
96 0.0005697354412888233
97 0.00018061190259367678
100 0.00014427673725646523
103 0.00008541133970179466
121 0.0002131283281512035
124 0.00045619878530002813
125 0.00019006896079713502
132 0.00019350436353001335
144 0.0014604360988099382
153 0.00022952953988283507
159 0.00014086769495867446
163 0.00029998219746697925
166 0.0009210032187593025
171 0.0008353500688126544
202 0.00030783737547859243
214 0.0004954467145424086
223 0.0015156007723844196
252 0.000635495210823793
255 0.0011956863880594679
299 0.0003209819843539111
311 0.0010139535776972734
362 0.00029998219746697925
497 0.00044672424919219483
613 0.0004176750344063272
644 0.0005399624677752377
645 0.0005353974937352319
774 0.0005941814615164285
797 0.0004755217854866652
827 0.0015067606054811865
853 0.0060443426523985625
1069 0.0003968214617715378
1091 0.0008688663374890013
1155 0.0007709345372720537
1342 0.0007230035022084448
2087 0.0007533803027405932