0 0.00010360515709016387
5 0.0001350647307564619
6 0.00009064908770164895
10 0.000010463329096806138
20 0.00014256349717722765
23 0.0003835556157519472
25 0.00009828551542181294
26 0.000013770385755530148
27 0.00001995165315167076
28 0.000019105561392583703
29 0.000016009284857852372
30 0.00016011104162504336
31 0.000022094106842319594
32 0.0001446627800658901
34 0.00005968492932446962
41 0.00018725926302105958
43 0.0001247963410453852
45 0.000005846154498803574
47 0.0002708891434150717
50 0.00004529586521301164
54 0.000160544392965215
57 0.0005405050727592154
59 0.000006462183444711172
60 0.000012924366889422343
95 0.00047924075143787115
96 0.0006409523714499261
97 0.0001204079350624512
119 0.0001544851386881615
121 0.0002131283281512035
124 0.00022809939265001406
125 0.00038013792159427004
132 0.00058051309059004
144 0.0008345349136056791
146 0.00036481917391093806
153 0.00045905907976567014
168 0.00009828551542181294
180 0.0002526001287307366
217 0.000895524656248647
223 0.0002526001287307366
232 0.0005182941691667408
247 0.0018892699802523102
252 0.0004236634738825287
449 0.0017072267864057119
458 0.0007636701689069744
459 0.000570339268307386
483 0.0011401593907562888
512 0.00044672424919219483
538 0.00037310999523034225
555 0.0006871708547968443
601 0.0004176750344063272
767 0.00040692219849536895
775 0.00036481917391093806
1072 0.0005544595315855724
1299 0.002861926715115783
1566 0.0006007160688395344
2088 0.0011370166061384682