6 0.00009064908770164895
10 0.000020926658193612276
15 0.000055337193439289376
17 0.00024376566216822076
18 0.0003172930263603734
25 0.00004914275771090647
26 0.000013770385755530148
27 0.00001995165315167076
28 0.000014329171044437778
29 0.000016009284857852372
31 0.000022094106842319594
34 0.00011936985864893924
36 0.00017439542599474
45 0.00000876923174820536
47 0.0002708891434150717
50 0.00004529586521301164
54 0.00032108878593043
57 0.00018016835758640515
59 0.000012924366889422343
60 0.000025848733778844687
87 0.00036808616347914477
117 0.00038545720818497763
119 0.0001544851386881615
134 0.00020241617375177045
168 0.00004914275771090647
218 0.0024880581250814864
227 0.0005224082332437771
251 0.0003066922772966927
259 0.0003407614423411458
303 0.001227053890824424
304 0.0014215433440945965
306 0.0022592723877793235
370 0.0004221783120451008
430 0.00033256580019006747
444 0.0017636805085165395
445 0.0015418690745441074
469 0.0019277227839511898
482 0.0012084244032549982
483 0.0003800531302520963
484 0.0011370166061384682
485 0.0008688663374890013
486 0.0021690105066253344
487 0.0011370166061384682
488 0.0005648761188866944
489 0.0006146083728946911
490 0.0005648761188866944
491 0.0005544595315855724
492 0.000685825303055794