0 0.00010360515709016387
2 0.0007264187840392248
6 0.0001812981754032979
10 0.000010463329096806138
11 0.00044410039764801966
14 0.00026456709550368824
15 0.00011067438687857875
23 0.0003835556157519472
25 0.00004914275771090647
26 0.00002295064292588358
27 0.00001995165315167076
28 0.000014329171044437778
29 0.000016009284857852372
30 0.00008005552081252168
31 0.000027617633552899494
34 0.00005968492932446962
36 0.00017439542599474
37 0.0003987932141285859
38 0.0004576534865273853
45 0.000014615386247008935
48 0.00028258006022830796
50 0.0001358875956390349
54 0.0008027219648260749
56 0.00034358542739842214
57 0.0007206734303456206
58 0.0011191728647928555
59 0.000006462183444711172
60 0.00005169746755768937
65 0.000466348213813385
74 0.0002628764536882138
87 0.0011042584904374343
95 0.00027385185796449787
100 0.00028855347451293045
103 0.00017082267940358932
108 0.0002542579645943101
119 0.0001544851386881615
127 0.0012440290625407432
132 0.0003870087270600267
134 0.00020241617375177045
139 0.0001247963410453852
141 0.0010207176122457593
146 0.0007296383478218761
151 0.0006787343976211396
155 0.000629765283625402
158 0.0022592723877793235
164 0.0039748585733254405
165 0.00046935029736931276
168 0.00004914275771090647
185 0.0004677902934924359
200 0.002833071793801778
214 0.0009908934290848172
241 0.00093269642762677
328 0.0003260311928669616
343 0.000867999321848377
352 0.001028558497753988
356 0.0005266264618316295
392 0.00047869542676802046
393 0.012048267399694937
483 0.0003800531302520963
490 0.001694628356660083
497 0.0008934484983843897
538 0.00037310999523034225
589 0.0030546806756278975
624 0.00048193069598779744
670 0.004753451692131428
736 0.0039923748781517015
742 0.0024415331909722134
767 0.0008138443969907379
774 0.002376725846065714
775 0.00036481917391093806
805 0.0005353974937352319
849 0.000685825303055794
1047 0.0012292167457893823
1049 0.000629765283625402
1073 0.000953975571705261
1075 0.0013299434608420094
1463 0.0014460070044168896
1648 0.0006075174674600367
1671 0.0008688663374890013
1734 0.0012757885359843703
1860 0.015020611535971635
1869 0.0007096674962648366
2095 0.0011370166061384682
2096 0.0009060445366416521
2097 0.015263609147284175
2098 0.000790558501893244
2099 0.007959116242969277
2100 0.0008128063180586093
2101 0.02046629891049243
2102 0.021603315516630896
2103 0.011370166061384683
2104 0.0010215305713900601
2105 0.0034110498184154047
2106 0.000953975571705261
2107 0.0009060445366416521
2108 0.0010215305713900601
2109 0.001907951143410522
2110 0.011370166061384683