0 0.00010360515709016387
5 0.0002701294615129238
6 0.0001359736315524734
15 0.000055337193439289376
25 0.00004914275771090647
26 0.000027540771511060296
27 0.00001995165315167076
28 0.000014329171044437778
29 0.000016009284857852372
30 0.00016011104162504336
31 0.000016570580131739694
32 0.0001446627800658901
45 0.00001753846349641072
47 0.0002708891434150717
50 0.00009059173042602328
52 0.0025973377015016063
53 0.0020400531462287257
54 0.000160544392965215
58 0.0005595864323964277
59 0.000006462183444711172
76 0.0009504904821894923
95 0.0003423148224556223
97 0.0000602039675312256
98 0.0005977793231091805
100 0.00014427673725646523
121 0.0002131283281512035
140 0.0002005952689646678
168 0.00004914275771090647
175 0.00028530254609905744
177 0.00044410039764801966
180 0.0005052002574614732
203 0.0003136839799123262
255 0.00023913727761189357
297 0.0008987801682765725
299 0.0012839279374156445
300 0.0006052459896272249
301 0.0010071094241928015
308 0.0015928628008913862
380 0.0004755217854866652
416 0.0017469059074731303
417 0.0003600357507382571
483 0.002660371911764674
516 0.0006378942679921852
519 0.0004221783120451008
601 0.0004176750344063272
686 0.0028516963415369297
687 0.001013056993043927
691 0.002685454123785125
786 0.000570339268307386
802 0.003013521210962373
855 0.0006649717304210047
959 0.0012150349349200735
1171 0.0005182941691667408
1703 0.000790558501893244
2111 0.0008688663374890013
2112 0.0010215305713900601
2113 0.015918232485938554
2114 0.0011370166061384682
2115 0.0011370166061384682
2116 0.0011370166061384682
2117 0.0011370166061384682
2118 0.0011370166061384682
2119 0.0011370166061384682
2120 0.0011370166061384682
2121 0.0011370166061384682
2122 0.0011370166061384682
2123 0.0011370166061384682
2124 0.0022740332122769364
2125 0.0011370166061384682
2126 0.0022740332122769364
2127 0.004548066424553873