0 0.00010360515709016387
6 0.0000679868157762367
10 0.00003138998729041841
13 0.00218748691397108
25 0.00004914275771090647
26 0.00002295064292588358
27 0.000013301102101113839
28 0.000009552780696291852
29 0.000010672856571901583
30 0.00016011104162504336
31 0.000027617633552899494
45 0.000014615386247008935
48 0.00014129003011415398
50 0.00009059173042602328
57 0.00018016835758640515
59 0.000006462183444711172
60 0.00005169746755768937
76 0.00023762262054737309
91 0.00046926799994623984
95 0.00020538889347337336
97 0.0000602039675312256
100 0.00014427673725646523
121 0.0002131283281512035
125 0.00038013792159427004
127 0.0006220145312703716
133 0.00032475447298266157
139 0.0001247963410453852
153 0.00045905907976567014
164 0.0019874292866627202
168 0.00004914275771090647
185 0.00023389514674621796
214 0.0002477233572712043
217 0.002462692804683779
255 0.0016739609432832548
300 0.002118360963695287
362 0.0008999465924009378
417 0.0007200715014765141
475 0.0005052002574614732
635 0.0005182941691667408
654 0.00038729823387417876
716 0.0009097064671179559
816 0.0004852300340911263
943 0.003548337481324183
944 0.004064031590293046
1701 0.0007533803027405932
2128 0.0022740332122769364