6 0.00015863590347788565
10 0.000010463329096806138
13 0.0009374943917018915
20 0.00014256349717722765
24 0.00012749924599488326
25 0.00009828551542181294
26 0.000009180257170353432
27 0.00001995165315167076
28 0.000014329171044437778
29 0.000021345713143803165
30 0.00016011104162504336
31 0.000027617633552899494
32 0.0001446627800658901
36 0.00017439542599474
43 0.0001247963410453852
44 0.00015086301495667102
45 0.000005846154498803574
50 0.00004529586521301164
57 0.0007206734303456206
59 0.000006462183444711172
60 0.000012924366889422343
74 0.0003943146805323207
87 0.00036808616347914477
91 0.0007039019999193597
92 0.00036481917391093806
95 0.00041077778694674673
96 0.00042730158096661747
97 0.0000602039675312256
103 0.00008541133970179466
110 0.0003600357507382571
121 0.000426256656302407
124 0.00045619878530002813
125 0.00019006896079713502
159 0.00014086769495867446
163 0.00029998219746697925
167 0.0012740545047031217
168 0.00004914275771090647
174 0.0004111404270832213
202 0.0006156747509571849
252 0.000635495210823793
259 0.0003407614423411458
262 0.0010393743127356727
265 0.00024220853747341272
276 0.0007394879986854364
279 0.0012928806034244072
289 0.0007096674962648366
312 0.0009771920599575008
331 0.0003136839799123262
371 0.000790558501893244
434 0.0006546355433793449
457 0.0006378942679921852
458 0.0003818350844534872
459 0.000570339268307386
475 0.0005052002574614732
481 0.0004339996609241885
483 0.0011401593907562888
491 0.0016633785947567173
508 0.0008688663374890013
542 0.0012928806034244072
590 0.001531076418368639
601 0.0004176750344063272
602 0.003964313320004035
635 0.0005182941691667408
671 0.0003910424617735554
672 0.0010365883383334816
691 0.00038363630339787504
767 0.00040692219849536895
775 0.00036481917391093806
776 0.0008309364644307748
940 0.0005544595315855724
973 0.0005648761188866944
1069 0.0003968214617715378
1181 0.0005266264618316295
1509 0.00453022268320826
1591 0.0009060445366416521
1701 0.003013521210962373
1802 0.0016256126361172186
2129 0.009966489903058172
2130 0.0011370166061384682
2131 0.0010215305713900601
2132 0.015322958570850902
2133 0.0010215305713900601
2134 0.000953975571705261
2135 0.0011370166061384682
2136 0.0010215305713900601
2137 0.002718133609924956
2138 0.0011370166061384682
2139 0.0011370166061384682