6 0.00011331135962706119
8 0.0002302492435057135
10 0.000020926658193612276
25 0.00004914275771090647
26 0.000013770385755530148
27 0.0000066505510505569195
28 0.000019105561392583703
29 0.00002668214142975396
30 0.00024016656243756505
31 0.000027617633552899494
34 0.00011936985864893924
36 0.00069758170397896
45 0.00000876923174820536
50 0.0002264793260650582
59 0.000006462183444711172
60 0.000025848733778844687
71 0.00033256580019006747
75 0.00030899039827842145
109 0.0015273403378139488
119 0.000617940554752646
134 0.00020241617375177045
136 0.00029565439233481325
143 0.0002681502686494669
159 0.00014086769495867446
162 0.0007601062605041926
164 0.00033123821444378676
167 0.0006370272523515608
171 0.0004176750344063272
185 0.0004677902934924359
189 0.0004755217854866652
195 0.00021509233277500263
226 0.0005182941691667408
252 0.00021183173694126436
304 0.0014215433440945965
384 0.00047869542676802046
430 0.00033256580019006747
491 0.0011089190631711448
550 0.0012084244032549982
590 0.0020414352244915186
602 0.0009910783300010088
700 0.0007820849235471108
742 0.0008138443969907379
787 0.0007230035022084448
798 0.0014193349925296732
799 0.0003782900330627366
806 0.0008138443969907379
825 0.0008384895369568529
826 0.000790558501893244
853 0.0005494856956725966
920 0.0008128063180586093
1075 0.0006649717304210047
1147 0.0007375005660187797
1200 0.0011297522377733888
1305 0.0013946405666204024
1342 0.0007230035022084448
1412 0.0005648761188866944
1477 0.0005494856956725966
1994 0.0006075174674600367
2021 0.010061874443482234
2024 0.004625607223632322
2028 0.0008688663374890013
2159 0.012684623512983127
2160 0.0011370166061384682
2161 0.0012757885359843703
2162 0.000953975571705261
2163 0.0010215305713900601
2164 0.009193775142510541
2165 0.0018120890732833041
2166 0.0020430611427801203
2167 0.0011370166061384682
2168 0.004086122285560241
2169 0.0010215305713900601
2170 0.0034110498184154047
2171 0.0011370166061384682
2172 0.0011370166061384682
2173 0.0011370166061384682
2174 0.0010215305713900601
2175 0.0018120890732833041
2176 0.0011370166061384682
2177 0.0011370166061384682