0 0.0004144206283606555
4 0.003206308646779724
5 0.0001350647307564619
6 0.0001359736315524734
7 0.002123185575725428
9 0.002114138755812148
10 0.00003138998729041841
11 0.0008882007952960393
15 0.00016601158031786812
16 0.0012440290625407432
17 0.0004875313243364415
23 0.0001917778078759736
25 0.00004914275771090647
26 0.000009180257170353432
27 0.000013301102101113839
28 0.000014329171044437778
29 0.000010672856571901583
31 0.00003314116026347939
34 0.00011936985864893924
43 0.0002495926820907704
45 0.000005846154498803574
48 0.00014129003011415398
50 0.00004529586521301164
57 0.00018016835758640515
59 0.000006462183444711172
60 0.000012924366889422343
90 0.0003600357507382571
93 0.0002302492435057135
97 0.0000602039675312256
119 0.000308970277376323
138 0.00029998219746697925
160 0.00043897349683716435
174 0.0004111404270832213
180 0.0005052002574614732
227 0.0026120411662188853
269 0.0007230035022084448
271 0.0004415172276153697
307 0.0003818350844534872
311 0.00033798452589909114
312 0.0004885960299787504
326 0.0005399624677752377
467 0.0020430611427801203
469 0.0014457920879633922
496 0.0003493811814946261
544 0.0005353974937352319
556 0.002861926715115783
619 0.0010893120988182848
766 0.0006378942679921852
795 0.0005353974937352319
1013 0.0016484570870177898
1325 0.0016633785947567173
1714 0.0006750724671448359
2015 0.0016256126361172186
2046 0.0008384895369568529
2178 0.0011370166061384682
2179 0.0009060445366416521
2180 0.011236836285290661
2181 0.0034110498184154047
2182 0.0034110498184154047
2183 0.0022740332122769364
2184 0.0010215305713900601
2185 0.0011370166061384682
2186 0.0022740332122769364
2187 0.0022740332122769364
2188 0.0011370166061384682