5 0.0001350647307564619
6 0.0001359736315524734
10 0.00004185331638722455
15 0.000055337193439289376
24 0.00012749924599488326
25 0.00009828551542181294
26 0.000009180257170353432
27 0.00001995165315167076
28 0.000019105561392583703
29 0.000016009284857852372
30 0.00016011104162504336
31 0.000022094106842319594
32 0.0001446627800658901
34 0.00011936985864893924
37 0.003190345713028687
43 0.0001247963410453852
44 0.00015086301495667102
45 0.000005846154498803574
49 0.0002231883932943071
50 0.00009059173042602328
54 0.00032108878593043
56 0.00034358542739842214
57 0.0003603367151728103
59 0.000006462183444711172
60 0.000012924366889422343
74 0.0001314382268441069
80 0.0003393671988105698
82 0.0004991223381462831
84 0.0005494856956725966
93 0.0011512462175285675
95 0.00041077778694674673
96 0.00042730158096661747
97 0.0000602039675312256
102 0.0007820849235471108
103 0.000256234019105384
117 0.0019272860409248883
119 0.0001544851386881615
121 0.000852513312604814
124 0.0020528945338501264
125 0.00019006896079713502
132 0.00019350436353001335
134 0.00020241617375177045
140 0.0004011905379293356
144 0.0008345349136056791
159 0.00014086769495867446
161 0.00032348746208875627
163 0.00029998219746697925
164 0.00033123821444378676
168 0.00004914275771090647
172 0.00023913727761189357
180 0.0002526001287307366
185 0.0007016854402386539
195 0.00021509233277500263
214 0.0019817868581696345
219 0.0007232300299518704
223 0.0002526001287307366
250 0.001175787005677693
255 0.0011956863880594679
256 0.001053252923663259
259 0.0006815228846822916
276 0.0007394879986854364
300 0.0009078689844408373
303 0.0020450898180407067
307 0.0003818350844534872
312 0.0004885960299787504
342 0.0004885960299787504
354 0.0004955391650005044
359 0.0007375005660187797
362 0.00029998219746697925
372 0.0007107716720472983
430 0.00033256580019006747
445 0.003854672686360269
450 0.000685825303055794
460 0.0013108970050472915
481 0.0004339996609241885
482 0.004028081344183328
493 0.002303950576512237
494 0.002312803611816161
495 0.0011370166061384682
496 0.0003493811814946261
497 0.00044672424919219483
498 0.000953975571705261
499 0.0005648761188866944
500 0.0010215305713900601
501 0.0016256126361172186
502 0.0007709345372720537
503 0.000790558501893244
504 0.0011370166061384682
505 0.000953975571705261
506 0.001581117003786488
507 0.0016256126361172186
508 0.0008688663374890013
509 0.00047869542676802046
510 0.0010215305713900601
511 0.0011370166061384682
512 0.00044672424919219483
513 0.0011370166061384682
514 0.0010215305713900601
515 0.00043897349683716435
516 0.0006378942679921852