0 0.0003108154712704916
6 0.00015863590347788565
10 0.000010463329096806138
13 0.0003124981305672972
15 0.000055337193439289376
20 0.00014256349717722765
23 0.0001917778078759736
24 0.0002549984919897665
25 0.00014742827313271942
26 0.000027540771511060296
27 0.0000066505510505569195
28 0.000019105561392583703
29 0.000010672856571901583
31 0.000022094106842319594
34 0.00011936985864893924
36 0.00017439542599474
45 0.000011692308997607148
57 0.00018016835758640515
59 0.000006462183444711172
60 0.000025848733778844687
74 0.0001314382268441069
76 0.00023762262054737309
102 0.0003910424617735554
103 0.00017082267940358932
109 0.005345691182348821
119 0.0007724256934408075
155 0.000629765283625402
158 0.0003765453979632206
161 0.00032348746208875627
220 0.0005399624677752377
251 0.0006133845545933855
266 0.0003010819448897304
271 0.0004415172276153697
370 0.0008443566240902016
384 0.0023934771338401024
389 0.0009097064671179559
538 0.00037310999523034225
624 0.0014457920879633922
795 0.0005353974937352319
948 0.0017377326749780026
1433 0.0023716755056797318
1491 0.0006649717304210047
2045 0.0008688663374890013
2100 0.0016256126361172186
2189 0.0012292167457893823