2 0.002905675136156899
6 0.0001359736315524734
10 0.000020926658193612276
14 0.00026456709550368824
15 0.00033202316063573624
25 0.00004914275771090647
26 0.000009180257170353432
27 0.00007980661260668303
28 0.000019105561392583703
29 0.000021345713143803165
30 0.00024016656243756505
31 0.000027617633552899494
32 0.00021699417009883517
34 0.00023873971729787848
36 0.00017439542599474
42 0.00029780424319051263
43 0.0001247963410453852
44 0.00015086301495667102
45 0.000005846154498803574
48 0.00014129003011415398
50 0.000498254517343128
59 0.000006462183444711172
60 0.000012924366889422343
67 0.008385148355871026
74 0.0001314382268441069
89 0.00033798452589909114
91 0.00046926799994623984
94 0.0004885960299787504
95 0.0003423148224556223
96 0.00042730158096661747
97 0.0000602039675312256
100 0.00014427673725646523
108 0.0002542579645943101
119 0.0001544851386881615
125 0.00019006896079713502
140 0.0002005952689646678
153 0.00045905907976567014
158 0.0007530907959264412
161 0.00032348746208875627
165 0.003285452081585189
167 0.0012740545047031217
168 0.00004914275771090647
174 0.0004111404270832213
247 0.0012595133201682067
280 0.000953975571705261
360 0.0005309542669637955
417 0.0003600357507382571
475 0.0005052002574614732
496 0.0003493811814946261
550 0.00040280813441833274
570 0.000953975571705261
573 0.0004885960299787504
600 0.000685825303055794
701 0.000570339268307386
775 0.00036481917391093806
805 0.013920334837116027
817 0.0008688663374890013
842 0.000570339268307386
850 0.0008128063180586093
1036 0.0004339996609241885
1038 0.0010207176122457593
1056 0.0006464403017122036
1164 0.0009060445366416521
1243 0.0005878935028388465
1282 0.0005544595315855724
1325 0.0005544595315855724
2190 0.0009060445366416521
2191 0.004086122285560241
2192 0.0010215305713900601
2193 0.005213198024934008
2194 0.0010215305713900601
2195 0.0011370166061384682
2196 0.0011370166061384682
2197 0.0022740332122769364