0 0.00010360515709016387
1 0.0005494856956725966
2 0.001089628176058837
3 0.00044939008413828627
4 0.0028055200659322585
5 0.0001350647307564619
6 0.00011331135962706119
7 0.0024770498383463323
8 0.000920996974022854
9 0.003523564593020247
10 0.00012555994916167365
11 0.0013323011929440589
15 0.000055337193439289376
17 0.0004875313243364415
20 0.00014256349717722765
23 0.0003835556157519472
26 0.000018360514340706863
27 0.000013301102101113839
28 0.000028658342088875557
29 0.000037354998001655535
30 0.00008005552081252168
31 0.0000055235267105798985
32 0.0005063197302306153
34 0.00017905478797340885
41 0.00018725926302105958
43 0.0002495926820907704
44 0.00030172602991334203
45 0.000011692308997607148
48 0.0005651601204566159
50 0.00004529586521301164
53 0.0017486169824817651
54 0.0014448995366869348
59 0.000012924366889422343
60 0.000012924366889422343
74 0.0003943146805323207
87 0.0007361723269582895
95 0.0005477037159289957
96 0.00042730158096661747
97 0.0000602039675312256
103 0.00034164535880717864
119 0.000308970277376323
124 0.00045619878530002813
136 0.00029565439233481325
140 0.0004011905379293356
163 0.00029998219746697925
167 0.0003185136261757804
169 0.0005326980994101582
200 0.0002833071793801778
201 0.0003782900330627366
247 0.0003148783300420517
249 0.0006378942679921852
250 0.0005878935028388465
276 0.0003697439993427182
328 0.0003260311928669616
357 0.0014750011320375594
391 0.0004605016093796513
436 0.0006146083728946911
446 0.0004176750344063272
481 0.0004339996609241885
516 0.0012757885359843703
539 0.0005494856956725966
567 0.0007096674962648366
589 0.004963856097895333
590 0.0005103588061228796
636 0.0007533803027405932
690 0.0007230035022084448
697 0.0017636805085165395
703 0.0009982446762925661
1328 0.0006973202833102012
1714 0.0006750724671448359
2208 0.000790558501893244
2209 0.0011370166061384682
2210 0.0011370166061384682
2211 0.0011370166061384682