6 0.00015863590347788565
10 0.00005231664548403069
15 0.00033202316063573624
20 0.00014256349717722765
26 0.000018360514340706863
27 0.000026602204202227678
28 0.000019105561392583703
29 0.000016009284857852372
31 0.000016570580131739694
32 0.0001446627800658901
34 0.00005968492932446962
41 0.00018725926302105958
43 0.0001247963410453852
44 0.00015086301495667102
45 0.00000876923174820536
48 0.00014129003011415398
50 0.00018118346085204656
54 0.000160544392965215
56 0.00034358542739842214
57 0.0007206734303456206
59 0.000019386550334133513
60 0.000012924366889422343
72 0.0003697439993427182
74 0.0001314382268441069
75 0.0015449519913921072
80 0.0003393671988105698
84 0.0005494856956725966
91 0.00023463399997311992
93 0.0002302492435057135
95 0.00047924075143787115
96 0.0004985185111277203
97 0.0000602039675312256
100 0.00028855347451293045
103 0.00008541133970179466
108 0.0005085159291886202
119 0.00046345541606448445
122 0.0018470242528715545
124 0.0011404969632500704
125 0.00114041376478281
132 0.00019350436353001335
136 0.00029565439233481325
138 0.00029998219746697925
139 0.0002495926820907704
140 0.0004011905379293356
143 0.0002681502686494669
148 0.00039487277137447156
158 0.0007530907959264412
159 0.0009860738647107213
163 0.00029998219746697925
168 0.00004914275771090647
169 0.0002663490497050791
171 0.0008353500688126544
175 0.00028530254609905744
177 0.00044410039764801966
185 0.00023389514674621796
200 0.0005666143587603556
202 0.00030783737547859243
215 0.0005446560494091424
216 0.0006075174674600367
251 0.0003066922772966927
300 0.00015131149740680623
339 0.007655382091843195
354 0.0004955391650005044
372 0.0010661575080709474
389 0.00045485323355897795
396 0.0008128063180586093
398 0.0003632093920196124
410 0.0008688663374890013
442 0.00036481917391093806
475 0.0005052002574614732
481 0.0004339996609241885
496 0.0003493811814946261
530 0.0002736737953600468
554 0.0003600357507382571
585 0.0003987932141285859
590 0.0005103588061228796
703 0.0004991223381462831
730 0.0006554485025236457
743 0.0003800531302520963
775 0.00036481917391093806
780 0.0007096674962648366
820 0.000629765283625402
839 0.0009510435709733304
913 0.0032891234166657706
1132 0.00044410039764801966
1573 0.0007709345372720537
1582 0.0013401727475765846
1774 0.0007096674962648366
1891 0.004338021013250669
2229 0.007959116242969277
2230 0.006342311756491564
2231 0.018387550285021082
2232 0.0011370166061384682
2233 0.013590668049624782
2234 0.0009060445366416521
2235 0.001581117003786488
2236 0.002861926715115783
2237 0.0010215305713900601
2238 0.0010215305713900601
2239 0.0007709345372720537
2240 0.0010215305713900601
2241 0.0011370166061384682
2242 0.0011370166061384682
2243 0.0007709345372720537