0 0.0003108154712704916
6 0.00015863590347788565
8 0.0016117447045399945
10 0.00007324330367764296
15 0.00016601158031786812
16 0.0024880581250814864
17 0.00024376566216822076
18 0.0003172930263603734
20 0.00014256349717722765
26 0.000018360514340706863
27 0.00004655385735389843
28 0.00003343473243702148
29 0.000016009284857852372
31 0.000027617633552899494
32 0.00007233139003294505
34 0.00011936985864893924
36 0.00034879085198948
43 0.00037438902313615557
44 0.00015086301495667102
45 0.000023384617995214297
50 0.00018118346085204656
57 0.00018016835758640515
59 0.000019386550334133513
60 0.000012924366889422343
64 0.0017825443845492855
65 0.000466348213813385
72 0.0003697439993427182
74 0.0001314382268441069
79 0.0011519752882561186
80 0.0003393671988105698
81 0.00033390404938987825
93 0.0002302492435057135
95 0.00047924075143787115
96 0.0004985185111277203
100 0.00028855347451293045
103 0.00017082267940358932
109 0.0034365157600813848
119 0.000308970277376323
121 0.0002131283281512035
124 0.00022809939265001406
136 0.0005913087846696265
140 0.0004011905379293356
161 0.00032348746208875627
168 0.00004914275771090647
172 0.00047827455522378713
195 0.00021509233277500263
201 0.0003782900330627366
202 0.00030783737547859243
214 0.0002477233572712043
219 0.0007232300299518704
247 0.0006297566600841033
259 0.0003407614423411458
265 0.00048441707494682545
271 0.0017660689104614788
354 0.0004955391650005044
384 0.0019147817070720818
392 0.00047869542676802046
417 0.0003600357507382571
455 0.000466348213813385
458 0.0003818350844534872
459 0.000570339268307386
469 0.008192821831792556
475 0.0002526001287307366
496 0.0003493811814946261
538 0.00037310999523034225
555 0.00034358542739842214
654 0.00038729823387417876
690 0.0007230035022084448
691 0.001150908910193625
703 0.0004991223381462831
734 0.0010055685372451738
878 0.0006378942679921852
1180 0.005991216543500566
1207 0.0007709345372720537
1242 0.004519008951093555
1264 0.0018225524023801102
1283 0.0005266264618316295
2248 0.0011370166061384682
2249 0.005107652856950301
2250 0.0011370166061384682
2251 0.0025154686108705584
2252 0.0007096674962648366
2253 0.000953975571705261