0 0.00020721031418032774
10 0.00003138998729041841
15 0.000055337193439289376
20 0.00014256349717722765
24 0.00012749924599488326
26 0.000018360514340706863
27 0.000013301102101113839
28 0.000014329171044437778
29 0.000010672856571901583
31 0.000022094106842319594
32 0.00021699417009883517
45 0.00000876923174820536
59 0.000012924366889422343
60 0.000012924366889422343
80 0.0003393671988105698
81 0.00033390404938987825
82 0.0004991223381462831
95 0.00013692592898224894
96 0.00014243386032220583
97 0.0000602039675312256
103 0.00008541133970179466
124 0.0011404969632500704
125 0.00019006896079713502
138 0.0005999643949339585
168 0.00004914275771090647
172 0.00023913727761189357
221 0.0004090179636081414
222 0.0003748188423091808
252 0.000635495210823793
273 0.0003697439993427182
300 0.0007565574870340312
436 0.0006146083728946911
450 0.000685825303055794
469 0.0009638613919755949
470 0.00044672424919219483
490 0.0005648761188866944
491 0.0005544595315855724
530 0.0002736737953600468
597 0.0010215305713900601
656 0.0024384189541758277
680 0.0005309542669637955
703 0.0004991223381462831
714 0.0005027842686225869
740 0.0005595864323964277
913 0.0004111404270832213
940 0.0005544595315855724
941 0.000953975571705261
1060 0.0011089190631711448
1304 0.0005595864323964277
1784 0.000790558501893244
1922 0.0012928806034244072
1925 0.0012440290625407432
2084 0.0006554485025236457
2254 0.0011370166061384682
2255 0.0018120890732833041
2256 0.0011370166061384682
2257 0.0056850830306923415
2258 0.0011370166061384682
2259 0.0011370166061384682