6 0.00020396044732871014
10 0.00005231664548403069
20 0.00014256349717722765
25 0.00004914275771090647
26 0.000009180257170353432
27 0.00004655385735389843
28 0.000014329171044437778
29 0.000021345713143803165
30 0.00024016656243756505
31 0.00003314116026347939
32 0.0001446627800658901
34 0.00017905478797340885
43 0.0001247963410453852
44 0.00015086301495667102
45 0.000005846154498803574
50 0.0002717751912780698
57 0.00018016835758640515
59 0.000012924366889422343
60 0.000012924366889422343
65 0.000466348213813385
74 0.0003943146805323207
82 0.0004991223381462831
90 0.0003600357507382571
93 0.0002302492435057135
95 0.00041077778694674673
96 0.00042730158096661747
97 0.0001204079350624512
100 0.00014427673725646523
103 0.00008541133970179466
117 0.00038545720818497763
119 0.000617940554752646
121 0.0021312832815120353
124 0.0011404969632500704
134 0.00020241617375177045
139 0.0002495926820907704
158 0.0007530907959264412
159 0.00014086769495867446
168 0.00009828551542181294
180 0.0005052002574614732
218 0.003110072656351858
224 0.0005182941691667408
225 0.0005353974937352319
251 0.0009200768318900781
252 0.00021183173694126436
328 0.0003260311928669616
350 0.0005353974937352319
392 0.00047869542676802046
445 0.002312803611816161
454 0.0007672726067957501
456 0.00040485246840563934
482 0.0008056162688366655
517 0.007558519489447016
518 0.01327989742807078
519 0.0012665349361353025
520 0.0011370166061384682
521 0.0011370166061384682
522 0.0011370166061384682
523 0.0011370166061384682
524 0.0006220145312703716
525 0.0006220145312703716
526 0.0011370166061384682
527 0.0006007160688395344
528 0.0011370166061384682
529 0.00044939008413828627
530 0.0002736737953600468
531 0.0012757885359843703
532 0.0011370166061384682
533 0.0011370166061384682
534 0.0010215305713900601
535 0.0011370166061384682
536 0.0011370166061384682
537 0.000953975571705261
538 0.0007462199904606845
539 0.0010989713913451932