0 0.00020721031418032774
5 0.0004051941922693857
6 0.00002266227192541224
10 0.000020926658193612276
15 0.0002213487737571575
17 0.00024376566216822076
26 0.000018360514340706863
27 0.000026602204202227678
28 0.000014329171044437778
29 0.000010672856571901583
31 0.0000055235267105798985
32 0.00021699417009883517
34 0.00023873971729787848
41 0.00018725926302105958
45 0.000011692308997607148
46 0.0016365888584483623
48 0.00028258006022830796
49 0.0002231883932943071
50 0.00004529586521301164
52 0.0037779457476387
53 0.0017486169824817651
54 0.0008027219648260749
57 0.00018016835758640515
59 0.000019386550334133513
60 0.000006462183444711172
71 0.00033256580019006747
76 0.00023762262054737309
77 0.00043897349683716435
92 0.00036481917391093806
95 0.0003423148224556223
96 0.0004985185111277203
97 0.0001204079350624512
100 0.00014427673725646523
121 0.0002131283281512035
124 0.00022809939265001406
132 0.00019350436353001335
136 0.0005913087846696265
139 0.0001247963410453852
142 0.0004520992678889995
159 0.0004226030848760234
170 0.001316920490511493
174 0.0004111404270832213
214 0.0004954467145424086
234 0.00038363630339787504
255 0.0019130982208951485
267 0.0005494856956725966
273 0.0003697439993427182
297 0.0013481702524148589
298 0.001497367014438849
299 0.0028888378591852
302 0.0015345452135915002
308 0.0015928628008913862
362 0.00029998219746697925
398 0.0003632093920196124
417 0.0003600357507382571
434 0.00032731777168967243
450 0.000685825303055794
456 0.00040485246840563934
470 0.00044672424919219483
475 0.0002526001287307366
496 0.0003493811814946261
497 0.00044672424919219483
644 0.0005399624677752377
645 0.0005353974937352319
654 0.00038729823387417876
678 0.000629765283625402
703 0.0004991223381462831
719 0.0005544595315855724
775 0.00036481917391093806
831 0.0012440290625407432
839 0.0004755217854866652
865 0.0004520992678889995
940 0.0005544595315855724
960 0.0004724074680904385
1566 0.0012014321376790688
2111 0.0008688663374890013
2243 0.0007709345372720537
2260 0.0011370166061384682
2261 0.0011370166061384682
2262 0.0011370166061384682
2263 0.0011370166061384682
2264 0.0011370166061384682
2265 0.0011370166061384682
2266 0.0022740332122769364
2267 0.0009060445366416521
2268 0.0011370166061384682
2269 0.0011370166061384682
2270 0.0011370166061384682
2271 0.0020430611427801203
2272 0.0011370166061384682
2273 0.000685825303055794
2274 0.0011370166061384682
2275 0.0011370166061384682