6 0.00009064908770164895
10 0.00004185331638722455
15 0.00016601158031786812
20 0.00014256349717722765
23 0.0001917778078759736
24 0.00012749924599488326
25 0.00004914275771090647
26 0.000013770385755530148
27 0.00001995165315167076
28 0.000014329171044437778
29 0.000016009284857852372
30 0.00016011104162504336
31 0.000022094106842319594
32 0.0001446627800658901
34 0.00005968492932446962
41 0.00018725926302105958
42 0.00029780424319051263
43 0.0001247963410453852
44 0.00015086301495667102
45 0.000005846154498803574
48 0.00028258006022830796
50 0.00009059173042602328
59 0.000012924366889422343
60 0.000012924366889422343
74 0.0001314382268441069
75 0.00030899039827842145
91 0.00023463399997311992
95 0.0006161666804201201
96 0.0006409523714499261
97 0.0000602039675312256
100 0.00014427673725646523
115 0.0007096674962648366
119 0.0001544851386881615
125 0.00038013792159427004
134 0.00020241617375177045
139 0.0004991853641815408
153 0.00022952953988283507
161 0.00032348746208875627
168 0.00004914275771090647
214 0.0002477233572712043
235 0.000244549715989849
430 0.0006651316003801349
590 0.002551794030614398
602 0.0004955391650005044
617 0.0006146083728946911
635 0.0005182941691667408
675 0.0006007160688395344
703 0.0004991223381462831
799 0.0011348700991882098
806 0.0024415331909722134
882 0.0008128063180586093
975 0.0022178381263422897
1071 0.0007533803027405932
1142 0.00040280813441833274
1158 0.0007533803027405932
1161 0.0006649717304210047
1475 0.0020430611427801203
1594 0.0006554485025236457
1720 0.0009060445366416521
1725 0.006677829001936826
1747 0.002861926715115783
1994 0.0006075174674600367
2230 0.0036241781465666083
2235 0.000790558501893244
2276 0.001907951143410522