5 0.0001350647307564619
6 0.00009064908770164895
10 0.00004185331638722455
15 0.00033202316063573624
24 0.0003824977379846497
25 0.00004914275771090647
26 0.000013770385755530148
27 0.0000665055105055692
28 0.000014329171044437778
29 0.00002668214142975396
30 0.00016011104162504336
31 0.000022094106842319594
32 0.0001446627800658901
36 0.00017439542599474
41 0.00018725926302105958
45 0.000005846154498803574
48 0.00014129003011415398
50 0.0001358875956390349
56 0.0006871708547968443
57 0.00018016835758640515
59 0.000006462183444711172
60 0.000012924366889422343
74 0.0001314382268441069
75 0.0012359615931136858
77 0.00043897349683716435
79 0.0005759876441280593
89 0.00033798452589909114
91 0.00023463399997311992
95 0.0006161666804201201
96 0.0006409523714499261
97 0.0000602039675312256
100 0.00028855347451293045
119 0.000308970277376323
125 0.000570206882391405
139 0.0002495926820907704
146 0.00036481917391093806
153 0.00022952953988283507
158 0.0003765453979632206
159 0.0002817353899173489
161 0.00032348746208875627
164 0.00033123821444378676
165 0.00046935029736931276
168 0.00009828551542181294
175 0.00028530254609905744
203 0.0003136839799123262
211 0.0005446560494091424
214 0.0002477233572712043
235 0.000244549715989849
252 0.0004236634738825287
300 0.00015131149740680623
328 0.0003260311928669616
351 0.002621794010094583
393 0.00963861391975595
398 0.002179256352117674
538 0.00037310999523034225
681 0.001140678536614772
703 0.0004991223381462831
714 0.0005027842686225869
799 0.0003782900330627366
805 0.0005353974937352319
806 0.00040692219849536895
933 0.0005224082332437771
1252 0.000570339268307386
1287 0.0005595864323964277
1312 0.001994915191263014
1456 0.0053965417609043755
1870 0.002718133609924956
2161 0.0012757885359843703
2277 0.000953975571705261
2278 0.0008688663374890013
2279 0.005030937221741117
2280 0.0011370166061384682