0 0.00010360515709016387
2 0.002905675136156899
4 0.000801577161694931
5 0.0001350647307564619
6 0.0000679868157762367
7 0.0007077285252418094
8 0.001381495461034281
9 0.0007047129186040493
10 0.00006277997458083683
15 0.00011067438687857875
17 0.00024376566216822076
18 0.0003172930263603734
20 0.00014256349717722765
23 0.0001917778078759736
24 0.00012749924599488326
25 0.00029485654626543883
26 0.000009180257170353432
27 0.000026602204202227678
28 0.00004776390348145926
29 0.000037354998001655535
30 0.00008005552081252168
31 0.000038664686974059284
32 0.0001446627800658901
34 0.0008355890105425746
36 0.00052318627798422
41 0.00037451852604211916
43 0.0002495926820907704
45 0.000002923077249401787
48 0.00028258006022830796
50 0.00009059173042602328
55 0.0004520992678889995
59 0.000006462183444711172
60 0.000012924366889422343
71 0.00033256580019006747
74 0.0002628764536882138
75 0.0012359615931136858
76 0.00047524524109474617
95 0.00047924075143787115
96 0.00042730158096661747
97 0.0000602039675312256
100 0.00014427673725646523
110 0.0007200715014765141
119 0.0007724256934408075
125 0.000570206882391405
130 0.00036808616347914477
139 0.0001247963410453852
140 0.0004011905379293356
144 0.0014604360988099382
148 0.0007897455427489431
159 0.0008452061697520468
165 0.00046935029736931276
167 0.0009555408785273412
189 0.0009510435709733304
194 0.000867999321848377
195 0.0008603693311000105
201 0.0003782900330627366
202 0.00030783737547859243
231 0.000685825303055794
235 0.000244549715989849
247 0.0006297566600841033
252 0.0004236634738825287
262 0.0006929162084904484
314 0.0019393209051366106
389 0.00045485323355897795
475 0.0005052002574614732
499 0.001694628356660083
530 0.0002736737953600468
589 0.0003818350844534872
599 0.0004991223381462831
602 0.0009910783300010088
654 0.00038729823387417876
668 0.0017825443845492855
670 0.003565088769098571
691 0.00038363630339787504
727 0.0010989713913451932
808 0.000570339268307386
847 0.0015067606054811865
870 0.0006075174674600367
913 0.001233421281249664
1036 0.0013019989827725655
1066 0.00048193069598779744
1142 0.0008056162688366655
1176 0.0012928806034244072
1240 0.00906044536641652
1334 0.0007709345372720537
1347 0.0008688663374890013
1367 0.0015067606054811865
1440 0.0006464403017122036
1459 0.001581117003786488
1466 0.0010215305713900601
1497 0.0007230035022084448
1642 0.0006146083728946911
1721 0.0008384895369568529
1731 0.0010215305713900601
1810 0.0010215305713900601
1828 0.0008688663374890013
1868 0.0006075174674600367
1891 0.0007230035022084448
1942 0.000790558501893244
2243 0.0007709345372720537
2252 0.0007096674962648366
2281 0.0020430611427801203
2282 0.0017377326749780026
2283 0.0142543221282665
2284 0.01250718266752315
2285 0.0011370166061384682
2286 0.0010215305713900601
2287 0.011568056035335117
2288 0.000953975571705261
2289 0.000953975571705261
2290 0.0008688663374890013
2291 0.0010215305713900601
2292 0.004086122285560241
2293 0.0008384895369568529
2294 0.001907951143410522
2295 0.000953975571705261
2296 0.0011370166061384682
2297 0.0011370166061384682