2 0.002179256352117674
5 0.001215582576808157
6 0.00011331135962706119
8 0.001381495461034281
10 0.000020926658193612276
15 0.000055337193439289376
17 0.00024376566216822076
23 0.0001917778078759736
25 0.00004914275771090647
26 0.000009180257170353432
27 0.00001995165315167076
28 0.00002388195174072963
29 0.000021345713143803165
30 0.00008005552081252168
31 0.000022094106842319594
32 0.0006509825102965055
34 0.00017905478797340885
36 0.00017439542599474
41 0.00018725926302105958
43 0.0002495926820907704
45 0.000002923077249401787
48 0.00028258006022830796
50 0.00004529586521301164
59 0.000006462183444711172
60 0.000012924366889422343
74 0.0003943146805323207
90 0.0007200715014765141
91 0.0018770719997849594
95 0.0006161666804201201
96 0.0005697354412888233
97 0.0001204079350624512
103 0.00008541133970179466
110 0.0003600357507382571
119 0.0010813959708171304
122 0.00030783737547859243
125 0.0007602758431885401
132 0.00116102618118008
134 0.00020241617375177045
138 0.0020998753822688548
139 0.0004991853641815408
144 0.00020863372840141978
159 0.0011269415596693957
161 0.0006469749241775125
165 0.023467514868465638
167 0.0003185136261757804
168 0.00004914275771090647
172 0.00023913727761189357
189 0.0009510435709733304
200 0.0002833071793801778
201 0.0003782900330627366
203 0.0003136839799123262
234 0.00038363630339787504
247 0.0018892699802523102
252 0.0004236634738825287
255 0.0007174118328356807
262 0.0006929162084904484
265 0.0009688341498936509
266 0.0003010819448897304
372 0.0007107716720472983
419 0.0007533803027405932
481 0.0004339996609241885
530 0.0005473475907200936
567 0.0007096674962648366
602 0.0014866174950015133
613 0.0004176750344063272
668 0.029114891614304993
708 0.0020430611427801203
714 0.0010055685372451738
727 0.0005494856956725966
742 0.00040692219849536895
847 0.00226014090822178
855 0.0006649717304210047
871 0.0007375005660187797
894 0.015402757122908084
1036 0.001735998643696754
1056 0.0012928806034244072
1139 0.0033539581478274115
1160 0.0007096674962648366
1177 0.0006220145312703716
1200 0.001694628356660083
1266 0.000629765283625402
1334 0.0007709345372720537
1380 0.0007709345372720537
1405 0.0017377326749780026
1451 0.0006146083728946911
1824 0.0016769790739137058
1828 0.0008688663374890013
2286 0.0010215305713900601
2290 0.0008688663374890013
2298 0.021603315516630896
2299 0.0010215305713900601
2300 0.0250143653350463
2301 0.04431218321193907
2302 0.002606599012467004
2303 0.000685825303055794
2304 0.00306459171417018
2305 0.0011370166061384682
2306 0.00306459171417018
2307 0.0034110498184154047
2308 0.0011370166061384682