6 0.00015863590347788565
7 0.0003538642626209047
10 0.00005231664548403069
15 0.000055337193439289376
23 0.0001917778078759736
26 0.000018360514340706863
27 0.00001995165315167076
28 0.000014329171044437778
29 0.000016009284857852372
31 0.000027617633552899494
34 0.00005968492932446962
36 0.00069758170397896
43 0.0001247963410453852
45 0.000011692308997607148
50 0.0002264793260650582
56 0.00034358542739842214
57 0.00018016835758640515
59 0.000019386550334133513
60 0.000025848733778844687
64 0.002376725846065714
67 0.003144430633451634
68 0.0024168488065099965
69 0.004240029290034754
75 0.0006179807965568429
81 0.00033390404938987825
82 0.0004991223381462831
92 0.00036481917391093806
93 0.0002302492435057135
100 0.00028855347451293045
108 0.0005085159291886202
119 0.0007724256934408075
122 0.00030783737547859243
124 0.00022809939265001406
125 0.00038013792159427004
127 0.0006220145312703716
129 0.0004724074680904385
132 0.00019350436353001335
133 0.00032475447298266157
134 0.00020241617375177045
138 0.00029998219746697925
141 0.0005103588061228796
145 0.0009982446762925661
158 0.0007530907959264412
164 0.0006624764288875735
165 0.0009387005947386255
166 0.0004605016093796513
167 0.0006370272523515608
168 0.00009828551542181294
172 0.00023913727761189357
178 0.003083738149088215
185 0.00023389514674621796
200 0.0002833071793801778
202 0.00030783737547859243
203 0.0003136839799123262
265 0.0009688341498936509
266 0.0009032458346691911
295 0.010872534439699825
304 0.0010661575080709474
313 0.0019136828039765554
314 0.0006464403017122036
414 0.0006075174674600367
437 0.001316920490511493
469 0.00048193069598779744
483 0.0003800531302520963
490 0.0011297522377733888
491 0.0011089190631711448
492 0.000685825303055794
509 0.00047869542676802046
529 0.00044939008413828627
530 0.0005473475907200936
550 0.00040280813441833274
571 0.0007533803027405932
575 0.00047869542676802046
599 0.0004991223381462831
613 0.0004176750344063272
625 0.0019136828039765554
635 0.0005182941691667408
671 0.0003910424617735554
700 0.0003910424617735554
736 0.000570339268307386
742 0.00040692219849536895
767 0.0008138443969907379
820 0.005038122269003216
982 0.0041152545198719255
1069 0.0011904643853146134
1142 0.0008056162688366655
1314 0.0005446560494091424
1318 0.0006649717304210047
1325 0.0005544595315855724
1349 0.0006649717304210047
1403 0.0006649717304210047
1495 0.0006464403017122036
1597 0.0006554485025236457
1879 0.000953975571705261
1880 0.000953975571705261
1977 0.0016256126361172186
2243 0.0007709345372720537
2293 0.0016769790739137058
2309 0.01225836685668072
2310 0.0056850830306923415
2311 0.0010215305713900601
2312 0.0006750724671448359
2313 0.0020919608499306037
2314 0.0011370166061384682
2315 0.004086122285560241