6 0.00004532454385082448
8 0.0006907477305171405
10 0.000020926658193612276
15 0.000055337193439289376
18 0.0003172930263603734
24 0.0003824977379846497
25 0.00009828551542181294
26 0.000018360514340706863
27 0.000013301102101113839
28 0.000014329171044437778
29 0.000016009284857852372
30 0.00008005552081252168
31 0.000027617633552899494
32 0.00043398834019767033
34 0.00005968492932446962
45 0.000011692308997607148
47 0.0002708891434150717
50 0.00009059173042602328
52 0.00566691862145805
53 0.0017486169824817651
54 0.000160544392965215
55 0.0004520992678889995
59 0.000025848733778844687
60 0.000038773100668267026
97 0.0000602039675312256
100 0.00028855347451293045
121 0.0002131283281512035
130 0.00036808616347914477
132 0.00019350436353001335
137 0.000570339268307386
140 0.0004011905379293356
142 0.000904198535777999
168 0.00004914275771090647
201 0.0003782900330627366
202 0.00030783737547859243
213 0.00036481917391093806
219 0.0003616150149759352
243 0.0007709345372720537
251 0.0003066922772966927
252 0.000635495210823793
262 0.0010393743127356727
265 0.00024220853747341272
276 0.0007394879986854364
290 0.0005648761188866944
299 0.0019258919061234667
305 0.0005648761188866944
308 0.0005309542669637955
311 0.00033798452589909114
331 0.0003136839799123262
370 0.0004221783120451008
391 0.0004605016093796513
479 0.000629765283625402
481 0.000867999321848377
515 0.00043897349683716435
552 0.002861926715115783
585 0.0011963796423857577
680 0.0005309542669637955
686 0.0028516963415369297
687 0.0025326424826098174
721 0.0006146083728946911
780 0.0014193349925296732
786 0.000570339268307386
799 0.0003782900330627366
814 0.0009060445366416521
916 0.003232201508561018
918 0.0008128063180586093
950 0.0005353974937352319
1310 0.0008688663374890013
1419 0.0007375005660187797
1438 0.0006750724671448359
1609 0.0009060445366416521
1648 0.0006075174674600367
1724 0.0005878935028388465
1753 0.0008688663374890013
2111 0.0008688663374890013
2251 0.0008384895369568529
2316 0.0011370166061384682
2317 0.0022740332122769364
2318 0.004548066424553873
2319 0.0022740332122769364
2320 0.0011370166061384682