0 0.00010360515709016387
5 0.0001350647307564619
6 0.0001812981754032979
10 0.00011509662006486752
17 0.0004875313243364415
18 0.0003172930263603734
23 0.0001917778078759736
25 0.00004914275771090647
26 0.000018360514340706863
27 0.00001995165315167076
28 0.000014329171044437778
29 0.000016009284857852372
30 0.00008005552081252168
31 0.000022094106842319594
32 0.0001446627800658901
34 0.00011936985864893924
41 0.00018725926302105958
43 0.0002495926820907704
44 0.00015086301495667102
45 0.000005846154498803574
46 0.0009819533150690174
48 0.0005651601204566159
49 0.0002231883932943071
50 0.00009059173042602328
59 0.000006462183444711172
60 0.000025848733778844687
74 0.0002628764536882138
82 0.0004991223381462831
89 0.00033798452589909114
95 0.0007530926094023691
96 0.000783386231772132
97 0.0000602039675312256
100 0.00014427673725646523
103 0.0004270566985089733
121 0.0002131283281512035
140 0.0002005952689646678
168 0.00004914275771090647
179 0.0005027842686225869
211 0.0005446560494091424
217 0.003134336296870264
219 0.0003616150149759352
252 0.0004236634738825287
262 0.0006929162084904484
278 0.0004991223381462831
300 0.0016644264714748686
302 0.0019181815169893753
327 0.0019147817070720818
370 0.0008443566240902016
374 0.0006220145312703716
613 0.0004176750344063272
623 0.0004605016093796513
740 0.0005595864323964277
960 0.0004724074680904385
1108 0.0013108970050472915
1252 0.000570339268307386
1360 0.0005941814615164285
2321 0.007959116242969277
2322 0.0011370166061384682
2323 0.0011370166061384682
2324 0.0011370166061384682
2325 0.0008384895369568529