6 0.0000679868157762367
8 0.0006907477305171405
10 0.00003138998729041841
15 0.00011067438687857875
17 0.00024376566216822076
25 0.00004914275771090647
26 0.000018360514340706863
27 0.000013301102101113839
28 0.000019105561392583703
29 0.000010672856571901583
31 0.000022094106842319594
34 0.00011936985864893924
36 0.00017439542599474
43 0.0004991853641815408
45 0.000011692308997607148
54 0.000160544392965215
59 0.000012924366889422343
60 0.000038773100668267026
67 0.0013975247259785043
68 0.0012084244032549982
69 0.004625486498219732
78 0.0005309542669637955
90 0.0007200715014765141
97 0.0000602039675312256
110 0.0003600357507382571
119 0.000308970277376323
168 0.00004914275771090647
172 0.00023913727761189357
180 0.0002526001287307366
201 0.0011348700991882098
247 0.0009446349901261551
265 0.00024220853747341272
266 0.0003010819448897304
307 0.0003818350844534872
517 0.002834444808542631
530 0.0002736737953600468
573 0.0004885960299787504
589 0.0015273403378139488
624 0.0024096534799389873
697 0.001175787005677693
913 0.0004111404270832213
933 0.0005224082332437771
950 0.0005353974937352319
1027 0.0021690105066253344
1142 0.00040280813441833274
1263 0.002430069869840147
1314 0.0005446560494091424
1426 0.000790558501893244
1433 0.00395279250946622
2326 0.0022740332122769364
2327 0.0006464403017122036
2328 0.0008384895369568529
2329 0.000953975571705261
2330 0.0010215305713900601