0 0.00010360515709016387
6 0.0000679868157762367
10 0.00003138998729041841
15 0.00011067438687857875
17 0.00024376566216822076
18 0.0006345860527207468
20 0.00014256349717722765
25 0.00004914275771090647
26 0.00003213090009623701
27 0.000026602204202227678
28 0.000014329171044437778
29 0.000010672856571901583
30 0.00016011104162504336
31 0.000022094106842319594
34 0.00011936985864893924
41 0.00018725926302105958
45 0.000014615386247008935
50 0.0001358875956390349
57 0.00018016835758640515
59 0.000012924366889422343
60 0.00005169746755768937
72 0.0003697439993427182
74 0.0001314382268441069
92 0.00036481917391093806
93 0.000460498487011427
95 0.00006846296449112447
96 0.00007121693016110292
97 0.0001204079350624512
103 0.00017082267940358932
116 0.0005353974937352319
121 0.0002131283281512035
125 0.00038013792159427004
133 0.00032475447298266157
139 0.0002495926820907704
140 0.0006017858068940034
153 0.0006885886196485052
161 0.00032348746208875627
164 0.00033123821444378676
166 0.0004605016093796513
168 0.00004914275771090647
169 0.0002663490497050791
170 0.00043897349683716435
195 0.00043018466555000526
214 0.0004954467145424086
217 0.001567168148435132
223 0.001263000643653683
234 0.00038363630339787504
235 0.000244549715989849
247 0.0012595133201682067
251 0.0006133845545933855
252 0.0004236634738825287
262 0.0006929162084904484
274 0.000629765283625402
311 0.00033798452589909114
326 0.0005399624677752377
389 0.0009097064671179559
449 0.0012804200898042838
569 0.000685825303055794
654 0.00038729823387417876
701 0.0017110178049221578
953 0.000685825303055794
1142 0.00040280813441833274
1566 0.0006007160688395344
1724 0.0005878935028388465
2331 0.0008384895369568529
2332 0.000953975571705261
2333 0.0011370166061384682
2334 0.0022740332122769364
2335 0.0010215305713900601
2336 0.0036863852328214053
2337 0.0020430611427801203