0 0.00010360515709016387
5 0.0002701294615129238
6 0.0001812981754032979
10 0.00003138998729041841
14 0.0005291341910073765
15 0.000442697547514315
24 0.00012749924599488326
25 0.00004914275771090647
26 0.000018360514340706863
27 0.00001995165315167076
28 0.000019105561392583703
29 0.00002668214142975396
31 0.000016570580131739694
32 0.0002893255601317802
43 0.0001247963410453852
44 0.00015086301495667102
45 0.000005846154498803574
50 0.00009059173042602328
52 0.0004722432184548375
53 0.0005828723274939218
54 0.000160544392965215
56 0.00034358542739842214
59 0.000006462183444711172
60 0.000012924366889422343
66 0.006297652836254021
67 0.0010481435444838782
68 0.00040280813441833274
69 0.002698200457294843
70 0.01219209477087914
71 0.0006651316003801349
72 0.0011092319980281545
73 0.0004885960299787504
74 0.0001314382268441069
75 0.00216293278794895
76 0.00023762262054737309
77 0.00043897349683716435
78 0.0005309542669637955
79 0.0005759876441280593
80 0.0006787343976211396
81 0.0006678080987797565
82 0.0004991223381462831
83 0.0008384895369568529
84 0.0016484570870177898
85 0.0007375005660187797
86 0.0010215305713900601
87 0.00036808616347914477
88 0.0009060445366416521
89 0.00033798452589909114
90 0.0003600357507382571
91 0.00046926799994623984
92 0.0007296383478218761
93 0.000460498487011427
94 0.0004885960299787504
95 0.0006161666804201201
96 0.0006409523714499261
97 0.0000602039675312256
98 0.0005977793231091805
99 0.0014460070044168896
100 0.00014427673725646523
101 0.0005353974937352319
102 0.0003910424617735554
103 0.00008541133970179466