5 0.0001350647307564619
6 0.0000679868157762367
8 0.0006907477305171405
10 0.00003138998729041841
14 0.00026456709550368824
15 0.00016601158031786812
25 0.00004914275771090647
26 0.000009180257170353432
27 0.00001995165315167076
28 0.000014329171044437778
29 0.000016009284857852372
30 0.00016011104162504336
31 0.000016570580131739694
32 0.0001446627800658901
34 0.00005968492932446962
43 0.0001247963410453852
44 0.00015086301495667102
45 0.000005846154498803574
50 0.00004529586521301164
51 0.0010448164664875542
52 0.0004722432184548375
53 0.0002914361637469609
54 0.000160544392965215
55 0.000904198535777999
57 0.00018016835758640515
59 0.000012924366889422343
60 0.000012924366889422343
67 0.006638242448397894
68 0.008458970822784987
71 0.0016628290009503375
74 0.0001314382268441069
75 0.0009269711948352643
93 0.0002302492435057135
95 0.0003423148224556223
96 0.00035608465080551457
97 0.0000602039675312256
103 0.00008541133970179466
119 0.0013903662481934533
121 0.0002131283281512035
122 0.00030783737547859243
132 0.0003870087270600267
133 0.00032475447298266157
159 0.0008452061697520468
161 0.0006469749241775125
168 0.00004914275771090647
180 0.0005052002574614732
195 0.00043018466555000526
201 0.002648030231439156
213 0.00036481917391093806
220 0.008099437016628564
224 0.004664647522500667
225 0.0005353974937352319
226 0.0005182941691667408
240 0.001013056993043927
284 0.010900363980439087
445 0.0007709345372720537
449 0.0029876468762099952
451 0.0006007160688395344
464 0.0022595044755467776
500 0.00306459171417018
529 0.00044939008413828627
538 0.0007462199904606845
540 0.0005648761188866944
541 0.0047433510113594635
542 0.014868126939380681
543 0.0009060445366416521
544 0.0005353974937352319
545 0.004086122285560241
546 0.0007709345372720537
547 0.005899036522712811
548 0.00226014090822178
549 0.0005759876441280593
550 0.0008056162688366655
551 0.0008128063180586093
552 0.000953975571705261
553 0.0008384895369568529
554 0.0003600357507382571