0 0.00010360515709016387
5 0.0001350647307564619
10 0.00012555994916167365
13 0.0006249962611345944
14 0.0007937012865110646
15 0.00011067438687857875
18 0.0006345860527207468
23 0.0003835556157519472
24 0.00012749924599488326
26 0.000013770385755530148
27 0.00001995165315167076
28 0.000004776390348145926
29 0.000005336428285950791
30 0.00008005552081252168
31 0.000011047053421159797
32 0.0001446627800658901
34 0.0003581095759468177
41 0.00018725926302105958
45 0.000014615386247008935
46 0.0009819533150690174
48 0.00028258006022830796
49 0.0002231883932943071
50 0.00009059173042602328
59 0.000032310917223555856
60 0.000012924366889422343
71 0.0019953948011404046
73 0.0004885960299787504
74 0.0001314382268441069
89 0.00033798452589909114
95 0.00013692592898224894
96 0.00021365079048330874
100 0.00028855347451293045
103 0.0004270566985089733
117 0.00038545720818497763
121 0.0002131283281512035
139 0.0001247963410453852
140 0.0006017858068940034
159 0.00014086769495867446
161 0.00032348746208875627
175 0.00028530254609905744
218 0.0018660435938111148
233 0.00038915983010845493
235 0.000244549715989849
252 0.000635495210823793
265 0.00024220853747341272
273 0.0003697439993427182
296 0.0006649717304210047
299 0.0003209819843539111
399 0.0008384895369568529
434 0.00032731777168967243
436 0.0012292167457893823
438 0.0007096674962648366
449 0.0029876468762099952
455 0.00186539285525354
530 0.0002736737953600468
644 0.0010799249355504753
645 0.0005353974937352319
676 0.0005818342485617932
703 0.0004991223381462831
805 0.0005353974937352319
960 0.0004724074680904385
1103 0.00046935029736931276
1142 0.00040280813441833274
1163 0.000953975571705261
1304 0.0005595864323964277
1582 0.0013401727475765846
1648 0.0006075174674600367
1819 0.000953975571705261
1892 0.0013299434608420094
2213 0.001907951143410522
2231 0.0010215305713900601
2331 0.0016769790739137058
2351 0.0011370166061384682
2352 0.0011370166061384682
2353 0.0010215305713900601
2354 0.0010215305713900601
2355 0.0011370166061384682
2356 0.0007375005660187797
2357 0.0011370166061384682
2358 0.000953975571705261
2359 0.0011370166061384682
2360 0.0011370166061384682
2361 0.0011370166061384682