5 0.0001350647307564619
6 0.0000679868157762367
8 0.0006907477305171405
10 0.000010463329096806138
15 0.00011067438687857875
18 0.0009518790790811201
23 0.0001917778078759736
24 0.00012749924599488326
25 0.00014742827313271942
26 0.000009180257170353432
27 0.00001995165315167076
28 0.000014329171044437778
29 0.00005336428285950792
30 0.00008005552081252168
31 0.000011047053421159797
32 0.0001446627800658901
34 0.00017905478797340885
36 0.00017439542599474
41 0.00037451852604211916
43 0.0002495926820907704
44 0.00015086301495667102
45 0.000005846154498803574
46 0.0013092710867586897
48 0.0005651601204566159
49 0.0002231883932943071
50 0.00009059173042602328
52 0.00023612160922741876
54 0.000160544392965215
59 0.000019386550334133513
60 0.000012924366889422343
65 0.001399044641440155
67 0.0003493811814946261
68 0.00040280813441833274
69 0.0015418288327399105
74 0.0001314382268441069
79 0.0005759876441280593
95 0.0006161666804201201
96 0.0006409523714499261
97 0.0000602039675312256
103 0.000512468038210768
110 0.0003600357507382571
121 0.000426256656302407
124 0.0006842981779500422
133 0.00032475447298266157
145 0.0004991223381462831
159 0.00014086769495867446
163 0.00029998219746697925
175 0.00028530254609905744
183 0.0008128063180586093
201 0.0007565800661254732
240 0.0005065284965219635
299 0.0003209819843539111
300 0.00030262299481361246
301 0.0005035547120964008
342 0.0004885960299787504
363 0.0006649717304210047
375 0.009223384906525382
434 0.00032731777168967243
448 0.0012928806034244072
530 0.0002736737953600468
580 0.0018021482065186032
644 0.0005399624677752377
645 0.0005353974937352319
713 0.0005544595315855724
960 0.0004724074680904385
1263 0.004860139739680294
1314 0.0021786241976365695
1318 0.0006649717304210047
1352 0.0009060445366416521
2043 0.0011519752882561186
2331 0.0025154686108705584
2373 0.0010215305713900601
2374 0.0011370166061384682
2375 0.0011370166061384682
2376 0.0011370166061384682
2377 0.0010215305713900601
2378 0.0010215305713900601
2379 0.0011370166061384682
2380 0.0017377326749780026
2381 0.004344331687445007
2382 0.005107652856950301
2383 0.002861926715115783
2384 0.0010215305713900601