6 0.0000679868157762367
10 0.00009416996187125524
15 0.0002213487737571575
20 0.00014256349717722765
23 0.0001917778078759736
24 0.0002549984919897665
25 0.00004914275771090647
26 0.000009180257170353432
27 0.000013301102101113839
28 0.000009552780696291852
29 0.000016009284857852372
30 0.00008005552081252168
31 0.000011047053421159797
32 0.0001446627800658901
34 0.00005968492932446962
41 0.00018725926302105958
43 0.000623981705226926
45 0.000005846154498803574
48 0.00014129003011415398
59 0.000006462183444711172
60 0.000012924366889422343
67 0.0013975247259785043
92 0.00036481917391093806
95 0.00041077778694674673
96 0.00035608465080551457
97 0.0001204079350624512
103 0.00017082267940358932
132 0.0007740174541200534
133 0.0012990178919306463
138 0.001199928789867917
151 0.0013574687952422793
168 0.00004914275771090647
233 0.0007783196602169099
235 0.000489099431979698
245 0.0006146083728946911
246 0.003779737274426663
311 0.00033798452589909114
342 0.0004885960299787504
398 0.0003632093920196124
424 0.0008688663374890013
530 0.0002736737953600468
776 0.002077341161076937
805 0.0005353974937352319
1069 0.0003968214617715378
1108 0.0006554485025236457
1205 0.0016769790739137058
1395 0.0008128063180586093
1577 0.000685825303055794
2277 0.000953975571705261
2331 0.0016769790739137058
2373 0.0010215305713900601
2385 0.0011370166061384682
2386 0.000953975571705261
2387 0.0009060445366416521
2388 0.0008688663374890013
2389 0.0008128063180586093