0 0.00010360515709016387
6 0.0003172718069557713
10 0.00011509662006486752
15 0.00011067438687857875
18 0.0003172930263603734
20 0.00014256349717722765
23 0.0001917778078759736
24 0.0002549984919897665
25 0.00014742827313271942
26 0.000013770385755530148
27 0.0000332527552527846
28 0.000019105561392583703
29 0.000010672856571901583
30 0.00008005552081252168
31 0.00004418821368463919
34 0.00011936985864893924
45 0.00000876923174820536
47 0.0002708891434150717
50 0.0001358875956390349
57 0.0007206734303456206
59 0.000006462183444711172
60 0.000025848733778844687
74 0.0001314382268441069
76 0.00023762262054737309
81 0.001335616197559513
93 0.0006907477305171405
95 0.00013692592898224894
96 0.00014243386032220583
97 0.0001204079350624512
102 0.0003910424617735554
103 0.00017082267940358932
108 0.0005085159291886202
119 0.0009269108321289689
134 0.00020241617375177045
144 0.00041726745680283956
145 0.0004991223381462831
146 0.00036481917391093806
168 0.00009828551542181294
211 0.0005446560494091424
224 0.0005182941691667408
254 0.0008128063180586093
255 0.0019130982208951485
265 0.00024220853747341272
354 0.0014866174950015133
362 0.00029998219746697925
367 0.0005759876441280593
389 0.00045485323355897795
417 0.0003600357507382571
437 0.00043897349683716435
475 0.0005052002574614732
548 0.00226014090822178
550 0.00040280813441833274
590 0.0020414352244915186
619 0.0010893120988182848
635 0.0005182941691667408
691 0.0007672726067957501
715 0.0007709345372720537
720 0.0007230035022084448
740 0.0005595864323964277
878 0.0006378942679921852
975 0.009425812036954731
1263 0.0006075174674600367
1401 0.00306459171417018
1496 0.0006973202833102012
1585 0.0007096674962648366
1801 0.0007375005660187797
1930 0.0006973202833102012
1938 0.0006146083728946911
2390 0.010277260524612171
2391 0.0010215305713900601
2392 0.0010215305713900601
2393 0.0010215305713900601
2394 0.0011370166061384682
2395 0.0010215305713900601