6 0.00011331135962706119
8 0.0011512462175285675
10 0.0000837066327744491
15 0.000055337193439289376
20 0.00014256349717722765
25 0.00004914275771090647
26 0.000018360514340706863
27 0.0000066505510505569195
28 0.000004776390348145926
29 0.000010672856571901583
31 0.000027617633552899494
34 0.00005968492932446962
45 0.000011692308997607148
50 0.00004529586521301164
57 0.0003603367151728103
59 0.000012924366889422343
60 0.000038773100668267026
66 0.005038122269003216
67 0.0013975247259785043
68 0.001611232537673331
69 0.00038545720818497763
80 0.0003393671988105698
81 0.00033390404938987825
95 0.00020538889347337336
96 0.00028486772064441167
97 0.00018061190259367678
100 0.00014427673725646523
168 0.00004914275771090647
201 0.0007565800661254732
251 0.0015334613864834636
354 0.0004955391650005044
368 0.0005494856956725966
369 0.0005544595315855724
437 0.00043897349683716435
458 0.0003818350844534872
483 0.0007601062605041926
554 0.0003600357507382571
921 0.0005759876441280593
1314 0.0005446560494091424
1318 0.0006649717304210047
2396 0.0010215305713900601