0 0.00010360515709016387
5 0.0001350647307564619
6 0.00011331135962706119
8 0.0002302492435057135
10 0.0001360232782584798
15 0.00011067438687857875
18 0.0003172930263603734
20 0.00014256349717722765
23 0.0001917778078759736
24 0.00012749924599488326
25 0.00014742827313271942
26 0.000009180257170353432
27 0.000013301102101113839
28 0.000014329171044437778
29 0.000016009284857852372
30 0.00008005552081252168
31 0.000022094106842319594
32 0.0001446627800658901
34 0.00011936985864893924
41 0.00018725926302105958
43 0.0004991853641815408
45 0.000005846154498803574
47 0.0002708891434150717
48 0.00028258006022830796
49 0.0002231883932943071
50 0.00004529586521301164
59 0.000012924366889422343
60 0.000012924366889422343
71 0.0019953948011404046
91 0.0009385359998924797
95 0.0006846296449112446
96 0.000783386231772132
97 0.0000602039675312256
100 0.00014427673725646523
103 0.00034164535880717864
121 0.000426256656302407
124 0.00045619878530002813
139 0.00037438902313615557
144 0.0016690698272113582
168 0.00004914275771090647
172 0.00023913727761189357
175 0.00028530254609905744
241 0.000466348213813385
251 0.0009200768318900781
267 0.0005494856956725966
273 0.0003697439993427182
430 0.00033256580019006747
437 0.00043897349683716435
496 0.0003493811814946261
564 0.0008384895369568529
610 0.0005759876441280593
776 0.0004154682322153874
816 0.0004852300340911263
921 0.0069118517295367115
936 0.0006554485025236457
1582 0.00044672424919219483
1756 0.000790558501893244
2397 0.000953975571705261
2398 0.0022740332122769364