0 0.0005180257854508194
6 0.00011331135962706119
10 0.00003138998729041841
23 0.0001917778078759736
25 0.00004914275771090647
26 0.000009180257170353432
27 0.00001995165315167076
28 0.000014329171044437778
29 0.000021345713143803165
31 0.000016570580131739694
32 0.0001446627800658901
41 0.00018725926302105958
43 0.0028703158440438596
44 0.00015086301495667102
45 0.00000876923174820536
46 0.0016365888584483623
48 0.0007064501505707699
49 0.0002231883932943071
50 0.00009059173042602328
52 0.00023612160922741876
54 0.000160544392965215
59 0.000032310917223555856
60 0.000012924366889422343
65 0.011658705345334626
74 0.0001314382268441069
84 0.0005494856956725966
92 0.00036481917391093806
95 0.0008215555738934935
96 0.0008546031619332349
97 0.0000602039675312256
100 0.00014427673725646523
102 0.0003910424617735554
103 0.00034164535880717864
108 0.0002542579645943101
121 0.0002131283281512035
125 0.00019006896079713502
139 0.0009983707283630816
153 0.00045905907976567014
159 0.00014086769495867446
175 0.00028530254609905744
214 0.004211297073610473
223 0.0007578003861922098
241 0.000466348213813385
259 0.0006815228846822916
266 0.0003010819448897304
302 0.00038363630339787504
434 0.00032731777168967243
517 0.0014172224042713155
554 0.0003600357507382571
585 0.008374657496700305
644 0.0005399624677752377
645 0.0005353974937352319
709 0.013716506061115881
719 0.0005544595315855724
1086 0.0005446560494091424
1283 0.013165661545790736
2399 0.00306459171417018
2400 0.0022740332122769364
2401 0.0022740332122769364
2402 0.0011370166061384682