5 0.0002701294615129238
6 0.0001812981754032979
10 0.000020926658193612276
15 0.00011067438687857875
25 0.00004914275771090647
26 0.000009180257170353432
27 0.00001995165315167076
28 0.000019105561392583703
29 0.000016009284857852372
30 0.00016011104162504336
31 0.000027617633552899494
32 0.0001446627800658901
34 0.00023873971729787848
43 0.0001247963410453852
44 0.00015086301495667102
45 0.000005846154498803574
50 0.00004529586521301164
54 0.0004816331788956449
59 0.000006462183444711172
60 0.000012924366889422343
74 0.0001314382268441069
95 0.0003423148224556223
96 0.00035608465080551457
97 0.0000602039675312256
103 0.00008541133970179466
117 0.00038545720818497763
134 0.00020241617375177045
140 0.0008023810758586712
168 0.00009828551542181294
169 0.0002663490497050791
214 0.0002477233572712043
251 0.0003066922772966927
259 0.0006815228846822916
303 0.002863125745256989
324 0.0006554485025236457
430 0.00033256580019006747
445 0.0007709345372720537
463 0.0006075174674600367
482 0.002014040672091664
488 0.0011297522377733888
489 0.0012292167457893823
555 0.00034358542739842214
556 0.004769877858526305
557 0.005436267219849912
558 0.0010215305713900601
559 0.0017377326749780026
560 0.0011370166061384682
561 0.0011370166061384682
562 0.0008384895369568529
563 0.0007709345372720537
564 0.0008384895369568529
565 0.0011370166061384682
566 0.0016256126361172186
567 0.0007096674962648366