0 0.00010360515709016387
6 0.0001359736315524734
10 0.00007324330367764296
15 0.000055337193439289376
18 0.0003172930263603734
20 0.00014256349717722765
23 0.0001917778078759736
24 0.00012749924599488326
25 0.00004914275771090647
26 0.000009180257170353432
27 0.000013301102101113839
28 0.000009552780696291852
29 0.000016009284857852372
31 0.000016570580131739694
32 0.0001446627800658901
34 0.00011936985864893924
41 0.00018725926302105958
43 0.0002495926820907704
45 0.000005846154498803574
50 0.00004529586521301164
53 0.002622925473722648
58 0.0005595864323964277
59 0.000006462183444711172
60 0.000012924366889422343
74 0.0002628764536882138
90 0.0003600357507382571
95 0.0006161666804201201
96 0.0007121693016110291
97 0.0000602039675312256
100 0.00014427673725646523
102 0.0007820849235471108
124 0.0009123975706000563
132 0.0007740174541200534
138 0.00029998219746697925
139 0.0002495926820907704
153 0.00022952953988283507
168 0.00004914275771090647
185 0.00023389514674621796
214 0.0019817868581696345
223 0.0007578003861922098
240 0.0005065284965219635
259 0.0003407614423411458
279 0.0006464403017122036
328 0.0003260311928669616
417 0.0003600357507382571
437 0.00043897349683716435
519 0.0008443566240902016
575 0.0009573908535360409
613 0.0004176750344063272
672 0.0005182941691667408
776 0.0004154682322153874
945 0.0006750724671448359
2403 0.0022740332122769364