0 0.00010360515709016387
5 0.0002701294615129238
6 0.00009064908770164895
8 0.0002302492435057135
10 0.00003138998729041841
14 0.00026456709550368824
15 0.00016601158031786812
17 0.0007312969865046622
24 0.0002549984919897665
25 0.00009828551542181294
26 0.00003213090009623701
27 0.0000332527552527846
28 0.000004776390348145926
29 0.000021345713143803165
31 0.00006628232052695878
34 0.0002984246466223481
45 0.000023384617995214297
47 0.0008126674302452151
55 0.0013562978036669984
59 0.000032310917223555856
60 0.00009047056822595639
90 0.0003600357507382571
91 0.00046926799994623984
93 0.0006907477305171405
97 0.0000602039675312256
102 0.0003910424617735554
121 0.000426256656302407
132 0.0003870087270600267
139 0.0001247963410453852
140 0.0004011905379293356
142 0.001808397071555998
143 0.0016089016118968013
144 0.0014604360988099382
149 0.0006146083728946911
168 0.00004914275771090647
180 0.0002526001287307366
196 0.0005309542669637955
203 0.0003136839799123262
214 0.0017340635008984298
217 0.006268672593740528
220 0.0005399624677752377
223 0.0030312015447688393
235 0.000244549715989849
252 0.0008473269477650574
262 0.001385832416980897
276 0.0003697439993427182
277 0.0005494856956725966
300 0.0018157379688816745
301 0.000755332068144601
302 0.00038363630339787504
307 0.0003818350844534872
311 0.0006759690517981823
331 0.0009410519397369785
481 0.0004339996609241885
509 0.0009573908535360409
588 0.0014460070044168896
745 0.000953975571705261
942 0.0006464403017122036
1200 0.0011297522377733888
1207 0.0007709345372720537
1436 0.0008688663374890013
1572 0.009223384906525382
1922 0.0038786418102732213
1925 0.0024880581250814864
2046 0.0016769790739137058
2404 0.0022740332122769364
2405 0.0022740332122769364
2406 0.0011370166061384682
2407 0.0022740332122769364
2408 0.0022740332122769364
2409 0.000953975571705261
2410 0.0009060445366416521
2411 0.0011370166061384682