0 0.00010360515709016387
5 0.0001350647307564619
6 0.00009064908770164895
10 0.00007324330367764296
14 0.001058268382014753
15 0.0004980347409536044
25 0.00004914275771090647
26 0.000009180257170353432
27 0.00001995165315167076
28 0.000014329171044437778
29 0.000016009284857852372
30 0.0004002776040626084
31 0.000016570580131739694
32 0.0001446627800658901
33 0.0042796960693799865
34 0.00005968492932446962
42 0.0014890212159525632
44 0.00015086301495667102
45 0.000002923077249401787
47 0.0005417782868301434
48 0.00014129003011415398
50 0.00009059173042602328
52 0.0004722432184548375
53 0.0008743084912408826
54 0.000160544392965215
59 0.000006462183444711172
60 0.000012924366889422343
67 0.0006987623629892522
68 0.0008056162688366655
69 0.005396400914589686
75 0.002780913584505793
80 0.0003393671988105698
81 0.0006678080987797565
82 0.0004991223381462831
97 0.0000602039675312256
98 0.00029888966155459023
100 0.00014427673725646523
103 0.00008541133970179466
108 0.0005085159291886202
121 0.0002131283281512035
133 0.00032475447298266157
139 0.0001247963410453852
141 0.004593229255105916
142 0.0004520992678889995
151 0.0003393671988105698
167 0.0003185136261757804
168 0.00004914275771090647
169 0.0005326980994101582
181 0.006507031519876003
186 0.00040692219849536895
192 0.004425003396112678
211 0.0005446560494091424
214 0.0012386167863560214
215 0.0010893120988182848
225 0.0016061924812056955
362 0.0005999643949339585
367 0.0005759876441280593
368 0.0005494856956725966
369 0.0005544595315855724
589 0.004963856097895333
613 0.0004176750344063272
618 0.003908768239830003
767 0.0008138443969907379
839 0.0004755217854866652
840 0.0005027842686225869
1476 0.0012292167457893823
1582 0.00044672424919219483
1921 0.0007230035022084448
2412 0.004086122285560241
2413 0.0011370166061384682
2414 0.004876837908351655
2415 0.0011370166061384682
2416 0.0022740332122769364
2417 0.0011370166061384682
2418 0.0011370166061384682
2419 0.0011370166061384682
2420 0.0011370166061384682
2421 0.0011370166061384682
2422 0.0011370166061384682
2423 0.0011370166061384682
2424 0.0011370166061384682