6 0.00002266227192541224
8 0.0002302492435057135
10 0.00005231664548403069
14 0.00026456709550368824
15 0.00011067438687857875
18 0.0003172930263603734
25 0.00009828551542181294
26 0.000009180257170353432
27 0.000013301102101113839
28 0.000014329171044437778
29 0.000016009284857852372
30 0.00016011104162504336
31 0.000022094106842319594
32 0.0001446627800658901
33 0.0019020871419466608
34 0.00011936985864893924
41 0.00018725926302105958
42 0.00029780424319051263
43 0.0001247963410453852
44 0.00015086301495667102
45 0.000005846154498803574
47 0.0002708891434150717
59 0.000006462183444711172
60 0.000012924366889422343
67 0.0010481435444838782
68 0.0012084244032549982
69 0.0019272860409248883
71 0.00033256580019006747
76 0.00023762262054737309
97 0.0001204079350624512
119 0.00046345541606448445
140 0.0008023810758586712
144 0.00020863372840141978
147 0.0007709345372720537
174 0.0004111404270832213
201 0.0003782900330627366
255 0.0014348236656713614
266 0.0003010819448897304
269 0.0007230035022084448
271 0.0013245516828461089
276 0.0007394879986854364
304 0.0014215433440945965
372 0.0003553858360236491
494 0.0007709345372720537
517 0.005668889617085262
582 0.0006464403017122036
591 0.0011636684971235863
618 0.0004885960299787504
795 0.0016061924812056955
797 0.0019020871419466608
960 0.0004724074680904385
1834 0.003475465349956005
2425 0.0011370166061384682
2426 0.0022740332122769364
2427 0.000953975571705261
2428 0.0011370166061384682
2429 0.000953975571705261