0 0.00020721031418032774
5 0.0001350647307564619
6 0.0001812981754032979
10 0.000020926658193612276
17 0.00024376566216822076
25 0.00004914275771090647
26 0.000009180257170353432
27 0.00001995165315167076
28 0.000014329171044437778
29 0.000016009284857852372
30 0.00008005552081252168
31 0.00003314116026347939
32 0.0001446627800658901
33 0.002853130712919991
34 0.00005968492932446962
42 0.0008934127295715378
43 0.0009983707283630816
44 0.00015086301495667102
45 0.000005846154498803574
50 0.00009059173042602328
59 0.000006462183444711172
60 0.000012924366889422343
72 0.0007394879986854364
90 0.0003600357507382571
93 0.0002302492435057135
94 0.0009771920599575008
97 0.0000602039675312256
121 0.0006393849844536105
124 0.0009123975706000563
125 0.00019006896079713502
138 0.001199928789867917
144 0.0016690698272113582
146 0.00036481917391093806
153 0.00045905907976567014
158 0.0007530907959264412
159 0.0002817353899173489
164 0.0006624764288875735
168 0.00009828551542181294
169 0.0002663490497050791
217 0.0006716434921864852
223 0.0022734011585766292
251 0.0003066922772966927
252 0.001270990421647586
255 0.00023913727761189357
296 0.002659886921684019
300 0.00015131149740680623
438 0.0007096674962648366
447 0.0006464403017122036
544 0.0005353974937352319
591 0.0005818342485617932
639 0.0013645597006769338
742 0.0020346109924768447
797 0.0004755217854866652
842 0.000570339268307386
1193 0.0005309542669637955
1338 0.005171522413697629
2430 0.0034110498184154047
2431 0.0010215305713900601