0 0.00010360515709016387
6 0.00020396044732871014
10 0.000020926658193612276
14 0.00026456709550368824
15 0.00016601158031786812
20 0.00014256349717722765
23 0.0001917778078759736
25 0.00004914275771090647
26 0.000009180257170353432
27 0.00001995165315167076
28 0.000014329171044437778
29 0.000021345713143803165
30 0.00016011104162504336
31 0.00003314116026347939
32 0.0001446627800658901
41 0.00018725926302105958
43 0.000623981705226926
44 0.00015086301495667102
45 0.000005846154498803574
50 0.00009059173042602328
59 0.000006462183444711172
60 0.000012924366889422343
74 0.0001314382268441069
91 0.00046926799994623984
95 0.0006161666804201201
96 0.0005697354412888233
97 0.0000602039675312256
103 0.00008541133970179466
110 0.0003600357507382571
111 0.000944814936180877
119 0.0001544851386881615
125 0.00038013792159427004
132 0.0003870087270600267
140 0.0002005952689646678
143 0.0002681502686494669
144 0.003129505926021297
153 0.00022952953988283507
159 0.00014086769495867446
168 0.00004914275771090647
186 0.0012207665954861067
389 0.00045485323355897795
429 0.0004755217854866652
455 0.00093269642762677
799 0.0003782900330627366
1003 0.004192447684784265
1111 0.004425003396112678
1113 0.0008128063180586093
1161 0.002659886921684019
1192 0.0005648761188866944
1496 0.0006973202833102012
1520 0.000570339268307386
2003 0.0007096674962648366
2450 0.005030937221741117
2451 0.0011370166061384682
2452 0.0011370166061384682
2453 0.009096132849107746
2454 0.0008384895369568529
2455 0.0022740332122769364