7 0.0014154570504836188
10 0.00003138998729041841
14 0.00026456709550368824
15 0.000055337193439289376
17 0.00024376566216822076
18 0.0003172930263603734
20 0.00014256349717722765
23 0.0001917778078759736
24 0.0007649954759692994
25 0.00004914275771090647
26 0.000009180257170353432
27 0.000026602204202227678
28 0.000028658342088875557
29 0.000021345713143803165
30 0.00024016656243756505
31 0.000016570580131739694
32 0.0001446627800658901
34 0.00011936985864893924
41 0.00018725926302105958
44 0.00015086301495667102
45 0.000005846154498803574
50 0.00004529586521301164
54 0.000160544392965215
59 0.000006462183444711172
60 0.000012924366889422343
64 0.001188362923032857
95 0.0007530926094023691
96 0.0007121693016110291
97 0.00018061190259367678
100 0.00028855347451293045
103 0.000256234019105384
104 0.0006973202833102012
109 0.002291010506720923
145 0.0004991223381462831
151 0.0003393671988105698
159 0.0002817353899173489
167 0.0003185136261757804
168 0.00004914275771090647
169 0.0005326980994101582
172 0.00047827455522378713
175 0.0005706050921981149
232 0.0005182941691667408
234 0.00038363630339787504
235 0.000244549715989849
241 0.000466348213813385
253 0.0010215305713900601
262 0.0003464581042452242
271 0.0004415172276153697
300 0.00015131149740680623
301 0.0002517773560482004
326 0.0005399624677752377
363 0.0006649717304210047
384 0.0014360862803040613
392 0.0014360862803040613
469 0.00048193069598779744
517 0.000944814936180877
555 0.00034358542739842214
569 0.001371650606111588
571 0.0007533803027405932
580 0.0006007160688395344
589 0.0011455052533604615
613 0.0004176750344063272
667 0.0006750724671448359
670 0.001188362923032857
727 0.0005494856956725966
795 0.0005353974937352319
851 0.0014080508921079382
942 0.0006464403017122036
1067 0.0011089190631711448
1086 0.0005446560494091424
1142 0.00040280813441833274
1191 0.0033539581478274115
1208 0.0006649717304210047
1314 0.0005446560494091424
1325 0.0011089190631711448
1501 0.0007230035022084448
1566 0.0006007160688395344
1596 0.0006220145312703716
1748 0.0008688663374890013
1783 0.0020430611427801203
1866 0.005030937221741117
2098 0.000790558501893244
2189 0.0006146083728946911
2450 0.0008384895369568529
2456 0.0011370166061384682
2457 0.010233149455246214
2458 0.000953975571705261
2459 0.002718133609924956
2460 0.0011370166061384682
2461 0.0022740332122769364