0 0.00020721031418032774
6 0.00009064908770164895
10 0.000020926658193612276
17 0.00024376566216822076
23 0.0001917778078759736
24 0.0006374962299744162
25 0.00004914275771090647
26 0.000009180257170353432
27 0.000026602204202227678
28 0.000014329171044437778
29 0.00002668214142975396
30 0.00016011104162504336
31 0.000027617633552899494
32 0.0001446627800658901
34 0.00005968492932446962
36 0.00017439542599474
41 0.00018725926302105958
43 0.0001247963410453852
44 0.00030172602991334203
45 0.000005846154498803574
50 0.00004529586521301164
59 0.000006462183444711172
60 0.000012924366889422343
74 0.0002628764536882138
79 0.0005759876441280593
89 0.00033798452589909114
94 0.0009771920599575008
95 0.0007530926094023691
96 0.0005697354412888233
97 0.0001204079350624512
103 0.000256234019105384
109 0.0026728455911744103
110 0.0003600357507382571
117 0.00038545720818497763
121 0.0002131283281512035
134 0.00020241617375177045
139 0.0001247963410453852
144 0.0008345349136056791
159 0.0002817353899173489
168 0.00004914275771090647
169 0.0005326980994101582
172 0.00023913727761189357
200 0.0002833071793801778
217 0.00022388116406216174
221 0.0008180359272162828
232 0.0005182941691667408
233 0.00038915983010845493
234 0.00038363630339787504
235 0.000489099431979698
251 0.0006133845545933855
271 0.0004415172276153697
300 0.00015131149740680623
301 0.0002517773560482004
365 0.0005494856956725966
372 0.0003553858360236491
384 0.0009573908535360409
444 0.002351574011355386
454 0.00038363630339787504
456 0.0016194098736225574
463 0.0006075174674600367
475 0.0002526001287307366
574 0.0027002898685793437
590 0.0005103588061228796
740 0.0005595864323964277
741 0.0006750724671448359
752 0.0006649717304210047
795 0.0005353974937352319
799 0.0003782900330627366
846 0.0019136828039765554
851 0.0009387005947386255
912 0.00047869542676802046
934 0.004258004977589019
1132 0.00044410039764801966
1208 0.0006649717304210047
1491 0.0006649717304210047
1496 0.0013946405666204024
1501 0.0007230035022084448
1596 0.0006220145312703716
1643 0.0014750011320375594
1645 0.002718133609924956
1748 0.0008688663374890013
1866 0.0008384895369568529
2189 0.0006146083728946911
2450 0.0008384895369568529
2462 0.0020430611427801203
2463 0.0011370166061384682
2464 0.0011370166061384682
2465 0.0011370166061384682
2466 0.0011370166061384682
2467 0.0020430611427801203
2468 0.0007096674962648366
2469 0.0022740332122769364
2470 0.0022740332122769364
2471 0.0011370166061384682
2472 0.0020430611427801203
2473 0.0008688663374890013
2474 0.0011370166061384682
2475 0.0007096674962648366