0 0.00020721031418032774
6 0.0000679868157762367
8 0.001381495461034281
17 0.00024376566216822076
20 0.00014256349717722765
24 0.0003824977379846497
25 0.00004914275771090647
26 0.000009180257170353432
27 0.000013301102101113839
28 0.000014329171044437778
29 0.000016009284857852372
30 0.00008005552081252168
31 0.000038664686974059284
32 0.00007233139003294505
34 0.00005968492932446962
43 0.0002495926820907704
45 0.000014615386247008935
50 0.00004529586521301164
54 0.000160544392965215
59 0.000006462183444711172
60 0.000025848733778844687
71 0.00033256580019006747
74 0.0001314382268441069
90 0.0003600357507382571
95 0.00006846296449112447
97 0.0000602039675312256
100 0.00014427673725646523
121 0.000852513312604814
124 0.0015966957485500984
125 0.00038013792159427004
132 0.0009675218176500667
143 0.0002681502686494669
153 0.00022952953988283507
168 0.00004914275771090647
194 0.000867999321848377
217 0.0004477623281243235
234 0.00038363630339787504
235 0.000489099431979698
251 0.0006133845545933855
252 0.00021183173694126436
276 0.0007394879986854364
300 0.00015131149740680623
303 0.0004090179636081414
304 0.0007107716720472983
342 0.0004885960299787504
456 0.00040485246840563934
489 0.0012292167457893823
496 0.0006987623629892522
538 0.00037310999523034225
624 0.00048193069598779744
654 0.00038729823387417876
660 0.0008688663374890013
840 0.0005027842686225869
1106 0.0009060445366416521
1207 0.0007709345372720537
1540 0.001371650606111588
1875 0.0007533803027405932
1963 0.0006973202833102012
2052 0.0006649717304210047
2273 0.000685825303055794
2476 0.0020430611427801203
2477 0.0008128063180586093
2478 0.0005941814615164285
2479 0.0011370166061384682
2480 0.0011370166061384682
2481 0.0011370166061384682
2482 0.0007375005660187797
2483 0.0007230035022084448
2484 0.002861926715115783
2485 0.0007533803027405932
2486 0.0011370166061384682
2487 0.0010215305713900601
2488 0.0022740332122769364