0 0.00020721031418032774
6 0.0000679868157762367
10 0.00003138998729041841
14 0.00026456709550368824
15 0.00011067438687857875
17 0.00024376566216822076
20 0.00014256349717722765
21 0.0012440290625407432
25 0.00004914275771090647
26 0.000009180257170353432
27 0.000026602204202227678
28 0.00002388195174072963
29 0.000016009284857852372
31 0.000016570580131739694
32 0.0005063197302306153
34 0.00005968492932446962
36 0.00069758170397896
41 0.00018725926302105958
45 0.000005846154498803574
46 0.00032731777168967243
47 0.0005417782868301434
48 0.00028258006022830796
54 0.000160544392965215
56 0.0006871708547968443
59 0.000012924366889422343
60 0.000012924366889422343
81 0.00033390404938987825
95 0.00047924075143787115
103 0.00034164535880717864
108 0.0002542579645943101
119 0.0001544851386881615
121 0.0002131283281512035
123 0.0005818342485617932
124 0.00022809939265001406
130 0.00036808616347914477
134 0.0004048323475035409
139 0.0001247963410453852
146 0.00036481917391093806
159 0.0002817353899173489
161 0.00032348746208875627
172 0.00023913727761189357
186 0.00040692219849536895
195 0.00021509233277500263
221 0.0004090179636081414
222 0.0003748188423091808
252 0.0008473269477650574
304 0.0007107716720472983
305 0.0005648761188866944
306 0.004518544775558647
331 0.001882103879473957
374 0.0006220145312703716
389 0.0013645597006769338
414 0.0006075174674600367
430 0.0013302632007602699
442 0.0010944575217328141
452 0.002699812338876188
470 0.0008934484983843897
483 0.0003800531302520963
499 0.0011297522377733888
524 0.0006220145312703716
530 0.0002736737953600468
554 0.0007200715014765141
619 0.0005446560494091424
678 0.000629765283625402
680 0.0005309542669637955
713 0.0022178381263422897
718 0.0017279629323841779
720 0.0007230035022084448
735 0.004159270230614999
743 0.0003800531302520963
754 0.0006973202833102012
802 0.0037669015137029665
851 0.00046935029736931276
865 0.0004520992678889995
960 0.0004724074680904385
1013 0.0005494856956725966
1108 0.0006554485025236457
1350 0.000685825303055794
1373 0.0008688663374890013
1566 0.0006007160688395344
1703 0.000790558501893244
1849 0.000953975571705261
2252 0.0007096674962648366
2295 0.001907951143410522
2328 0.0016769790739137058
2450 0.009223384906525382
2495 0.0034110498184154047
2496 0.0011370166061384682
2497 0.0011370166061384682
2498 0.0009060445366416521
2499 0.0011370166061384682
2500 0.0010215305713900601
2501 0.0011370166061384682
2502 0.0011370166061384682
2503 0.0011370166061384682
2504 0.0008384895369568529
2505 0.004769877858526305
2506 0.010215305713900603
2507 0.0017377326749780026
2508 0.0011370166061384682
2509 0.011447706860463132
2510 0.0010215305713900601
2511 0.0056850830306923415
2512 0.0011370166061384682
2513 0.0009060445366416521
2514 0.0011370166061384682