6 0.00009064908770164895
8 0.0002302492435057135
10 0.00006277997458083683
15 0.000055337193439289376
23 0.0003835556157519472
24 0.0002549984919897665
25 0.0004422848193981582
26 0.000009180257170353432
27 0.00003990330630334152
28 0.000019105561392583703
29 0.000021345713143803165
30 0.0003202220832500867
31 0.000060758793816378885
32 0.00021699417009883517
34 0.00011936985864893924
41 0.00037451852604211916
43 0.0001247963410453852
44 0.00015086301495667102
45 0.000005846154498803574
47 0.0002708891434150717
48 0.00014129003011415398
49 0.0002231883932943071
50 0.00018118346085204656
54 0.0004816331788956449
56 0.00034358542739842214
57 0.00018016835758640515
59 0.000006462183444711172
60 0.000012924366889422343
71 0.0006651316003801349
74 0.0001314382268441069
76 0.00023762262054737309
80 0.0003393671988105698
81 0.00033390404938987825
95 0.0007530926094023691
96 0.0007121693016110291
97 0.00042142777271857916
100 0.0004328302117693956
102 0.0003910424617735554
103 0.00017082267940358932
108 0.0007627738937829303
117 0.0007709144163699553
121 0.000426256656302407
125 0.00019006896079713502
132 0.00019350436353001335
133 0.00032475447298266157
134 0.0006072485212553113
136 0.00029565439233481325
139 0.00037438902313615557
144 0.00020863372840141978
153 0.00045905907976567014
161 0.0009704623862662688
162 0.0003800531302520963
168 0.00014742827313271942
175 0.0008559076382971723
177 0.00044410039764801966
185 0.00023389514674621796
213 0.00036481917391093806
214 0.0007431700718136128
217 0.004029860953118911
219 0.0007232300299518704
223 0.0002526001287307366
234 0.00038363630339787504
247 0.0003148783300420517
252 0.00021183173694126436
255 0.0021522354985070422
259 0.0010222843270234372
299 0.0003209819843539111
300 0.00030262299481361246
302 0.0015345452135915002
303 0.0008180359272162828
304 0.0007107716720472983
331 0.0012547359196493047
362 0.0005999643949339585
404 0.0010215305713900601
434 0.00032731777168967243
435 0.00044410039764801966
444 0.001175787005677693
446 0.0008353500688126544
454 0.00038363630339787504
529 0.00044939008413828627
530 0.0002736737953600468
538 0.00037310999523034225
554 0.0003600357507382571
563 0.0007709345372720537
601 0.0004176750344063272
611 0.0005309542669637955
613 0.0004176750344063272
691 0.00038363630339787504
701 0.0034220356098443156
716 0.0009097064671179559
743 0.0003800531302520963
797 0.0004755217854866652
839 0.0009510435709733304
1051 0.0006750724671448359
1088 0.007979660765052056
1119 0.002519061134501608
1325 0.0011089190631711448
1340 0.0006750724671448359
1571 0.008292625483898405
1582 0.0008934484983843897
2515 0.0011370166061384682
2516 0.014781215879800086
2517 0.0011370166061384682
2518 0.0011370166061384682
2519 0.0011370166061384682
2520 0.0011370166061384682
2521 0.0011370166061384682
2522 0.0011370166061384682
2523 0.0011370166061384682
2524 0.0007096674962648366
2525 0.0011370166061384682
2526 0.0011370166061384682
2527 0.009193775142510541
2528 0.0008384895369568529
2529 0.0011370166061384682