6 0.00015863590347788565
10 0.00010463329096806138
18 0.0003172930263603734
20 0.00014256349717722765
23 0.0001917778078759736
25 0.00004914275771090647
26 0.000009180257170353432
27 0.000026602204202227678
28 0.000014329171044437778
29 0.000021345713143803165
30 0.00016011104162504336
31 0.00006628232052695878
32 0.0001446627800658901
34 0.00005968492932446962
36 0.00017439542599474
41 0.00018725926302105958
43 0.0001247963410453852
44 0.00015086301495667102
45 0.000005846154498803574
47 0.0002708891434150717
50 0.00009059173042602328
57 0.00018016835758640515
59 0.000006462183444711172
60 0.000012924366889422343
74 0.0001314382268441069
91 0.00046926799994623984
95 0.0006161666804201201
96 0.0005697354412888233
97 0.0000602039675312256
103 0.00008541133970179466
121 0.0010656416407560177
125 0.00019006896079713502
132 0.00019350436353001335
136 0.00029565439233481325
139 0.0001247963410453852
153 0.00022952953988283507
168 0.00004914275771090647
179 0.0010055685372451738
213 0.00036481917391093806
214 0.0022295102154408384
234 0.00038363630339787504
247 0.0012595133201682067
252 0.0016946538955301149
300 0.0006052459896272249
303 0.0004090179636081414
417 0.0003600357507382571
446 0.0004176750344063272
482 0.00040280813441833274
530 0.0002736737953600468
613 0.0004176750344063272
639 0.0013645597006769338
643 0.0009060445366416521
701 0.000570339268307386
743 0.0003800531302520963
816 0.0004852300340911263
1060 0.0005544595315855724
1176 0.0038786418102732213
1193 0.001061908533927591
1875 0.0007533803027405932
2450 0.0016769790739137058
2530 0.0011370166061384682