0 0.00020721031418032774
2 0.0003632093920196124
3 0.00044939008413828627
4 0.0036070972276271897
5 0.0001350647307564619
6 0.00004532454385082448
7 0.003184778363588142
8 0.0002302492435057135
9 0.0014094258372080986
10 0.000020926658193612276
11 0.006217405567072275
13 0.0003124981305672972
14 0.00026456709550368824
15 0.0002213487737571575
20 0.0004276904915316829
23 0.0003835556157519472
24 0.0002549984919897665
25 0.00029485654626543883
27 0.000013301102101113839
28 0.000014329171044437778
29 0.00002668214142975396
30 0.00008005552081252168
31 0.000016570580131739694
32 0.0002893255601317802
36 0.00034879085198948
37 0.0011963796423857577
41 0.0020598518932316554
43 0.0002495926820907704
44 0.00015086301495667102
45 0.000005846154498803574
48 0.00014129003011415398
52 0.0004722432184548375
56 0.00034358542739842214
57 0.00018016835758640515
59 0.000012924366889422343
71 0.00033256580019006747
74 0.0002628764536882138
75 0.0015449519913921072
77 0.0021948674841858217
89 0.00033798452589909114
90 0.0003600357507382571
94 0.0004885960299787504
95 0.0006846296449112446
96 0.00014243386032220583
97 0.00018061190259367678
103 0.0006832907176143573
108 0.0002542579645943101
109 0.0015273403378139488
114 0.0005941814615164285
119 0.000308970277376323
122 0.0009235121264357772
130 0.00036808616347914477
132 0.00019350436353001335
138 0.00029998219746697925
140 0.0006017858068940034
141 0.0005103588061228796
143 0.0002681502686494669
151 0.0003393671988105698
159 0.0005634707798346978
161 0.00032348746208875627
162 0.0007601062605041926
164 0.00033123821444378676
166 0.0004605016093796513
168 0.00009828551542181294
174 0.0004111404270832213
176 0.0004576534865273853
180 0.0002526001287307366
185 0.0007016854402386539
194 0.001735998643696754
195 0.00021509233277500263
196 0.0005309542669637955
200 0.0011332287175207113
203 0.0003136839799123262
214 0.0002477233572712043
233 0.00038915983010845493
235 0.0022009474439086407
255 0.00023913727761189357
265 0.0012110426873670635
273 0.0003697439993427182
293 0.001013056993043927
313 0.0006378942679921852
325 0.00043897349683716435
328 0.0003260311928669616
331 0.0003136839799123262
339 0.0005103588061228796
350 0.0010707949874704638
352 0.001028558497753988
356 0.0005266264618316295
361 0.0004605016093796513
391 0.0004605016093796513
393 0.00048193069598779744
398 0.0003632093920196124
413 0.0017825443845492855
416 0.0006987623629892522
430 0.00033256580019006747
435 0.0008882007952960393
437 0.00043897349683716435
449 0.00042680669660142797
454 0.0030690904271830004
475 0.0002526001287307366
527 0.0018021482065186032
529 0.0013481702524148589
530 0.0002736737953600468
531 0.0006378942679921852
554 0.0010801072522147713
555 0.00034358542739842214
568 0.0005595864323964277
572 0.0010448164664875542
576 0.0005759876441280593
585 0.0003987932141285859
589 0.0003818350844534872
590 0.0005103588061228796
591 0.0005818342485617932
600 0.000685825303055794
617 0.0006146083728946911
669 0.0029709073075821425
671 0.0003910424617735554
672 0.0005182941691667408
675 0.0006007160688395344
676 0.0005818342485617932
700 0.0007820849235471108
714 0.0005027842686225869
718 0.0005759876441280593
719 0.0005544595315855724
729 0.0006075174674600367
736 0.000570339268307386
744 0.0005544595315855724
766 0.0025515770719687406
813 0.001259530567250804
832 0.0006146083728946911
857 0.0013501449342896718
867 0.003016705611735521
898 0.0005027842686225869
900 0.0005266264618316295
921 0.0005759876441280593
950 0.0005353974937352319
982 0.004703148022710772
1044 0.0005648761188866944
1060 0.0005544595315855724
1062 0.004519008951093555
1065 0.0004415172276153697
1067 0.0005544595315855724
1068 0.0005103588061228796
1069 0.0003968214617715378
1103 0.00046935029736931276
1109 0.0007230035022084448
1146 0.000685825303055794
1176 0.0006464403017122036
1282 0.0005544595315855724
1317 0.0011089190631711448
1349 0.0013299434608420094
1356 0.0005648761188866944
1393 0.0005878935028388465
1428 0.005486602424446352
1429 0.0014193349925296732
1431 0.0007230035022084448
1440 0.0006464403017122036
1462 0.0007096674962648366
1513 0.0012757885359843703
1521 0.012345763559615777
1582 0.00044672424919219483
1588 0.000685825303055794
1594 0.0006554485025236457
1596 0.0006220145312703716
1599 0.0006220145312703716
1615 0.0006649717304210047
1724 0.001175787005677693
1782 0.001371650606111588
1854 0.0005818342485617932
1874 0.000629765283625402
1950 0.0006750724671448359
1976 0.0006649717304210047
1996 0.0006378942679921852
2287 0.0007230035022084448
2303 0.000685825303055794
2468 0.0007096674962648366
2478 0.0005941814615164285
2524 0.0007096674962648366
2531 0.0007375005660187797
2532 0.000685825303055794
2533 0.0007230035022084448
2534 0.0007375005660187797
2535 0.004425003396112678
2536 0.0007375005660187797
2537 0.0014750011320375594
2538 0.0014460070044168896
2539 0.0007375005660187797
2540 0.0007375005660187797
2541 0.0007375005660187797
2542 0.0028920140088337792
2543 0.000629765283625402
2544 0.0006973202833102012
2545 0.0007375005660187797
2546 0.0007230035022084448
2547 0.0007375005660187797
2548 0.0007375005660187797
2549 0.0007375005660187797
2550 0.0029500022640751187
2551 0.0006554485025236457
2552 0.002212501698056339
2553 0.0007375005660187797
2554 0.0007375005660187797
2555 0.0007375005660187797
2556 0.0014750011320375594
2557 0.0007375005660187797
2558 0.0007375005660187797
2559 0.0006464403017122036
2560 0.0007375005660187797
2561 0.0007375005660187797
2562 0.0007375005660187797
2563 0.0007375005660187797
2564 0.0007375005660187797
2565 0.0007375005660187797
2566 0.0007375005660187797
2567 0.0014750011320375594
2568 0.0007375005660187797
2569 0.0007375005660187797
2570 0.0005595864323964277