2 0.0003632093920196124
5 0.0001350647307564619
6 0.0001359736315524734
7 0.001061592787862714
9 0.0007047129186040493
10 0.000010463329096806138
12 0.002212501698056339
15 0.00016601158031786812
25 0.00004914275771090647
26 0.00002295064292588358
27 0.000013301102101113839
28 0.000009552780696291852
29 0.000010672856571901583
30 0.00024016656243756505
31 0.000027617633552899494
34 0.0002984246466223481
45 0.00000876923174820536
50 0.00009059173042602328
54 0.000160544392965215
59 0.000006462183444711172
60 0.000025848733778844687
75 0.0009269711948352643
76 0.00023762262054737309
79 0.0005759876441280593
82 0.0004991223381462831
95 0.00013692592898224894
96 0.00007121693016110292
103 0.00008541133970179466
108 0.0002542579645943101
119 0.0001544851386881615
121 0.0002131283281512035
134 0.00020241617375177045
138 0.0005999643949339585
148 0.0019743638568723576
158 0.0003765453979632206
159 0.00014086769495867446
167 0.0006370272523515608
168 0.00009828551542181294
176 0.0004576534865273853
197 0.000570339268307386
263 0.000790558501893244
265 0.00024220853747341272
368 0.0005494856956725966
369 0.0005544595315855724
372 0.0003553858360236491
428 0.0007375005660187797
668 0.0005941814615164285
678 0.000629765283625402
767 0.0008138443969907379
913 0.0008222808541664426
940 0.0005544595315855724
1047 0.0018438251186840733
1048 0.0007096674962648366
1058 0.003548337481324183
1142 0.0008056162688366655
1248 0.0005353974937352319
1287 0.0005595864323964277
1494 0.000790558501893244
1495 0.0006464403017122036
1573 0.0007709345372720537
1625 0.001966345507570937
1643 0.0007375005660187797
1687 0.000685825303055794
1869 0.0014193349925296732
1872 0.0008688663374890013
2327 0.0006464403017122036
2571 0.0011370166061384682
2572 0.011370166061384683
2573 0.0034110498184154047
2574 0.007959116242969277
2575 0.0010215305713900601
2576 0.005107652856950301
2577 0.0009060445366416521