0 0.00020721031418032774
6 0.00002266227192541224
10 0.000010463329096806138
24 0.00012749924599488326
25 0.00009828551542181294
26 0.000018360514340706863
27 0.000013301102101113839
28 0.000014329171044437778
29 0.000010672856571901583
31 0.0000055235267105798985
34 0.00005968492932446962
36 0.00017439542599474
45 0.00000876923174820536
54 0.000160544392965215
57 0.00018016835758640515
59 0.000006462183444711172
60 0.000025848733778844687
65 0.000466348213813385
71 0.00033256580019006747
95 0.00006846296449112447
100 0.00014427673725646523
108 0.0002542579645943101
122 0.00030783737547859243
124 0.00045619878530002813
125 0.00038013792159427004
153 0.00022952953988283507
168 0.00004914275771090647
186 0.00040692219849536895
202 0.00030783737547859243
217 0.0004477623281243235
221 0.0004090179636081414
222 0.0003748188423091808
223 0.0007578003861922098
235 0.000244549715989849
252 0.000635495210823793
266 0.0003010819448897304
273 0.0003697439993427182
300 0.00015131149740680623
302 0.0015345452135915002
304 0.0010661575080709474
306 0.004141999377595427
362 0.0005999643949339585
395 0.0006378942679921852
414 0.0006075174674600367
417 0.0007200715014765141
517 0.004251667212813946
554 0.0003600357507382571
639 0.003183972634912845
775 0.00036481917391093806
913 0.0004111404270832213
1013 0.0005494856956725966
1283 0.0005266264618316295
1295 0.0007533803027405932
1340 0.0006750724671448359
2578 0.0018120890732833041