0 0.00010360515709016387
6 0.0000679868157762367
8 0.0006907477305171405
10 0.000020926658193612276
14 0.00026456709550368824
15 0.0002213487737571575
20 0.00014256349717722765
23 0.0003835556157519472
24 0.00012749924599488326
25 0.0002457137885545324
26 0.00002295064292588358
27 0.00001995165315167076
28 0.000019105561392583703
29 0.000005336428285950791
30 0.00008005552081252168
31 0.00003314116026347939
34 0.00011936985864893924
36 0.00052318627798422
41 0.00018725926302105958
45 0.00000876923174820536
48 0.0004238700903424619
49 0.0002231883932943071
50 0.00004529586521301164
57 0.0003603367151728103
59 0.000006462183444711172
60 0.000025848733778844687
67 0.0003493811814946261
68 0.00040280813441833274
69 0.002698200457294843
71 0.00033256580019006747
76 0.00023762262054737309
95 0.00013692592898224894
96 0.00021365079048330874
97 0.0001204079350624512
103 0.00008541133970179466
108 0.0002542579645943101
119 0.0001544851386881615
144 0.00041726745680283956
159 0.0002817353899173489
168 0.00004914275771090647
172 0.00023913727761189357
185 0.0004677902934924359
195 0.00021509233277500263
201 0.0011348700991882098
214 0.0002477233572712043
255 0.0011956863880594679
279 0.0006464403017122036
302 0.00038363630339787504
304 0.0007107716720472983
311 0.00033798452589909114
328 0.0003260311928669616
342 0.001465788089936251
362 0.00029998219746697925
365 0.0005494856956725966
398 0.0003632093920196124
417 0.0007200715014765141
454 0.001150908910193625
458 0.002291010506720923
483 0.0007601062605041926
517 0.002834444808542631
550 0.00040280813441833274
551 0.0016256126361172186
613 0.0004176750344063272
618 0.0004885960299787504
625 0.0006378942679921852
709 0.006858253030557941
743 0.0003800531302520963
793 0.0005759876441280593
1069 0.0003968214617715378
1426 0.000790558501893244
1520 0.001140678536614772
1634 0.0007230035022084448
1806 0.000685825303055794
1933 0.0009060445366416521
2098 0.000790558501893244
2370 0.0010215305713900601
2579 0.004548066424553873
2580 0.0008688663374890013
2581 0.0011370166061384682
2582 0.0008688663374890013
2583 0.0011370166061384682
2584 0.0011370166061384682
2585 0.0011370166061384682