0 0.00010360515709016387
2 0.001816046960098062
3 0.00044939008413828627
4 0.000801577161694931
5 0.0001350647307564619
6 0.00015863590347788565
7 0.0007077285252418094
9 0.0007047129186040493
10 0.00004185331638722455
14 0.00026456709550368824
15 0.00016601158031786812
23 0.0001917778078759736
24 0.00012749924599488326
25 0.00004914275771090647
26 0.000009180257170353432
27 0.000013301102101113839
28 0.000014329171044437778
29 0.000021345713143803165
30 0.00016011104162504336
31 0.000027617633552899494
32 0.0001446627800658901
34 0.00005968492932446962
37 0.0007975864282571718
38 0.0009153069730547706
41 0.00018725926302105958
43 0.0001247963410453852
44 0.00015086301495667102
45 0.000005846154498803574
50 0.00004529586521301164
54 0.000160544392965215
57 0.00018016835758640515
59 0.000012924366889422343
60 0.000012924366889422343
71 0.0006651316003801349
74 0.0001314382268441069
89 0.00033798452589909114
95 0.0006161666804201201
96 0.0005697354412888233
97 0.0001204079350624512
103 0.000256234019105384
144 0.00020863372840141978
168 0.00004914275771090647
195 0.00021509233277500263
217 0.0006716434921864852
223 0.0005052002574614732
251 0.0006133845545933855
273 0.0003697439993427182
277 0.0005494856956725966
326 0.0005399624677752377
365 0.0005494856956725966
458 0.0003818350844534872
482 0.0036252732097649945
483 0.0003800531302520963
488 0.0011297522377733888
489 0.0006146083728946911
517 0.0014172224042713155
519 0.0004221783120451008
585 0.0003987932141285859
589 0.0003818350844534872
611 0.0005309542669637955
639 0.00045485323355897795
670 0.0005941814615164285
839 0.0004755217854866652
1007 0.0008688663374890013
1573 0.0007709345372720537
1574 0.0009060445366416521
1864 0.003083738149088215