0 0.00010360515709016387
1 0.0016484570870177898
2 0.0003632093920196124
3 0.00044939008413828627
4 0.0004007885808474655
5 0.0002701294615129238
6 0.00022662271925412238
7 0.0028309141009672375
10 0.00009416996187125524
11 0.005773305169424255
13 0.0003124981305672972
18 0.0006345860527207468
26 0.000013770385755530148
27 0.00001995165315167076
28 0.000019105561392583703
29 0.00002668214142975396
30 0.00008005552081252168
31 0.000022094106842319594
32 0.0001446627800658901
36 0.00017439542599474
38 0.0018306139461095412
43 0.0001247963410453852
44 0.00015086301495667102
45 0.000005846154498803574
50 0.00009059173042602328
52 0.0004722432184548375
53 0.0005828723274939218
54 0.000160544392965215
57 0.0005405050727592154
59 0.000012924366889422343
60 0.000012924366889422343
74 0.0001314382268441069
95 0.0006161666804201201
96 0.0006409523714499261
98 0.00029888966155459023
100 0.00028855347451293045
103 0.00008541133970179466
124 0.00022809939265001406
125 0.00019006896079713502
132 0.00019350436353001335
151 0.0003393671988105698
168 0.00009828551542181294
180 0.0002526001287307366
217 0.00022388116406216174
235 0.000244549715989849
300 0.00015131149740680623
301 0.0002517773560482004
343 0.0047739962701660735
392 0.0014360862803040613
415 0.0013299434608420094
417 0.0003600357507382571
437 0.00043897349683716435
456 0.00040485246840563934
517 0.000944814936180877
544 0.0005353974937352319
554 0.0003600357507382571
577 0.005171522413697629
578 0.0022740332122769364
579 0.0011370166061384682
580 0.0012014321376790688
581 0.0011370166061384682
582 0.0012928806034244072
583 0.010493731288757871
584 0.004881241983171408
585 0.0003987932141285859
586 0.0005759876441280593
587 0.0007096674962648366
588 0.0028920140088337792
589 0.0011455052533604615
590 0.0010207176122457593
591 0.0005818342485617932
592 0.0022740332122769364
593 0.0007533803027405932
594 0.0005818342485617932
595 0.0011370166061384682
596 0.0011370166061384682