0 0.00020721031418032774
6 0.00009064908770164895
10 0.000020926658193612276
23 0.0001917778078759736
24 0.00012749924599488326
25 0.00009828551542181294
26 0.000009180257170353432
27 0.00001995165315167076
28 0.000014329171044437778
29 0.000021345713143803165
30 0.00016011104162504336
31 0.000022094106842319594
32 0.0001446627800658901
41 0.00018725926302105958
43 0.0002495926820907704
44 0.00015086301495667102
45 0.000005846154498803574
46 0.0019639066301380347
48 0.0005651601204566159
50 0.00009059173042602328
54 0.000160544392965215
57 0.00018016835758640515
59 0.000012924366889422343
60 0.000012924366889422343
74 0.0001314382268441069
76 0.00023762262054737309
95 0.0008215555738934935
96 0.0008546031619332349
97 0.0000602039675312256
100 0.00014427673725646523
103 0.00017082267940358932
121 0.0002131283281512035
125 0.000570206882391405
153 0.00045905907976567014
159 0.00014086769495867446
163 0.00029998219746697925
168 0.00004914275771090647
175 0.00028530254609905744
185 0.00023389514674621796
195 0.00021509233277500263
213 0.00036481917391093806
217 0.0022388116406216177
223 0.0005052002574614732
255 0.0007174118328356807
256 0.0015798793854948881
265 0.00024220853747341272
299 0.0003209819843539111
311 0.00033798452589909114
362 0.00029998219746697925
417 0.0003600357507382571
434 0.00032731777168967243
446 0.0004176750344063272
644 0.0005399624677752377
645 0.0005353974937352319
661 0.0006554485025236457
743 0.0003800531302520963
831 0.0012440290625407432
833 0.0015195854895658904
834 0.0025515770719687406
960 0.000944814936180877
1393 0.0005878935028388465
1779 0.0007533803027405932