0 0.00010360515709016387
5 0.0001350647307564619
6 0.00015863590347788565
10 0.000010463329096806138
15 0.000055337193439289376
20 0.00014256349717722765
23 0.0001917778078759736
25 0.00004914275771090647
26 0.000009180257170353432
27 0.000026602204202227678
28 0.000014329171044437778
29 0.000021345713143803165
30 0.00016011104162504336
31 0.000027617633552899494
32 0.0001446627800658901
34 0.00011936985864893924
41 0.00018725926302105958
45 0.000005846154498803574
48 0.00014129003011415398
50 0.00009059173042602328
54 0.00064217757186086
59 0.000012924366889422343
60 0.000012924366889422343
76 0.00047524524109474617
84 0.0005494856956725966
93 0.0002302492435057135
95 0.0007530926094023691
96 0.0007121693016110291
97 0.0000602039675312256
100 0.00014427673725646523
103 0.00017082267940358932
108 0.0002542579645943101
121 0.0002131283281512035
132 0.00019350436353001335
139 0.0002495926820907704
140 0.0002005952689646678
159 0.00014086769495867446
164 0.00033123821444378676
168 0.00009828551542181294
175 0.00028530254609905744
195 0.00021509233277500263
217 0.0006716434921864852
223 0.0005052002574614732
227 0.0010448164664875542
251 0.0006133845545933855
255 0.00023913727761189357
296 0.0006649717304210047
300 0.00045393449222041863
301 0.0005035547120964008
311 0.0010139535776972734
331 0.0012547359196493047
362 0.00029998219746697925
444 0.0005878935028388465
469 0.0019277227839511898
482 0.008056162688366656
488 0.0011297522377733888
489 0.0006146083728946911
519 0.0004221783120451008
611 0.0005309542669637955
686 0.002281357073229544
687 0.0015195854895658904
839 0.0004755217854866652
951 0.0020919608499306037
1013 0.0005494856956725966
1132 0.0008882007952960393
1577 0.000685825303055794
2239 0.0007709345372720537
2586 0.0011370166061384682