0 0.00010360515709016387
6 0.0001359736315524734
10 0.000020926658193612276
15 0.000055337193439289376
20 0.00014256349717722765
24 0.00012749924599488326
26 0.000009180257170353432
27 0.000013301102101113839
28 0.000014329171044437778
29 0.000016009284857852372
30 0.00008005552081252168
31 0.000016570580131739694
32 0.0001446627800658901
42 0.00029780424319051263
43 0.0001247963410453852
44 0.00015086301495667102
45 0.00000876923174820536
50 0.00009059173042602328
54 0.0014448995366869348
57 0.00018016835758640515
59 0.000006462183444711172
60 0.000012924366889422343
74 0.0001314382268441069
76 0.00047524524109474617
93 0.0002302492435057135
95 0.0003423148224556223
96 0.00035608465080551457
119 0.0001544851386881615
139 0.0001247963410453852
143 0.0002681502686494669
144 0.00041726745680283956
160 0.00043897349683716435
162 0.0003800531302520963
167 0.0003185136261757804
168 0.00004914275771090647
195 0.00021509233277500263
303 0.0004090179636081414
482 0.0024168488065099965
488 0.0005648761188866944
489 0.0006146083728946911
691 0.00038363630339787504
1088 0.0006649717304210047
1105 0.00452028181644356
1724 0.0005878935028388465
2336 0.0015798793854948881