0 0.0003108154712704916
6 0.0001812981754032979
10 0.00017787659464570436
15 0.000055337193439289376
20 0.00014256349717722765
25 0.00014742827313271942
26 0.000009180257170353432
27 0.0000066505510505569195
28 0.000014329171044437778
29 0.000016009284857852372
30 0.00024016656243756505
31 0.000027617633552899494
32 0.0001446627800658901
34 0.00017905478797340885
42 0.00029780424319051263
43 0.000623981705226926
44 0.00030172602991334203
45 0.000005846154498803574
47 0.0010835565736602869
48 0.00028258006022830796
49 0.0002231883932943071
53 0.0005828723274939218
59 0.000006462183444711172
60 0.000012924366889422343
66 0.000629765283625402
74 0.0003943146805323207
75 0.0006179807965568429
76 0.00047524524109474617
95 0.00020538889347337336
96 0.00021365079048330874
102 0.0007820849235471108
103 0.00017082267940358932
110 0.0003600357507382571
119 0.000308970277376323
129 0.0004724074680904385
130 0.0007361723269582895
132 0.00116102618118008
134 0.0004048323475035409
161 0.00032348746208875627
164 0.00033123821444378676
167 0.0003185136261757804
188 0.002591470845833704
226 0.0005182941691667408
252 0.00021183173694126436
255 0.00023913727761189357
262 0.0003464581042452242
271 0.0004415172276153697
289 0.0007096674962648366
370 0.0008443566240902016
411 0.0008128063180586093
424 0.0008688663374890013
454 0.00230181782038725
475 0.0002526001287307366
530 0.0002736737953600468
599 0.003493856367023981
635 0.0010365883383334816
639 0.00045485323355897795
681 0.001140678536614772
691 0.0015345452135915002
743 0.0003800531302520963
744 0.0005544595315855724
795 0.0005353974937352319
799 0.0007565800661254732
806 0.00040692219849536895
897 0.0005494856956725966
940 0.0005544595315855724
1350 0.000685825303055794
1900 0.0007533803027405932
2212 0.000953975571705261
2587 0.0009060445366416521
2588 0.0008384895369568529
2589 0.0008688663374890013