0 0.00020721031418032774
6 0.0001359736315524734
7 0.003184778363588142
9 0.0007047129186040493
10 0.00006277997458083683
11 0.0017764015905920786
13 0.0006249962611345944
15 0.000055337193439289376
20 0.00014256349717722765
25 0.00004914275771090647
26 0.000018360514340706863
27 0.000013301102101113839
28 0.000014329171044437778
29 0.000016009284857852372
31 0.000016570580131739694
34 0.00017905478797340885
36 0.00017439542599474
37 0.0007975864282571718
38 0.0009153069730547706
45 0.000011692308997607148
50 0.00009059173042602328
59 0.000006462183444711172
60 0.000038773100668267026
74 0.0001314382268441069
76 0.00047524524109474617
91 0.00046926799994623984
92 0.0007296383478218761
95 0.00020538889347337336
96 0.00021365079048330874
100 0.00014427673725646523
119 0.0001544851386881615
148 0.00039487277137447156
158 0.0011296361938896618
165 0.00046935029736931276
168 0.00004914275771090647
169 0.0002663490497050791
202 0.00030783737547859243
247 0.0006297566600841033
252 0.0004236634738825287
259 0.0003407614423411458
343 0.001735998643696754
350 0.0005353974937352319
351 0.001966345507570937
352 0.000514279248876994
589 0.0003818350844534872
767 0.00040692219849536895
775 0.00036481917391093806
929 0.002312803611816161
1047 0.0012292167457893823
1477 0.0005494856956725966
1861 0.002606599012467004
1869 0.0021290024887945097
2159 0.008154400829774868
2327 0.0006464403017122036
2590 0.007959116242969277
2591 0.0022740332122769364
2592 0.0011370166061384682
2593 0.0011370166061384682
2594 0.0011370166061384682
2595 0.0011370166061384682
2596 0.0011370166061384682
2597 0.0010215305713900601
2598 0.0010215305713900601