0 0.00020721031418032774
6 0.00011331135962706119
8 0.0011512462175285675
10 0.00004185331638722455
17 0.0004875313243364415
20 0.00014256349717722765
24 0.0002549984919897665
25 0.00004914275771090647
26 0.000013770385755530148
27 0.00001995165315167076
28 0.000019105561392583703
29 0.000021345713143803165
30 0.00016011104162504336
31 0.00003314116026347939
32 0.0001446627800658901
34 0.00011936985864893924
36 0.00017439542599474
37 0.0003987932141285859
38 0.0004576534865273853
43 0.0002495926820907704
44 0.00015086301495667102
45 0.000005846154498803574
47 0.0002708891434150717
48 0.00014129003011415398
50 0.00004529586521301164
54 0.00032108878593043
59 0.000006462183444711172
60 0.000012924366889422343
71 0.00033256580019006747
74 0.0006571911342205345
89 0.00033798452589909114
95 0.00041077778694674673
96 0.00042730158096661747
103 0.00017082267940358932
119 0.0001544851386881615
124 0.00022809939265001406
125 0.00019006896079713502
130 0.00036808616347914477
132 0.00019350436353001335
138 0.00029998219746697925
153 0.00022952953988283507
167 0.0006370272523515608
168 0.00009828551542181294
217 0.0013432869843729705
223 0.0005052002574614732
235 0.000489099431979698
247 0.002833904970378465
252 0.00021183173694126436
271 0.0004415172276153697
300 0.00045393449222041863
307 0.0003818350844534872
327 0.0019147817070720818
352 0.002057116995507976
370 0.0004221783120451008
611 0.0005309542669637955
795 0.0005353974937352319
2158 0.0009060445366416521
2189 0.0012292167457893823
2599 0.0011370166061384682
2600 0.0011370166061384682
2601 0.0011370166061384682
2602 0.006637505094169017
2603 0.0009060445366416521
2604 0.0011370166061384682
2605 0.0011370166061384682
2606 0.0011370166061384682
2607 0.0034110498184154047
2608 0.0008688663374890013