0 0.00010360515709016387
5 0.0001350647307564619
6 0.0001359736315524734
10 0.000020926658193612276
13 0.0003124981305672972
15 0.000055337193439289376
17 0.00024376566216822076
24 0.00012749924599488326
25 0.00004914275771090647
26 0.000013770385755530148
27 0.00001995165315167076
28 0.000019105561392583703
29 0.000021345713143803165
30 0.00008005552081252168
31 0.000022094106842319594
32 0.0001446627800658901
34 0.00017905478797340885
41 0.00018725926302105958
43 0.0001247963410453852
44 0.00015086301495667102
45 0.000005846154498803574
50 0.0001358875956390349
54 0.00032108878593043
57 0.00018016835758640515
59 0.000006462183444711172
60 0.000012924366889422343
74 0.0001314382268441069
89 0.00033798452589909114
91 0.00023463399997311992
95 0.0006161666804201201
96 0.0006409523714499261
97 0.0001204079350624512
100 0.00014427673725646523
103 0.00008541133970179466
125 0.00038013792159427004
132 0.00058051309059004
133 0.00032475447298266157
139 0.0002495926820907704
153 0.00022952953988283507
158 0.0003765453979632206
161 0.00032348746208875627
165 0.003285452081585189
167 0.0009555408785273412
168 0.00004914275771090647
185 0.00023389514674621796
217 0.0022388116406216177
223 0.0005052002574614732
255 0.00047827455522378713
256 0.0005266264618316295
300 0.0006052459896272249
301 0.0010071094241928015
307 0.0003818350844534872
362 0.00029998219746697925
417 0.0003600357507382571
456 0.00040485246840563934
567 0.0007096674962648366
654 0.00038729823387417876
691 0.00038363630339787504
703 0.0004991223381462831
1036 0.000867999321848377
1038 0.0005103588061228796
2609 0.0011370166061384682
2610 0.0011370166061384682