0 0.00010360515709016387
6 0.00009064908770164895
10 0.00003138998729041841
13 0.0006249962611345944
15 0.00016601158031786812
17 0.000975062648672883
20 0.00014256349717722765
24 0.00012749924599488326
25 0.00004914275771090647
26 0.000013770385755530148
27 0.000013301102101113839
28 0.000014329171044437778
29 0.000021345713143803165
30 0.00008005552081252168
31 0.000027617633552899494
32 0.0001446627800658901
43 0.0004991853641815408
44 0.00015086301495667102
45 0.000005846154498803574
50 0.00009059173042602328
53 0.0005828723274939218
54 0.000160544392965215
59 0.000006462183444711172
60 0.000012924366889422343
74 0.0001314382268441069
93 0.0002302492435057135
95 0.00041077778694674673
96 0.00042730158096661747
103 0.00017082267940358932
124 0.0009123975706000563
125 0.00019006896079713502
132 0.0013545305447100933
133 0.0006495089459653231
136 0.00029565439233481325
138 0.00029998219746697925
139 0.00037438902313615557
153 0.00022952953988283507
161 0.0009704623862662688
162 0.0003800531302520963
165 0.004224152676323815
168 0.00004914275771090647
170 0.00043897349683716435
214 0.0002477233572712043
217 0.0022388116406216177
221 0.0004090179636081414
223 0.0010104005149229464
235 0.000244549715989849
241 0.000466348213813385
252 0.0004236634738825287
262 0.0006929162084904484
296 0.003989830382526028
300 0.00015131149740680623
307 0.0007636701689069744
311 0.00033798452589909114
326 0.0005399624677752377
327 0.00047869542676802046
444 0.005291041525549618
469 0.0019277227839511898
496 0.0006987623629892522
601 0.0004176750344063272
953 0.010973204848892705
1132 0.00044410039764801966
1878 0.0008688663374890013
1917 0.0008688663374890013
2615 0.0017377326749780026
2616 0.0011370166061384682
2617 0.0011370166061384682
2618 0.0011370166061384682
2619 0.0011370166061384682
2620 0.0011370166061384682
2621 0.00395279250946622
2622 0.0022740332122769364