6 0.00011331135962706119
10 0.000010463329096806138
15 0.000055337193439289376
26 0.000018360514340706863
27 0.00001995165315167076
28 0.000014329171044437778
29 0.000016009284857852372
30 0.00008005552081252168
31 0.000022094106842319594
32 0.0001446627800658901
41 0.00018725926302105958
43 0.0001247963410453852
44 0.00015086301495667102
45 0.000014615386247008935
46 0.00032731777168967243
48 0.00014129003011415398
49 0.0002231883932943071
50 0.00009059173042602328
54 0.00064217757186086
59 0.000012924366889422343
60 0.000012924366889422343
74 0.0001314382268441069
76 0.00023762262054737309
93 0.0002302492435057135
94 0.0004885960299787504
95 0.0006846296449112446
96 0.000783386231772132
97 0.0000602039675312256
100 0.00014427673725646523
103 0.0004270566985089733
125 0.00019006896079713502
132 0.00058051309059004
139 0.00037438902313615557
143 0.0002681502686494669
151 0.0006787343976211396
153 0.00022952953988283507
159 0.0009860738647107213
161 0.00032348746208875627
163 0.00029998219746697925
195 0.0012905539966500158
214 0.0002477233572712043
217 0.002686573968745941
223 0.0002526001287307366
255 0.0007174118328356807
297 0.00044939008413828627
299 0.0003209819843539111
300 0.00030262299481361246
328 0.0003260311928669616
362 0.00029998219746697925
390 0.001175787005677693
456 0.001214557405216918
470 0.00044672424919219483
703 0.0009982446762925661
786 0.000570339268307386
833 0.0030391709791317808
834 0.0038273656079531107
1483 0.0007709345372720537
2623 0.006822099636830809
2624 0.0008384895369568529
2625 0.0011370166061384682
2626 0.0008688663374890013