0 0.0003108154712704916
6 0.0000679868157762367
10 0.000020926658193612276
15 0.000055337193439289376
20 0.00014256349717722765
24 0.00012749924599488326
26 0.000009180257170353432
27 0.000013301102101113839
28 0.000014329171044437778
29 0.000016009284857852372
31 0.000022094106842319594
34 0.00011936985864893924
45 0.00000876923174820536
50 0.00004529586521301164
59 0.000006462183444711172
60 0.000012924366889422343
74 0.0001314382268441069
91 0.0011731699998655998
97 0.00018061190259367678
109 0.005345691182348821
119 0.0010813959708171304
121 0.0002131283281512035
124 0.00022809939265001406
132 0.00058051309059004
168 0.00004914275771090647
175 0.00028530254609905744
180 0.0002526001287307366
195 0.00021509233277500263
202 0.00030783737547859243
232 0.0005182941691667408
247 0.0006297566600841033
251 0.0009200768318900781
252 0.00021183173694126436
271 0.0008830344552307394
304 0.0010661575080709474
306 0.0030123631837057647
307 0.0003818350844534872
384 0.0014360862803040613
389 0.0013645597006769338
414 0.0006075174674600367
417 0.0003600357507382571
442 0.00036481917391093806
486 0.0007230035022084448
490 0.0005648761188866944
491 0.0005544595315855724
492 0.000685825303055794
550 0.00040280813441833274
601 0.0004176750344063272
624 0.0028915841759267844
742 0.00040692219849536895
1180 0.005446560494091424
1264 0.0012150349349200735
1338 0.0019393209051366106
2627 0.0011370166061384682
2628 0.0009060445366416521
2629 0.0011370166061384682
2630 0.0022740332122769364
2631 0.0011370166061384682
2632 0.0034110498184154047