6 0.0000679868157762367
8 0.0006907477305171405
10 0.000020926658193612276
18 0.0006345860527207468
21 0.0006220145312703716
23 0.0001917778078759736
24 0.00012749924599488326
25 0.00009828551542181294
26 0.000013770385755530148
27 0.000013301102101113839
28 0.000019105561392583703
29 0.000016009284857852372
31 0.000027617633552899494
34 0.0003581095759468177
35 0.0008384895369568529
36 0.00017439542599474
45 0.000011692308997607148
46 0.0006546355433793449
47 0.0002708891434150717
48 0.0004238700903424619
49 0.0004463767865886142
57 0.0005405050727592154
59 0.000006462183444711172
60 0.000025848733778844687
71 0.00033256580019006747
74 0.0001314382268441069
75 0.00030899039827842145
80 0.0006787343976211396
81 0.00033390404938987825
85 0.002212501698056339
96 0.00007121693016110292
102 0.0003910424617735554
108 0.0002542579645943101
109 0.0015273403378139488
119 0.0010813959708171304
121 0.0002131283281512035
131 0.0006649717304210047
136 0.0005913087846696265
139 0.0001247963410453852
146 0.00036481917391093806
147 0.0015418690745441074
150 0.002212501698056339
159 0.0002817353899173489
168 0.00009828551542181294
172 0.00023913727761189357
185 0.0004677902934924359
186 0.00040692219849536895
189 0.0009510435709733304
202 0.0009235121264357772
203 0.0006273679598246524
221 0.0004090179636081414
234 0.00038363630339787504
247 0.0003148783300420517
251 0.0003066922772966927
259 0.0010222843270234372
266 0.0003010819448897304
271 0.0026491033656922177
299 0.0003209819843539111
349 0.004344331687445007
360 0.0005309542669637955
384 0.0019147817070720818
385 0.0020731766766669633
393 0.0028915841759267844
454 0.001150908910193625
462 0.0005941814615164285
483 0.0011401593907562888
496 0.0006987623629892522
550 0.001611232537673331
567 0.0007096674962648366
572 0.0015672246997313311
672 0.0005182941691667408
718 0.0011519752882561186
742 0.00040692219849536895
743 0.0003800531302520963
774 0.0005941814615164285
874 0.0008128063180586093
916 0.0006464403017122036
945 0.0006750724671448359
960 0.0004724074680904385
1035 0.0014750011320375594
1147 0.0007375005660187797
1148 0.000953975571705261
1305 0.0013946405666204024
1314 0.0005446560494091424
1337 0.0005353974937352319
1994 0.0006075174674600367
2633 0.01998392576224703
2634 0.002861926715115783
2635 0.004548066424553873
2636 0.0034110498184154047
2637 0.0011370166061384682
2638 0.0011370166061384682
2639 0.00306459171417018
2640 0.004344331687445007
2641 0.0020430611427801203
2642 0.0011370166061384682
2643 0.0011370166061384682
2644 0.0011370166061384682
2645 0.0011370166061384682
2646 0.0011370166061384682