0 0.00010360515709016387
5 0.0001350647307564619
6 0.0000679868157762367
10 0.00004185331638722455
13 0.0003124981305672972
14 0.00026456709550368824
15 0.000055337193439289376
17 0.00024376566216822076
20 0.00014256349717722765
25 0.00014742827313271942
26 0.000018360514340706863
27 0.000013301102101113839
28 0.000009552780696291852
29 0.000016009284857852372
30 0.00008005552081252168
31 0.00003314116026347939
34 0.00005968492932446962
45 0.000011692308997607148
50 0.00009059173042602328
53 0.0014571808187348043
59 0.000025848733778844687
60 0.000038773100668267026
74 0.0001314382268441069
97 0.0000602039675312256
107 0.0005595864323964277
121 0.0002131283281512035
125 0.00019006896079713502
153 0.00022952953988283507
159 0.00014086769495867446
163 0.00029998219746697925
168 0.00004914275771090647
169 0.0002663490497050791
217 0.00022388116406216174
219 0.0003616150149759352
223 0.001263000643653683
251 0.0006133845545933855
252 0.00021183173694126436
259 0.0003407614423411458
262 0.0006929162084904484
276 0.0007394879986854364
300 0.00045393449222041863
303 0.001227053890824424
370 0.0008443566240902016
417 0.0003600357507382571
481 0.0004339996609241885
672 0.0005182941691667408
687 0.002026113986087854
734 0.0010055685372451738
1132 0.00044410039764801966
2647 0.000953975571705261
2648 0.0011370166061384682
2649 0.0011370166061384682