0 0.00010360515709016387
6 0.0001359736315524734
8 0.000460498487011427
10 0.00003138998729041841
21 0.0006220145312703716
23 0.0005753334236279207
25 0.00009828551542181294
26 0.000009180257170353432
27 0.0000332527552527846
28 0.000028658342088875557
29 0.00002668214142975396
30 0.0003202220832500867
31 0.000027617633552899494
32 0.00021699417009883517
41 0.00018725926302105958
43 0.0001247963410453852
44 0.00015086301495667102
45 0.000011692308997607148
48 0.00028258006022830796
49 0.0002231883932943071
50 0.0001358875956390349
59 0.000025848733778844687
60 0.000012924366889422343
74 0.0001314382268441069
89 0.00033798452589909114
95 0.0005477037159289957
96 0.0004985185111277203
97 0.00018061190259367678
100 0.00014427673725646523
103 0.00008541133970179466
119 0.000308970277376323
125 0.00019006896079713502
130 0.0007361723269582895
142 0.0004520992678889995
153 0.00022952953988283507
159 0.00014086769495867446
164 0.00033123821444378676
166 0.0004605016093796513
168 0.00009828551542181294
172 0.00047827455522378713
185 0.00023389514674621796
196 0.0005309542669637955
213 0.00036481917391093806
214 0.0002477233572712043
217 0.0013432869843729705
223 0.0005052002574614732
255 0.0021522354985070422
300 0.00045393449222041863
331 0.0003136839799123262
362 0.0008999465924009378
454 0.001150908910193625
456 0.00040485246840563934
475 0.0005052002574614732
555 0.00034358542739842214
691 0.00038363630339787504
743 0.0007601062605041926
816 0.0004852300340911263
833 0.001013056993043927
834 0.0006378942679921852
1100 0.001907951143410522
1963 0.0006973202833102012
2650 0.0022740332122769364
2651 0.001581117003786488
2652 0.0011370166061384682