0 0.00010360515709016387
5 0.0001350647307564619
6 0.0001359736315524734
8 0.000460498487011427
10 0.00003138998729041841
15 0.000055337193439289376
23 0.0003835556157519472
24 0.00012749924599488326
25 0.00004914275771090647
26 0.000009180257170353432
27 0.000026602204202227678
28 0.00002388195174072963
29 0.000037354998001655535
30 0.00024016656243756505
31 0.000038664686974059284
32 0.00021699417009883517
42 0.00029780424319051263
43 0.0001247963410453852
44 0.00015086301495667102
45 0.000011692308997607148
48 0.00014129003011415398
50 0.00009059173042602328
59 0.000019386550334133513
60 0.000012924366889422343
74 0.0001314382268441069
91 0.00046926799994623984
92 0.00036481917391093806
93 0.0002302492435057135
95 0.0005477037159289957
96 0.0004985185111277203
97 0.0000602039675312256
103 0.00008541133970179466
108 0.0002542579645943101
122 0.00030783737547859243
125 0.00038013792159427004
130 0.0007361723269582895
138 0.0014999109873348963
140 0.0002005952689646678
142 0.0004520992678889995
153 0.00022952953988283507
159 0.0002817353899173489
161 0.00032348746208875627
168 0.00009828551542181294
217 0.0029104551328081023
223 0.001263000643653683
255 0.0016739609432832548
300 0.0006052459896272249
331 0.0009410519397369785
362 0.0005999643949339585
475 0.0005052002574614732
661 0.0013108970050472915
734 0.0005027842686225869
1252 0.000570339268307386
1282 0.0011089190631711448
1419 0.0007375005660187797
2653 0.00453022268320826
2654 0.0011370166061384682