0 0.00010360515709016387
6 0.00009064908770164895
10 0.00003138998729041841
15 0.000055337193439289376
23 0.0001917778078759736
25 0.00004914275771090647
26 0.000009180257170353432
27 0.00001995165315167076
28 0.000019105561392583703
29 0.000021345713143803165
31 0.000022094106842319594
32 0.0001446627800658901
34 0.00005968492932446962
41 0.00018725926302105958
43 0.00037438902313615557
45 0.00000876923174820536
50 0.00009059173042602328
59 0.000019386550334133513
60 0.000012924366889422343
76 0.0007128678616421193
91 0.0007039019999193597
95 0.00047924075143787115
96 0.00042730158096661747
97 0.00018061190259367678
103 0.00008541133970179466
122 0.0006156747509571849
125 0.00038013792159427004
130 0.00036808616347914477
139 0.0001247963410453852
140 0.0002005952689646678
142 0.0004520992678889995
153 0.00022952953988283507
164 0.0006624764288875735
168 0.00004914275771090647
180 0.0002526001287307366
185 0.00023389514674621796
195 0.00021509233277500263
217 0.0020149304765594554
241 0.000466348213813385
252 0.0004236634738825287
255 0.0011956863880594679
262 0.0006929162084904484
265 0.00024220853747341272
300 0.0009078689844408373
311 0.00033798452589909114
362 0.0005999643949339585
457 0.0006378942679921852
458 0.0011455052533604615
459 0.000570339268307386
462 0.0005941814615164285
475 0.0002526001287307366
529 0.00044939008413828627
776 0.0008309364644307748
818 0.000685825303055794
1171 0.0005182941691667408
1648 0.0006075174674600367
1687 0.000685825303055794
2136 0.0010215305713900601