0 0.00010360515709016387
5 0.0001350647307564619
6 0.00009064908770164895
8 0.001381495461034281
10 0.000010463329096806138
15 0.000055337193439289376
24 0.0002549984919897665
25 0.00019657103084362587
26 0.000009180257170353432
27 0.0000332527552527846
28 0.00003343473243702148
29 0.000016009284857852372
31 0.000027617633552899494
34 0.00011936985864893924
36 0.00017439542599474
41 0.00018725926302105958
43 0.0001247963410453852
44 0.00015086301495667102
45 0.000005846154498803574
46 0.00032731777168967243
47 0.0005417782868301434
48 0.0004238700903424619
50 0.0001358875956390349
54 0.00032108878593043
59 0.000012924366889422343
60 0.000012924366889422343
73 0.0004885960299787504
74 0.0001314382268441069
93 0.0002302492435057135
100 0.00028855347451293045
103 0.00017082267940358932
121 0.0002131283281512035
125 0.00019006896079713502
132 0.00019350436353001335
151 0.0003393671988105698
153 0.00022952953988283507
217 0.0029104551328081023
221 0.002863125745256989
222 0.0014992753692367232
223 0.0020208010298458927
227 0.0005224082332437771
299 0.0003209819843539111
331 0.0003136839799123262
434 0.00032731777168967243
443 0.000685825303055794
446 0.0012530251032189816
468 0.0024384189541758277
475 0.0002526001287307366
501 0.0008128063180586093
639 0.0013645597006769338
675 0.0006007160688395344
701 0.000570339268307386
934 0.0007096674962648366
1072 0.0005544595315855724
1142 0.001611232537673331
1304 0.0011191728647928555
1335 0.0007533803027405932
1393 0.0005878935028388465
1459 0.000790558501893244
1757 0.0006554485025236457
1891 0.0014460070044168896
2327 0.0006464403017122036
2674 0.0022740332122769364
2675 0.0011370166061384682
2676 0.0011370166061384682
2677 0.0020430611427801203