6 0.00022662271925412238
10 0.00005231664548403069
15 0.00011067438687857875
20 0.0002851269943544553
23 0.0001917778078759736
24 0.0006374962299744162
25 0.00019657103084362587
26 0.000013770385755530148
27 0.000026602204202227678
28 0.000028658342088875557
29 0.000032018569715704745
31 0.000022094106842319594
32 0.0002893255601317802
34 0.00011936985864893924
41 0.00018725926302105958
43 0.0002495926820907704
44 0.00030172602991334203
45 0.00000876923174820536
48 0.00014129003011415398
49 0.0004463767865886142
50 0.00004529586521301164
54 0.00032108878593043
56 0.00034358542739842214
57 0.0007206734303456206
59 0.000006462183444711172
60 0.000012924366889422343
73 0.0004885960299787504
74 0.0001314382268441069
91 0.00023463399997311992
93 0.000460498487011427
95 0.0009584815028757423
96 0.0009258200920943377
97 0.0000602039675312256
103 0.0004270566985089733
111 0.000944814936180877
114 0.0005941814615164285
122 0.00030783737547859243
124 0.00022809939265001406
125 0.0009503448039856751
130 0.00036808616347914477
133 0.0016237723649133078
138 0.00029998219746697925
140 0.0002005952689646678
144 0.00020863372840141978
151 0.0006787343976211396
153 0.00045905907976567014
159 0.0009860738647107213
161 0.00032348746208875627
163 0.00029998219746697925
168 0.00019657103084362587
171 0.0004176750344063272
172 0.00023913727761189357
176 0.0004576534865273853
190 0.0010989713913451932
191 0.0013946405666204024
196 0.0005309542669637955
200 0.0002833071793801778
217 0.0013432869843729705
233 0.0007783196602169099
235 0.000244549715989849
251 0.0006133845545933855
265 0.00048441707494682545
270 0.0008384895369568529
273 0.0003697439993427182
293 0.0005065284965219635
306 0.0030123631837057647
325 0.0021948674841858217
345 0.0006649717304210047
389 0.00045485323355897795
390 0.001175787005677693
393 0.00048193069598779744
452 0.0016198874033257126
457 0.0012757885359843703
458 0.0003818350844534872
483 0.0011401593907562888
496 0.0006987623629892522
555 0.0006871708547968443
568 0.0005595864323964277
585 0.0007975864282571718
611 0.0005309542669637955
623 0.0009210032187593025
712 0.0006464403017122036
719 0.0011089190631711448
767 0.0012207665954861067
806 0.00040692219849536895
848 0.0005446560494091424
851 0.00046935029736931276
867 0.0015083528058677605
890 0.0009060445366416521
897 0.0005494856956725966
898 0.0010055685372451738
899 0.0013946405666204024
900 0.0015798793854948881
901 0.0005759876441280593
902 0.0005544595315855724
903 0.0005818342485617932
904 0.0006007160688395344
905 0.0005878935028388465
906 0.000570339268307386
907 0.0005878935028388465
908 0.0005818342485617932
909 0.0005941814615164285
910 0.000570339268307386
911 0.0005759876441280593
912 0.00047869542676802046
913 0.0004111404270832213
985 0.0004885960299787504
1044 0.0005648761188866944
1060 0.0005544595315855724
1062 0.0005648761188866944
1063 0.0007375005660187797
1064 0.0008128063180586093
1065 0.0017660689104614788
1066 0.00048193069598779744
1067 0.0005544595315855724
1068 0.0005103588061228796
1069 0.0003968214617715378
1071 0.0007533803027405932
1337 0.0010707949874704638
1472 0.0007096674962648366
1559 0.0018225524023801102
1945 0.0007533803027405932
2614 0.0008688663374890013
2678 0.0011370166061384682
2679 0.0034110498184154047
2680 0.000953975571705261
2681 0.0011370166061384682
2682 0.0011370166061384682