6 0.00009064908770164895
10 0.00006277997458083683
15 0.000055337193439289376
20 0.00014256349717722765
24 0.00012749924599488326
25 0.00019657103084362587
26 0.000009180257170353432
27 0.00001995165315167076
28 0.000028658342088875557
29 0.000016009284857852372
30 0.00024016656243756505
31 0.000022094106842319594
32 0.0001446627800658901
34 0.00005968492932446962
43 0.0002495926820907704
44 0.00030172602991334203
45 0.00000876923174820536
46 0.0009819533150690174
47 0.0005417782868301434
48 0.00028258006022830796
50 0.00004529586521301164
54 0.000160544392965215
56 0.0010307562821952664
57 0.0003603367151728103
59 0.000019386550334133513
60 0.000012924366889422343
74 0.0001314382268441069
76 0.00023762262054737309
80 0.0003393671988105698
82 0.0004991223381462831
93 0.0006907477305171405
95 0.0003423148224556223
96 0.00035608465080551457
97 0.0000602039675312256
103 0.000256234019105384
111 0.0004724074680904385
119 0.00046345541606448445
134 0.0004048323475035409
139 0.0001247963410453852
143 0.0002681502686494669
144 0.0008345349136056791
149 0.0024584334915787646
159 0.0002817353899173489
165 0.0014080508921079382
167 0.0003185136261757804
176 0.0004576534865273853
180 0.0002526001287307366
181 0.003615017511042224
202 0.00030783737547859243
213 0.00036481917391093806
215 0.0005446560494091424
217 0.00022388116406216174
221 0.0004090179636081414
222 0.0003748188423091808
227 0.0005224082332437771
231 0.001371650606111588
234 0.00038363630339787504
235 0.000244549715989849
265 0.00024220853747341272
300 0.00015131149740680623
305 0.0005648761188866944
327 0.0009573908535360409
328 0.0006520623857339232
449 0.00042680669660142797
470 0.00044672424919219483
496 0.0003493811814946261
499 0.0022595044755467776
540 0.002824380594433472
550 0.00040280813441833274
555 0.00034358542739842214
585 0.0003987932141285859
618 0.0004885960299787504
625 0.0006378942679921852
716 0.00045485323355897795
730 0.0006554485025236457
735 0.0005941814615164285
741 0.0006750724671448359
747 0.0007709345372720537
775 0.00036481917391093806
805 0.0005353974937352319
818 0.001371650606111588
879 0.0010215305713900601
943 0.0007096674962648366
1110 0.000685825303055794
1137 0.0007533803027405932
1139 0.0033539581478274115
1318 0.0006649717304210047
1329 0.0008128063180586093
1411 0.0007533803027405932
1412 0.0005648761188866944
1482 0.0007709345372720537
1500 0.007953038524292893
1510 0.00226014090822178
1666 0.0008688663374890013
1680 0.0009060445366416521
1994 0.0006075174674600367
2184 0.0010215305713900601
2386 0.000953975571705261
2683 0.0009060445366416521
2684 0.0011370166061384682
2685 0.000953975571705261
2686 0.0011370166061384682
2687 0.0011370166061384682
2688 0.0011370166061384682
2689 0.0017377326749780026
2690 0.0009060445366416521
2691 0.0011370166061384682
2692 0.0011370166061384682
2693 0.0034110498184154047
2694 0.006822099636830809
2695 0.0011370166061384682
2696 0.0011370166061384682
2697 0.0011370166061384682
2698 0.000953975571705261
2699 0.0011370166061384682
2700 0.0011370166061384682
2701 0.0010215305713900601