0 0.00020721031418032774
6 0.0001359736315524734
10 0.0001674132655488982
15 0.0002766859671964469
20 0.00014256349717722765
25 0.00004914275771090647
26 0.000013770385755530148
27 0.00001995165315167076
28 0.000019105561392583703
29 0.000016009284857852372
31 0.0000055235267105798985
32 0.00021699417009883517
34 0.00017905478797340885
43 0.0001247963410453852
44 0.00015086301495667102
45 0.000005846154498803574
50 0.00009059173042602328
54 0.000160544392965215
57 0.0005405050727592154
59 0.000006462183444711172
60 0.000012924366889422343
74 0.0002628764536882138
93 0.0002302492435057135
94 0.0004885960299787504
95 0.0006846296449112446
96 0.0006409523714499261
97 0.00018061190259367678
100 0.00014427673725646523
103 0.00008541133970179466
108 0.0005085159291886202
110 0.0003600357507382571
125 0.00019006896079713502
129 0.0023620373404521925
130 0.00036808616347914477
136 0.001182617569339253
139 0.0001247963410453852
140 0.0008023810758586712
142 0.000904198535777999
163 0.00029998219746697925
168 0.00004914275771090647
172 0.00023913727761189357
180 0.0002526001287307366
185 0.00023389514674621796
194 0.0004339996609241885
195 0.00021509233277500263
200 0.001416535896900889
203 0.0003136839799123262
212 0.000629765283625402
217 0.0006716434921864852
233 0.00038915983010845493
235 0.000244549715989849
241 0.00093269642762677
252 0.0008473269477650574
255 0.0021522354985070422
262 0.0020787486254713453
265 0.00048441707494682545
267 0.0005494856956725966
300 0.00045393449222041863
362 0.001199928789867917
417 0.0003600357507382571
430 0.00033256580019006747
452 0.0016198874033257126
516 0.0006378942679921852
615 0.0009060445366416521
654 0.00038729823387417876
700 0.0007820849235471108
729 0.0006075174674600367
742 0.00040692219849536895
797 0.0004755217854866652
912 0.0009573908535360409
923 0.000570339268307386
973 0.006778513426640332
974 0.005291041525549618
1103 0.00046935029736931276
1171 0.0005182941691667408
1177 0.0006220145312703716
1582 0.0013401727475765846
1596 0.0006220145312703716
1648 0.0012150349349200735
1729 0.002606599012467004
1839 0.0010215305713900601
2245 0.0008128063180586093
2386 0.000953975571705261
2702 0.0010215305713900601
2703 0.0011370166061384682
2704 0.0010215305713900601
2705 0.0010215305713900601
2706 0.0022740332122769364
2707 0.0022740332122769364
2708 0.0011370166061384682
2709 0.0022740332122769364
2710 0.0011370166061384682
2711 0.0010215305713900601