0 0.00020721031418032774
5 0.0001350647307564619
6 0.00011331135962706119
8 0.0002302492435057135
10 0.00004185331638722455
15 0.00016601158031786812
17 0.00024376566216822076
24 0.0002549984919897665
25 0.00004914275771090647
26 0.000009180257170353432
27 0.000026602204202227678
28 0.000019105561392583703
29 0.000021345713143803165
31 0.000011047053421159797
32 0.00043398834019767033
34 0.00011936985864893924
36 0.00017439542599474
44 0.00015086301495667102
45 0.000005846154498803574
50 0.00009059173042602328
52 0.0033057025291838623
53 0.0029143616374696086
54 0.00064217757186086
59 0.000012924366889422343
60 0.000012924366889422343
87 0.00036808616347914477
93 0.000460498487011427
95 0.00041077778694674673
96 0.00042730158096661747
102 0.0003910424617735554
103 0.00008541133970179466
139 0.0002495926820907704
140 0.0006017858068940034
142 0.000904198535777999
143 0.0002681502686494669
144 0.0010431686420070989
164 0.00033123821444378676
168 0.00004914275771090647
180 0.0005052002574614732
185 0.00023389514674621796
202 0.0006156747509571849
203 0.0003136839799123262
255 0.0014348236656713614
273 0.0003697439993427182
297 0.00044939008413828627
298 0.0004991223381462831
299 0.0003209819843539111
312 0.0004885960299787504
321 0.0008384895369568529
331 0.0003136839799123262
362 0.00029998219746697925
466 0.0013946405666204024
496 0.0003493811814946261
538 0.00037310999523034225
554 0.0003600357507382571
741 0.0006750724671448359
797 0.0004755217854866652
856 0.0006750724671448359
951 0.0006973202833102012
1119 0.000629765283625402
2685 0.000953975571705261
2712 0.0008688663374890013
2713 0.0011370166061384682
2714 0.0010215305713900601
2715 0.0011370166061384682
2716 0.0011370166061384682
2717 0.0011370166061384682
2718 0.0011370166061384682
2719 0.0011370166061384682
2720 0.0011370166061384682
2721 0.0011370166061384682
2722 0.0011370166061384682
2723 0.0010215305713900601
2724 0.0011370166061384682
2725 0.0020430611427801203
2726 0.0011370166061384682
2727 0.0010215305713900601
2728 0.0011370166061384682
2729 0.0011370166061384682