0 0.00020721031418032774
5 0.0001350647307564619
6 0.0001812981754032979
7 0.001061592787862714
9 0.003875921052322271
10 0.00004185331638722455
11 0.0026646023858881178
14 0.00026456709550368824
15 0.00033202316063573624
16 0.0006220145312703716
24 0.001019993967959066
25 0.00034399930397634523
26 0.000013770385755530148
27 0.000013301102101113839
28 0.000028658342088875557
29 0.000010672856571901583
31 0.000022094106842319594
34 0.00005968492932446962
36 0.00017439542599474
37 0.0011963796423857577
42 0.0005956084863810253
43 0.0002495926820907704
45 0.00000876923174820536
47 0.0002708891434150717
49 0.0004463767865886142
56 0.0006871708547968443
57 0.0003603367151728103
59 0.000006462183444711172
60 0.000012924366889422343
71 0.00033256580019006747
74 0.0001314382268441069
76 0.00023762262054737309
81 0.00033390404938987825
93 0.0002302492435057135
97 0.00018061190259367678
103 0.00017082267940358932
108 0.0002542579645943101
116 0.0010707949874704638
119 0.00046345541606448445
123 0.0017455027456853792
130 0.00036808616347914477
132 0.00019350436353001335
159 0.0008452061697520468
163 0.0005999643949339585
168 0.00014742827313271942
172 0.00023913727761189357
176 0.0004576534865273853
185 0.00023389514674621796
186 0.0020346109924768447
194 0.0013019989827725655
195 0.00021509233277500263
213 0.00036481917391093806
233 0.00038915983010845493
235 0.000244549715989849
248 0.0007230035022084448
249 0.0006378942679921852
250 0.0005878935028388465
265 0.00024220853747341272
266 0.0006021638897794608
273 0.0007394879986854364
306 0.0071543625613011905
325 0.001316920490511493
328 0.0003260311928669616
343 0.002169998304620943
374 0.0006220145312703716
398 0.001089628176058837
429 0.002377608927433326
435 0.00044410039764801966
442 0.00036481917391093806
454 0.0007672726067957501
496 0.0003493811814946261
515 0.00043897349683716435
554 0.0007200715014765141
555 0.0010307562821952664
568 0.002238345729585711
623 0.0009210032187593025
645 0.0005353974937352319
721 0.0012292167457893823
744 0.0005544595315855724
775 0.00036481917391093806
848 0.0005446560494091424
851 0.00046935029736931276
865 0.0004520992678889995
897 0.0005494856956725966
898 0.0005027842686225869
899 0.0006973202833102012
900 0.001053252923663259
901 0.0005759876441280593
902 0.0011089190631711448
906 0.000570339268307386
1065 0.0026491033656922177
1068 0.0005103588061228796
1114 0.0007096674962648366
1238 0.000790558501893244
1282 0.0005544595315855724
1325 0.0005544595315855724
1328 0.0006973202833102012
1412 0.0005648761188866944
1701 0.0007533803027405932
1714 0.0006750724671448359
1779 0.0007533803027405932
1850 0.0008384895369568529
1922 0.0006464403017122036
2015 0.0016256126361172186
2052 0.003324858652105023
2217 0.0008384895369568529
2730 0.00306459171417018
2731 0.00395279250946622
2732 0.000953975571705261
2733 0.0010215305713900601
2734 0.000953975571705261
2735 0.0007375005660187797
2736 0.0011370166061384682
2737 0.0008384895369568529