0 0.00020721031418032774
2 0.001089628176058837
3 0.0008987801682765725
4 0.001603154323389862
5 0.0002701294615129238
6 0.0000679868157762367
7 0.0014154570504836188
8 0.0006907477305171405
9 0.0024664952151141725
10 0.00004185331638722455
17 0.00024376566216822076
23 0.0001917778078759736
24 0.0007649954759692994
25 0.00009828551542181294
26 0.000018360514340706863
27 0.000026602204202227678
28 0.000019105561392583703
29 0.000021345713143803165
30 0.00016011104162504336
31 0.00003314116026347939
34 0.00005968492932446962
36 0.00052318627798422
37 0.0003987932141285859
38 0.0004576534865273853
39 0.0008688663374890013
40 0.0008688663374890013
41 0.00018725926302105958
43 0.0001247963410453852
45 0.000011692308997607148
50 0.00004529586521301164
59 0.000025848733778844687
60 0.000038773100668267026
100 0.00014427673725646523
140 0.0002005952689646678
144 0.00041726745680283956
165 0.0009387005947386255
167 0.0003185136261757804
168 0.00009828551542181294
172 0.00023913727761189357
201 0.0003782900330627366
232 0.0005182941691667408
247 0.0003148783300420517
252 0.0004236634738825287
302 0.0007672726067957501
303 0.0020450898180407067
306 0.006024726367411529
343 0.0013019989827725655
380 0.0004755217854866652
435 0.00044410039764801966
442 0.00036481917391093806
456 0.00040485246840563934
594 0.0011636684971235863
754 0.0006973202833102012
775 0.00036481917391093806
846 0.0006378942679921852
923 0.001140678536614772
1056 0.0012928806034244072
1180 0.0021786241976365695
1268 0.0008128063180586093
2017 0.0024384189541758277
2023 0.0006220145312703716
2348 0.0009060445366416521
2738 0.0011370166061384682
2739 0.0010215305713900601
2740 0.0018120890732833041
2741 0.0022740332122769364
2742 0.0022740332122769364
2743 0.0011370166061384682
2744 0.0011370166061384682
2745 0.0011370166061384682