6 0.00011331135962706119
10 0.00004185331638722455
15 0.000055337193439289376
25 0.00004914275771090647
26 0.000009180257170353432
27 0.000013301102101113839
28 0.000019105561392583703
29 0.000021345713143803165
30 0.00008005552081252168
31 0.000038664686974059284
32 0.0001446627800658901
34 0.00011936985864893924
43 0.0001247963410453852
44 0.00015086301495667102
45 0.000005846154498803574
48 0.00028258006022830796
50 0.00004529586521301164
57 0.0003603367151728103
59 0.000006462183444711172
60 0.000012924366889422343
76 0.00023762262054737309
87 0.00036808616347914477
89 0.00033798452589909114
95 0.00027385185796449787
96 0.00028486772064441167
97 0.0000602039675312256
100 0.00014427673725646523
103 0.00008541133970179466
108 0.0002542579645943101
124 0.00022809939265001406
125 0.00019006896079713502
132 0.00019350436353001335
138 0.0008999465924009378
144 0.0006259011852042593
149 0.0006146083728946911
159 0.00014086769495867446
202 0.00030783737547859243
217 0.0006716434921864852
223 0.0002526001287307366
252 0.0004236634738825287
255 0.0011956863880594679
300 0.00015131149740680623
351 0.001966345507570937
362 0.001199928789867917
417 0.0003600357507382571
429 0.0009510435709733304
434 0.00032731777168967243
742 0.00040692219849536895
1036 0.0004339996609241885
1038 0.0005103588061228796
1200 0.0011297522377733888
1868 0.0006075174674600367
1930 0.0006973202833102012
1986 0.0008384895369568529
2746 0.0011370166061384682