5 0.0002701294615129238
10 0.000020926658193612276
15 0.00016601158031786812
25 0.00009828551542181294
26 0.000009180257170353432
27 0.00001995165315167076
28 0.00002388195174072963
29 0.000021345713143803165
31 0.000022094106842319594
32 0.0001446627800658901
34 0.00011936985864893924
43 0.0001247963410453852
44 0.00015086301495667102
45 0.000005846154498803574
46 0.00032731777168967243
48 0.00028258006022830796
49 0.0004463767865886142
50 0.00009059173042602328
59 0.000025848733778844687
60 0.000012924366889422343
76 0.00023762262054737309
87 0.00036808616347914477
93 0.0002302492435057135
95 0.00027385185796449787
96 0.00028486772064441167
97 0.0001204079350624512
98 0.005380013907982624
99 0.0007230035022084448
100 0.00028855347451293045
103 0.00008541133970179466
108 0.0007627738937829303
122 0.00030783737547859243
132 0.0009675218176500667
134 0.00020241617375177045
136 0.0008869631770044397
138 0.00029998219746697925
139 0.0001247963410453852
140 0.0002005952689646678
144 0.0008345349136056791
158 0.0007530907959264412
159 0.0002817353899173489
161 0.00032348746208875627
164 0.0006624764288875735
165 0.00046935029736931276
172 0.00047827455522378713
175 0.00028530254609905744
188 0.0005182941691667408
202 0.00030783737547859243
204 0.0007230035022084448
211 0.0005446560494091424
300 0.00045393449222041863
351 0.005899036522712811
377 0.00904056363288712
515 0.00043897349683716435
594 0.0017455027456853792
602 0.0009910783300010088
671 0.0003910424617735554
681 0.0028516963415369297
700 0.0003910424617735554
742 0.0008138443969907379
752 0.0006649717304210047
774 0.002376725846065714
798 0.008516009955178039
799 0.0003782900330627366
805 0.0005353974937352319
806 0.0008138443969907379
816 0.0004852300340911263
822 0.00453022268320826
826 0.000790558501893244
985 0.001465788089936251
1049 0.000629765283625402
1193 0.001061908533927591
1300 0.0008688663374890013
1642 0.0006146083728946911
2012 0.005436267219849912
2020 0.0047433510113594635
2021 0.0142543221282665
2022 0.001907951143410522
2024 0.011564018059080807
2206 0.0017377326749780026
2454 0.0008384895369568529
2747 0.006822099636830809
2748 0.0056850830306923415
2749 0.006822099636830809
2750 0.0022740332122769364
2751 0.0034110498184154047
2752 0.013644199273661619
2753 0.004086122285560241
2754 0.0009060445366416521
2755 0.0011370166061384682