0 0.00010360515709016387
5 0.0002701294615129238
10 0.000010463329096806138
24 0.00012749924599488326
25 0.00004914275771090647
26 0.000009180257170353432
27 0.000013301102101113839
28 0.000009552780696291852
29 0.000021345713143803165
30 0.00016011104162504336
31 0.000011047053421159797
32 0.0001446627800658901
33 0.003328652498406656
42 0.0005956084863810253
44 0.00030172602991334203
45 0.000005846154498803574
47 0.0002708891434150717
48 0.00014129003011415398
50 0.00004529586521301164
52 0.0007083648276822562
53 0.0014571808187348043
54 0.00032108878593043
59 0.000006462183444711172
60 0.000012924366889422343
76 0.0009504904821894923
93 0.000460498487011427
98 0.0029888966155459024
100 0.00014427673725646523
122 0.0006156747509571849
138 0.0005999643949339585
160 0.003950761471534479
167 0.0003185136261757804
168 0.00004914275771090647
255 0.00047827455522378713
309 0.004739638156484665
328 0.0006520623857339232
447 0.0006464403017122036
602 0.004459852485004539
613 0.0016707001376253087
671 0.0003910424617735554
687 0.001013056993043927
734 0.0010055685372451738
739 0.0020252174014345073
797 0.0009510435709733304
840 0.0005027842686225869
1031 0.0006554485025236457
1476 0.0036876502373681466
1911 0.0007096674962648366
2756 0.004769877858526305
2757 0.005107652856950301