0 0.0003108154712704916
5 0.0001350647307564619
6 0.00009064908770164895
10 0.00007324330367764296
15 0.0002213487737571575
23 0.0005753334236279207
24 0.0002549984919897665
25 0.0002457137885545324
26 0.000009180257170353432
27 0.000013301102101113839
28 0.000009552780696291852
29 0.000010672856571901583
31 0.000027617633552899494
32 0.0001446627800658901
45 0.000005846154498803574
48 0.00014129003011415398
50 0.00004529586521301164
59 0.000025848733778844687
60 0.000012924366889422343
84 0.0005494856956725966
87 0.00036808616347914477
91 0.00046926799994623984
95 0.00047924075143787115
96 0.0004985185111277203
97 0.0000602039675312256
100 0.00014427673725646523
103 0.00008541133970179466
122 0.0015391868773929622
133 0.0006495089459653231
139 0.0002495926820907704
151 0.0003393671988105698
168 0.00009828551542181294
213 0.0010944575217328141
215 0.0010893120988182848
240 0.0005065284965219635
246 0.0010799249355504753
311 0.00033798452589909114
331 0.0009410519397369785
455 0.00093269642762677
475 0.0002526001287307366
797 0.0004755217854866652
1304 0.002797932161982139
2043 0.0005759876441280593
2239 0.0007709345372720537