0 0.00020721031418032774
2 0.0007264187840392248
3 0.00044939008413828627
4 0.000801577161694931
6 0.00020396044732871014
7 0.0017693213131045233
9 0.0024664952151141725
10 0.000010463329096806138
11 0.0008882007952960393
15 0.000055337193439289376
17 0.00024376566216822076
20 0.00014256349717722765
25 0.00004914275771090647
26 0.000009180257170353432
27 0.00001995165315167076
28 0.000019105561392583703
29 0.000016009284857852372
30 0.00024016656243756505
31 0.000027617633552899494
32 0.0001446627800658901
33 0.0004755217854866652
34 0.00017905478797340885
36 0.00034879085198948
37 0.0011963796423857577
38 0.0009153069730547706
42 0.00029780424319051263
43 0.0002495926820907704
44 0.00015086301495667102
45 0.000005846154498803574
48 0.00028258006022830796
59 0.000006462183444711172
60 0.000012924366889422343
74 0.0002628764536882138
91 0.00046926799994623984
95 0.00027385185796449787
96 0.00028486772064441167
102 0.0003910424617735554
124 0.00022809939265001406
132 0.00019350436353001335
139 0.0001247963410453852
140 0.0002005952689646678
151 0.0003393671988105698
168 0.00009828551542181294
180 0.0002526001287307366
235 0.000244549715989849
252 0.0010591586847063217
255 0.00023913727761189357
300 0.00015131149740680623
301 0.0002517773560482004
343 0.002169998304620943
356 0.0005266264618316295
440 0.00046339926727899627
555 0.00034358542739842214
564 0.0008384895369568529
586 0.0005759876441280593
589 0.0003818350844534872
624 0.0009638613919755949
639 0.0009097064671179559
775 0.00036481917391093806
842 0.000570339268307386
1180 0.003267936296454854
1181 0.0005266264618316295
1397 0.0006750724671448359
1582 0.0013401727475765846
1925 0.0006220145312703716
2758 0.000953975571705261
2759 0.0036241781465666083
2760 0.0010215305713900601
2761 0.000953975571705261
2762 0.0007533803027405932
2763 0.000790558501893244
2764 0.0009060445366416521