6 0.00009064908770164895
8 0.000920996974022854
10 0.000020926658193612276
20 0.00014256349717722765
26 0.000013770385755530148
27 0.00001995165315167076
28 0.000019105561392583703
29 0.000016009284857852372
30 0.00016011104162504336
31 0.000027617633552899494
32 0.0001446627800658901
41 0.00018725926302105958
43 0.000623981705226926
44 0.00015086301495667102
45 0.00000876923174820536
48 0.00014129003011415398
59 0.000006462183444711172
60 0.000012924366889422343
66 0.000629765283625402
67 0.0006987623629892522
68 0.00040280813441833274
69 0.0015418288327399105
74 0.0001314382268441069
95 0.00041077778694674673
96 0.00042730158096661747
97 0.0001204079350624512
103 0.00008541133970179466
119 0.000308970277376323
121 0.0002131283281512035
138 0.00029998219746697925
139 0.0001247963410453852
148 0.0007897455427489431
166 0.0004605016093796513
168 0.00009828551542181294
169 0.0002663490497050791
189 0.0004755217854866652
201 0.0003782900330627366
223 0.0002526001287307366
241 0.000466348213813385
291 0.000685825303055794
296 0.0006649717304210047
300 0.00015131149740680623
354 0.0009910783300010088
366 0.001581117003786488
377 0.003013521210962373
530 0.0002736737953600468
550 0.0008056162688366655
599 0.0009982446762925661
603 0.0020430611427801203
614 0.0011370166061384682
615 0.0009060445366416521
616 0.0008384895369568529
617 0.0006146083728946911
618 0.0004885960299787504
619 0.0005446560494091424
620 0.000953975571705261
621 0.007959116242969277
622 0.0007533803027405932
623 0.0004605016093796513
624 0.00048193069598779744
625 0.0012757885359843703
626 0.0009060445366416521