6 0.0001359736315524734
10 0.00005231664548403069
15 0.000055337193439289376
17 0.00024376566216822076
24 0.00012749924599488326
25 0.00004914275771090647
26 0.000018360514340706863
27 0.000013301102101113839
28 0.000014329171044437778
29 0.000010672856571901583
30 0.00016011104162504336
31 0.000027617633552899494
32 0.00007233139003294505
34 0.00005968492932446962
45 0.000011692308997607148
47 0.0002708891434150717
50 0.00009059173042602328
54 0.0008027219648260749
56 0.00034358542739842214
59 0.000006462183444711172
60 0.000038773100668267026
91 0.00023463399997311992
95 0.00013692592898224894
110 0.0003600357507382571
119 0.0001544851386881615
120 0.0020919608499306037
121 0.000426256656302407
122 0.0015391868773929622
124 0.00045619878530002813
125 0.00038013792159427004
132 0.0003870087270600267
133 0.00032475447298266157
134 0.0006072485212553113
139 0.0001247963410453852
140 0.0002005952689646678
144 0.00020863372840141978
159 0.0002817353899173489
168 0.00009828551542181294
185 0.00023389514674621796
198 0.0006464403017122036
214 0.0004954467145424086
221 0.0004090179636081414
222 0.0003748188423091808
239 0.000685825303055794
240 0.0005065284965219635
255 0.00047827455522378713
300 0.00045393449222041863
301 0.0010071094241928015
372 0.0007107716720472983
430 0.0009976974005702023
442 0.0007296383478218761
496 0.0003493811814946261
573 0.0004885960299787504
601 0.0004176750344063272
613 0.0004176750344063272
719 0.0005544595315855724
767 0.00040692219849536895
786 0.000570339268307386
787 0.0007230035022084448
840 0.0005027842686225869
878 0.0006378942679921852
1252 0.000570339268307386
1274 0.0015067606054811865
1285 0.0018120890732833041
1562 0.0006220145312703716
1563 0.0006075174674600367
1582 0.0017868969967687793
1890 0.0007230035022084448
1925 0.0006220145312703716
2002 0.0013108970050472915
2137 0.005436267219849912
2304 0.0010215305713900601
2356 0.002212501698056339
2765 0.004086122285560241
2766 0.0011370166061384682
2767 0.006677829001936826
2768 0.0056850830306923415
2769 0.0020430611427801203
2770 0.00306459171417018
2771 0.002312803611816161
2772 0.0011370166061384682
2773 0.0011370166061384682
2774 0.0011370166061384682
2775 0.0007230035022084448
2776 0.0020430611427801203
2777 0.0011370166061384682
2778 0.0011370166061384682
2779 0.0011370166061384682
2780 0.000790558501893244
2781 0.0020430611427801203
2782 0.0022740332122769364
2783 0.0022740332122769364