10 0.00006277997458083683
15 0.000055337193439289376
23 0.0001917778078759736
25 0.00004914275771090647
26 0.000009180257170353432
27 0.000026602204202227678
28 0.000009552780696291852
29 0.000016009284857852372
31 0.000016570580131739694
32 0.0001446627800658901
34 0.00011936985864893924
41 0.00018725926302105958
43 0.0001247963410453852
44 0.00015086301495667102
45 0.000005846154498803574
50 0.00009059173042602328
59 0.000006462183444711172
60 0.000012924366889422343
64 0.0005941814615164285
74 0.0001314382268441069
91 0.0007039019999193597
92 0.0007296383478218761
95 0.0008900185383846179
96 0.0006409523714499261
97 0.0001204079350624512
100 0.0004328302117693956
103 0.00008541133970179466
111 0.000944814936180877
116 0.0005353974937352319
121 0.0002131283281512035
132 0.00058051309059004
142 0.0004520992678889995
158 0.0011296361938896618
159 0.0005634707798346978
168 0.00004914275771090647
172 0.00023913727761189357
185 0.0004677902934924359
213 0.00036481917391093806
226 0.0005182941691667408
255 0.0019130982208951485
300 0.0012104919792544498
301 0.002014218848385603
380 0.0009510435709733304
406 0.0010215305713900601
430 0.0006651316003801349
452 0.0005399624677752377
463 0.0006075174674600367
475 0.0002526001287307366
530 0.0002736737953600468
539 0.0005494856956725966
542 0.0019393209051366106
562 0.0008384895369568529
742 0.0008138443969907379
787 0.0007230035022084448
797 0.0019020871419466608
1171 0.0005182941691667408
1698 0.000953975571705261
2191 0.0010215305713900601
2356 0.0007375005660187797
2784 0.0034110498184154047
2785 0.0010215305713900601
2786 0.0011370166061384682
2787 0.003083738149088215
2788 0.0011370166061384682
2789 0.0011370166061384682
2790 0.0009060445366416521