0 0.00010360515709016387
5 0.0001350647307564619
6 0.0000679868157762367
10 0.000010463329096806138
23 0.0001917778078759736
24 0.0002549984919897665
25 0.00004914275771090647
26 0.000013770385755530148
27 0.00001995165315167076
28 0.000014329171044437778
29 0.000032018569715704745
30 0.00008005552081252168
31 0.0000055235267105798985
32 0.00021699417009883517
41 0.00018725926302105958
45 0.000005846154498803574
46 0.00032731777168967243
48 0.0004238700903424619
49 0.0002231883932943071
50 0.00004529586521301164
51 0.0010448164664875542
52 0.0025973377015016063
53 0.0017486169824817651
54 0.0009632663577912898
59 0.000006462183444711172
60 0.000012924366889422343
95 0.0006161666804201201
96 0.0005697354412888233
97 0.0000602039675312256
98 0.0020922276308821316
103 0.00017082267940358932
133 0.0006495089459653231
136 0.00029565439233481325
139 0.00037438902313615557
159 0.0002817353899173489
161 0.0006469749241775125
162 0.0003800531302520963
170 0.00043897349683716435
172 0.00023913727761189357
203 0.0003136839799123262
279 0.0006464403017122036
300 0.00030262299481361246
301 0.0005035547120964008
309 0.0015798793854948881
310 0.0034291265152789703
311 0.00033798452589909114
325 0.00043897349683716435
342 0.0004885960299787504
398 0.0003632093920196124
497 0.0017868969967687793
499 0.0011297522377733888
509 0.00047869542676802046
542 0.0012928806034244072
647 0.0010215305713900601
671 0.0003910424617735554
743 0.0003800531302520963
829 0.0018660435938111148
835 0.0016769790739137058
1082 0.0008688663374890013
1380 0.0007709345372720537
1451 0.0006146083728946911
1631 0.0008128063180586093
1711 0.0007533803027405932
1836 0.0020252174014345073
1996 0.0006378942679921852
2356 0.0007375005660187797
2797 0.0010215305713900601
2798 0.000953975571705261
2799 0.0011370166061384682