0 0.00020721031418032774
5 0.0002701294615129238
6 0.00011331135962706119
10 0.00004185331638722455
13 0.0012499925222691887
15 0.0002213487737571575
20 0.00014256349717722765
23 0.0001917778078759736
24 0.00012749924599488326
25 0.00004914275771090647
26 0.000013770385755530148
27 0.00001995165315167076
28 0.00002388195174072963
29 0.000016009284857852372
30 0.00008005552081252168
31 0.000016570580131739694
32 0.00021699417009883517
41 0.00018725926302105958
43 0.0001247963410453852
44 0.00015086301495667102
45 0.000005846154498803574
48 0.00028258006022830796
50 0.00009059173042602328
54 0.000160544392965215
57 0.00018016835758640515
59 0.000012924366889422343
60 0.000012924366889422343
74 0.0001314382268441069
76 0.00023762262054737309
91 0.00046926799994623984
95 0.0008215555738934935
96 0.0004985185111277203
97 0.0001204079350624512
100 0.00014427673725646523
103 0.00008541133970179466
121 0.0002131283281512035
124 0.00022809939265001406
132 0.00058051309059004
133 0.00032475447298266157
139 0.0001247963410453852
144 0.0016690698272113582
153 0.00022952953988283507
159 0.00014086769495867446
162 0.0003800531302520963
164 0.0016561910722189337
168 0.00004914275771090647
175 0.00028530254609905744
177 0.00044410039764801966
185 0.00023389514674621796
217 0.0022388116406216177
221 0.002454107781648848
223 0.0015156007723844196
255 0.0028696473313427227
300 0.0007565574870340312
416 0.0003493811814946261
446 0.0004176750344063272
456 0.00040485246840563934
463 0.003037587337300184
470 0.00044672424919219483
475 0.0010104005149229464
575 0.00047869542676802046
797 0.002853130712919991
1103 0.0009387005947386255
1181 0.0005266264618316295
1338 0.0006464403017122036
1867 0.0010215305713900601
2800 0.0011370166061384682
2801 0.000953975571705261