0 0.00010360515709016387
5 0.0001350647307564619
6 0.00011331135962706119
10 0.00004185331638722455
20 0.00014256349717722765
23 0.0001917778078759736
24 0.0002549984919897665
25 0.00004914275771090647
26 0.000013770385755530148
27 0.00001995165315167076
28 0.000019105561392583703
29 0.000021345713143803165
30 0.00016011104162504336
31 0.00003314116026347939
32 0.0001446627800658901
34 0.00005968492932446962
41 0.00018725926302105958
45 0.000005846154498803574
48 0.00014129003011415398
50 0.00009059173042602328
54 0.000160544392965215
57 0.00018016835758640515
59 0.000006462183444711172
60 0.000012924366889422343
87 0.00036808616347914477
91 0.00046926799994623984
95 0.0006846296449112446
96 0.0004985185111277203
97 0.0001204079350624512
100 0.00028855347451293045
119 0.000308970277376323
121 0.0002131283281512035
124 0.00045619878530002813
125 0.0007602758431885401
133 0.00032475447298266157
139 0.00037438902313615557
146 0.00036481917391093806
153 0.00022952953988283507
159 0.00014086769495867446
164 0.00033123821444378676
168 0.00004914275771090647
185 0.0007016854402386539
217 0.000895524656248647
223 0.0005052002574614732
255 0.0014348236656713614
256 0.0005266264618316295
300 0.0007565574870340312
301 0.0012588867802410019
417 0.0003600357507382571
456 0.00040485246840563934
555 0.00034358542739842214
601 0.0004176750344063272
654 0.0007745964677483575
797 0.002853130712919991
842 0.000570339268307386
1036 0.001735998643696754
1038 0.0005103588061228796
1122 0.000685825303055794
1123 0.000685825303055794
2796 0.00306459171417018
2802 0.0022740332122769364