0 0.00010360515709016387
2 0.0003632093920196124
4 0.0004007885808474655
5 0.0001350647307564619
6 0.00011331135962706119
7 0.0003538642626209047
8 0.0002302492435057135
9 0.00035235645930202465
10 0.00004185331638722455
13 0.0006249962611345944
17 0.0007312969865046622
20 0.00014256349717722765
23 0.0001917778078759736
24 0.00012749924599488326
25 0.00004914275771090647
26 0.000013770385755530148
27 0.000026602204202227678
28 0.000014329171044437778
29 0.000016009284857852372
30 0.00024016656243756505
31 0.000038664686974059284
32 0.0001446627800658901
41 0.00018725926302105958
43 0.0001247963410453852
44 0.00015086301495667102
45 0.00000876923174820536
50 0.00009059173042602328
57 0.00018016835758640515
60 0.000012924366889422343
74 0.0002628764536882138
77 0.0008779469936743287
95 0.0007530926094023691
96 0.000783386231772132
97 0.0000602039675312256
100 0.00014427673725646523
103 0.00017082267940358932
119 0.000308970277376323
121 0.0010656416407560177
124 0.0025090933191501547
125 0.00038013792159427004
132 0.00058051309059004
140 0.0014041668827526744
163 0.00029998219746697925
167 0.0003185136261757804
168 0.00009828551542181294
175 0.00028530254609905744
217 0.001567168148435132
234 0.00038363630339787504
247 0.0003148783300420517
252 0.00021183173694126436
264 0.000570339268307386
265 0.00048441707494682545
276 0.0003697439993427182
300 0.002723606953322512
301 0.000755332068144601
303 0.0004090179636081414
304 0.0003553858360236491
307 0.0007636701689069744
362 0.00029998219746697925
398 0.0003632093920196124
455 0.001399044641440155
456 0.0008097049368112787
482 0.007250546419529989
496 0.0003493811814946261
538 0.00037310999523034225
575 0.00047869542676802046
639 0.00045485323355897795
924 0.0006378942679921852
1103 0.001877401189477251
1284 0.0007230035022084448
1304 0.0005595864323964277
1540 0.000685825303055794
1571 0.0006378942679921852
1864 0.010022148984536699
1884 0.006324468015145952
2273 0.004114951818334764
2482 0.0007375005660187797
2483 0.0007230035022084448
2485 0.0007533803027405932
2805 0.0020430611427801203
2806 0.0011370166061384682
2807 0.000790558501893244
2808 0.000790558501893244
2809 0.000790558501893244
2810 0.000790558501893244
2811 0.000790558501893244
2812 0.000790558501893244
2813 0.000790558501893244