0 0.00010360515709016387
5 0.0001350647307564619
6 0.00011331135962706119
8 0.0006907477305171405
10 0.00004185331638722455
13 0.0006249962611345944
17 0.00024376566216822076
20 0.00014256349717722765
23 0.0001917778078759736
25 0.00004914275771090647
26 0.000013770385755530148
27 0.00001995165315167076
28 0.000019105561392583703
29 0.000021345713143803165
30 0.00016011104162504336
31 0.000038664686974059284
32 0.0001446627800658901
34 0.00005968492932446962
41 0.00018725926302105958
43 0.00037438902313615557
44 0.00015086301495667102
45 0.000005846154498803574
48 0.00014129003011415398
50 0.00009059173042602328
57 0.00018016835758640515
59 0.000012924366889422343
60 0.000012924366889422343
74 0.0001314382268441069
76 0.00047524524109474617
95 0.0006846296449112446
96 0.0005697354412888233
97 0.00018061190259367678
100 0.00014427673725646523
103 0.00008541133970179466
119 0.0001544851386881615
121 0.000426256656302407
125 0.00038013792159427004
133 0.00032475447298266157
138 0.0005999643949339585
139 0.0002495926820907704
143 0.0005363005372989338
153 0.00022952953988283507
164 0.0009937146433313601
166 0.0004605016093796513
168 0.00004914275771090647
169 0.0002663490497050791
185 0.0004677902934924359
202 0.00030783737547859243
217 0.0011194058203108088
221 0.002863125745256989
222 0.0026237318961642654
223 0.0010104005149229464
234 0.00038363630339787504
242 0.0015418690745441074
251 0.0003066922772966927
252 0.0014828221585888503
255 0.0016739609432832548
300 0.0007565574870340312
301 0.0012588867802410019
311 0.0006759690517981823
456 0.001214557405216918
519 0.0004221783120451008
661 0.0006554485025236457
797 0.002377608927433326
1013 0.0005494856956725966
1036 0.0004339996609241885
1039 0.0015067606054811865
1089 0.0010215305713900601
1181 0.0005266264618316295
1207 0.0007709345372720537
1445 0.0008688663374890013
1875 0.0007533803027405932
1963 0.0006973202833102012
2041 0.0010215305713900601
2058 0.0006973202833102012
2814 0.0011370166061384682
2815 0.0010215305713900601