0 0.0003108154712704916
5 0.0001350647307564619
6 0.00011331135962706119
10 0.00004185331638722455
13 0.0003124981305672972
20 0.00014256349717722765
25 0.00004914275771090647
26 0.000013770385755530148
27 0.000013301102101113839
28 0.000014329171044437778
29 0.000005336428285950791
30 0.00008005552081252168
31 0.000016570580131739694
45 0.00000876923174820536
50 0.00004529586521301164
57 0.0005405050727592154
59 0.000006462183444711172
60 0.000025848733778844687
95 0.00006846296449112447
97 0.0001204079350624512
108 0.0002542579645943101
119 0.0001544851386881615
124 0.0009123975706000563
125 0.00038013792159427004
132 0.00019350436353001335
138 0.0005999643949339585
139 0.0001247963410453852
144 0.00020863372840141978
153 0.00022952953988283507
168 0.00004914275771090647
172 0.00023913727761189357
185 0.0004677902934924359
195 0.00021509233277500263
223 0.001263000643653683
255 0.0009565491104475743
311 0.0006759690517981823
456 0.00040485246840563934
483 0.0003800531302520963
517 0.0004724074680904385
575 0.00047869542676802046
797 0.0019020871419466608
1200 0.001694628356660083
2614 0.0008688663374890013
2816 0.0020430611427801203
2817 0.000953975571705261
2818 0.0011370166061384682
2819 0.0022740332122769364