0 0.00020721031418032774
5 0.0002701294615129238
6 0.00011331135962706119
8 0.000920996974022854
10 0.00003138998729041841
15 0.0002213487737571575
20 0.0002851269943544553
24 0.00012749924599488326
25 0.00004914275771090647
26 0.000013770385755530148
27 0.000026602204202227678
28 0.000014329171044437778
29 0.000016009284857852372
30 0.0003202220832500867
31 0.000016570580131739694
32 0.0001446627800658901
34 0.00005968492932446962
36 0.00017439542599474
41 0.00018725926302105958
45 0.000005846154498803574
50 0.00018118346085204656
52 0.00188897287381935
54 0.0004816331788956449
55 0.0013562978036669984
59 0.000019386550334133513
60 0.000012924366889422343
75 0.00216293278794895
76 0.00023762262054737309
91 0.0011731699998655998
92 0.00036481917391093806
95 0.00047924075143787115
96 0.0004985185111277203
97 0.00018061190259367678
98 0.0008966689846637708
100 0.00028855347451293045
119 0.000308970277376323
121 0.000426256656302407
122 0.0021548616283501468
123 0.0005818342485617932
132 0.0009675218176500667
139 0.00037438902313615557
140 0.0012035716137880068
165 0.00046935029736931276
167 0.0003185136261757804
168 0.00004914275771090647
175 0.00028530254609905744
180 0.0002526001287307366
195 0.00021509233277500263
202 0.00030783737547859243
213 0.00036481917391093806
247 0.0015743916502102585
296 0.0013299434608420094
297 0.0008987801682765725
298 0.0009982446762925661
299 0.0012839279374156445
308 0.001061908533927591
311 0.00033798452589909114
437 0.00043897349683716435
458 0.0003818350844534872
496 0.0020962870889677564
538 0.00037310999523034225
602 0.0004955391650005044
613 0.0004176750344063272
627 0.0008688663374890013
628 0.0011370166061384682
629 0.0011370166061384682
630 0.0011370166061384682
631 0.0011370166061384682
632 0.0011370166061384682
633 0.0011370166061384682
634 0.0011370166061384682
635 0.0005182941691667408
636 0.0007533803027405932