0 0.00010360515709016387
5 0.0001350647307564619
6 0.00009064908770164895
10 0.00004185331638722455
15 0.00011067438687857875
20 0.00014256349717722765
23 0.0001917778078759736
24 0.00012749924599488326
25 0.0002457137885545324
26 0.000013770385755530148
27 0.000026602204202227678
28 0.000028658342088875557
29 0.000021345713143803165
30 0.00008005552081252168
31 0.000022094106842319594
32 0.0001446627800658901
34 0.00005968492932446962
41 0.00018725926302105958
43 0.0001247963410453852
44 0.00015086301495667102
45 0.000005846154498803574
50 0.00009059173042602328
54 0.000160544392965215
57 0.00018016835758640515
59 0.000006462183444711172
60 0.000012924366889422343
74 0.0001314382268441069
76 0.00047524524109474617
79 0.005183888797152533
92 0.00036481917391093806
93 0.000460498487011427
95 0.0006846296449112446
96 0.0004985185111277203
97 0.0000602039675312256
100 0.00014427673725646523
103 0.00008541133970179466
119 0.00046345541606448445
124 0.00022809939265001406
125 0.00019006896079713502
132 0.0003870087270600267
139 0.0002495926820907704
144 0.0008345349136056791
153 0.00022952953988283507
155 0.0075571834035048245
159 0.0002817353899173489
161 0.00032348746208875627
168 0.00004914275771090647
176 0.0004576534865273853
192 0.0051625039621314575
194 0.0004339996609241885
195 0.00021509233277500263
217 0.0013432869843729705
221 0.0004090179636081414
222 0.0003748188423091808
223 0.004799402445883995
252 0.00021183173694126436
262 0.0003464581042452242
300 0.0016644264714748686
326 0.0005399624677752377
342 0.0004885960299787504
370 0.0016887132481804032
454 0.00038363630339787504
470 0.00044672424919219483
490 0.0005648761188866944
491 0.0005544595315855724
492 0.000685825303055794
497 0.00044672424919219483
512 0.0008934484983843897
575 0.00047869542676802046
623 0.0009210032187593025
654 0.00038729823387417876
691 0.00038363630339787504
701 0.0017110178049221578
734 0.0005027842686225869
775 0.00036481917391093806
953 0.000685825303055794
1013 0.0005494856956725966
1067 0.0005544595315855724
1337 0.0005353974937352319
1338 0.009696604525683054
1340 0.0006750724671448359
2603 0.0009060445366416521
2820 0.0011370166061384682