0 0.00010360515709016387
5 0.0002701294615129238
6 0.00020396044732871014
10 0.000010463329096806138
13 0.0006249962611345944
15 0.000055337193439289376
20 0.00014256349717722765
23 0.0001917778078759736
25 0.00029485654626543883
26 0.000018360514340706863
27 0.000013301102101113839
28 0.000019105561392583703
29 0.000016009284857852372
30 0.00024016656243756505
31 0.000022094106842319594
32 0.0001446627800658901
34 0.00005968492932446962
41 0.00018725926302105958
43 0.0002495926820907704
44 0.00015086301495667102
45 0.000005846154498803574
48 0.0004238700903424619
49 0.0002231883932943071
50 0.00004529586521301164
59 0.000006462183444711172
60 0.000012924366889422343
93 0.0006907477305171405
95 0.0007530926094023691
96 0.0004985185111277203
97 0.0001204079350624512
100 0.00014427673725646523
103 0.00008541133970179466
119 0.00046345541606448445
125 0.00038013792159427004
132 0.00019350436353001335
140 0.0002005952689646678
144 0.00041726745680283956
146 0.00036481917391093806
159 0.00014086769495867446
168 0.00004914275771090647
175 0.00028530254609905744
180 0.0002526001287307366
195 0.00021509233277500263
223 0.001768200901115156
234 0.00038363630339787504
247 0.0022041483102943618
255 0.00023913727761189357
274 0.000629765283625402
328 0.0003260311928669616
454 0.0019181815169893753
512 0.00044672424919219483
601 0.0004176750344063272
744 0.0005544595315855724
921 0.0011519752882561186
1036 0.000867999321848377
1171 0.0010365883383334816
2821 0.0011370166061384682
2822 0.0008688663374890013