0 0.00010360515709016387
5 0.0001350647307564619
10 0.000020926658193612276
15 0.000055337193439289376
24 0.000509996983979533
25 0.00004914275771090647
26 0.000018360514340706863
27 0.00001995165315167076
28 0.000009552780696291852
29 0.000010672856571901583
30 0.00016011104162504336
31 0.000022094106842319594
32 0.0001446627800658901
41 0.00018725926302105958
45 0.000005846154498803574
46 0.0009819533150690174
48 0.00028258006022830796
49 0.0002231883932943071
50 0.00004529586521301164
59 0.000012924366889422343
60 0.000012924366889422343
76 0.00023762262054737309
95 0.0005477037159289957
96 0.0006409523714499261
97 0.0001204079350624512
100 0.00014427673725646523
122 0.00030783737547859243
132 0.00019350436353001335
139 0.0002495926820907704
144 0.0008345349136056791
155 0.000629765283625402
160 0.00043897349683716435
169 0.0002663490497050791
175 0.00028530254609905744
180 0.0002526001287307366
185 0.00023389514674621796
217 0.001791049312497294
221 0.001227053890824424
222 0.0011244565269275424
223 0.0007578003861922098
227 0.0005224082332437771
241 0.000466348213813385
255 0.0009565491104475743
300 0.0012104919792544498
301 0.0002517773560482004
362 0.00029998219746697925
416 0.0003493811814946261
497 0.0008934484983843897
549 0.0005759876441280593
573 0.0009771920599575008
619 0.0005446560494091424
792 0.000953975571705261
1088 0.0006649717304210047
1296 0.000953975571705261
1476 0.0006146083728946911
1562 0.0012440290625407432
1563 0.0012150349349200735
1892 0.0006649717304210047
2251 0.0008384895369568529
2775 0.0014460070044168896
2823 0.0011370166061384682
2824 0.0011370166061384682
2825 0.0011370166061384682
2826 0.0009060445366416521
2827 0.0011370166061384682