6 0.00009064908770164895
10 0.000010463329096806138
15 0.000055337193439289376
26 0.000013770385755530148
27 0.0000332527552527846
28 0.000019105561392583703
29 0.000021345713143803165
30 0.00016011104162504336
31 0.000016570580131739694
32 0.0001446627800658901
34 0.00005968492932446962
41 0.00018725926302105958
45 0.00000876923174820536
50 0.00009059173042602328
59 0.000006462183444711172
60 0.000012924366889422343
80 0.0003393671988105698
95 0.00047924075143787115
96 0.0004985185111277203
97 0.0001204079350624512
100 0.00028855347451293045
101 0.0005353974937352319
108 0.0002542579645943101
111 0.0004724074680904385
114 0.0029709073075821425
119 0.0001544851386881615
125 0.00019006896079713502
137 0.000570339268307386
138 0.00029998219746697925
139 0.0001247963410453852
140 0.0002005952689646678
144 0.0006259011852042593
166 0.0009210032187593025
168 0.00004914275771090647
171 0.0004176750344063272
175 0.00028530254609905744
177 0.00044410039764801966
211 0.0005446560494091424
217 0.00022388116406216174
231 0.000685825303055794
265 0.0014532512248404761
266 0.0003010819448897304
300 0.00015131149740680623
301 0.0002517773560482004
328 0.0006520623857339232
398 0.0003632093920196124
430 0.00033256580019006747
475 0.0007578003861922098
509 0.0009573908535360409
515 0.00043897349683716435
549 0.0005759876441280593
602 0.0014866174950015133
675 0.0006007160688395344
678 0.000629765283625402
700 0.0007820849235471108
742 0.0024415331909722134
767 0.00040692219849536895
792 0.000953975571705261
1036 0.0004339996609241885
1065 0.0004415172276153697
1099 0.0006146083728946911
1136 0.0008384895369568529
1167 0.0010215305713900601
1243 0.0005878935028388465
1412 0.0005648761188866944
1785 0.0005648761188866944
1868 0.0006075174674600367
1997 0.0007096674962648366
2037 0.0006378942679921852
2252 0.0007096674962648366
2761 0.000953975571705261
2828 0.0011370166061384682
2829 0.018387550285021082
2830 0.00906044536641652
2831 0.01250718266752315
2832 0.0011370166061384682
2833 0.0011370166061384682
2834 0.0011370166061384682