0 0.00020721031418032774
6 0.00009064908770164895
13 0.0006249962611345944
22 0.0005595864323964277
24 0.0006374962299744162
25 0.00014742827313271942
26 0.000009180257170353432
27 0.0000066505510505569195
28 0.00004298751313331333
29 0.000021345713143803165
31 0.000022094106842319594
32 0.00021699417009883517
45 0.000005846154498803574
46 0.0006546355433793449
47 0.0002708891434150717
48 0.00028258006022830796
49 0.0002231883932943071
59 0.000006462183444711172
60 0.000012924366889422343
65 0.000466348213813385
71 0.0013302632007602699
73 0.004885960299787504
74 0.0001314382268441069
96 0.00007121693016110292
97 0.0002408158701249024
103 0.00017082267940358932
119 0.0001544851386881615
121 0.001278769968907221
122 0.00030783737547859243
136 0.0005913087846696265
139 0.00037438902313615557
140 0.0002005952689646678
146 0.00036481917391093806
189 0.003328652498406656
200 0.0016998430762810667
215 0.0010893120988182848
221 0.0016360718544325655
225 0.0005353974937352319
226 0.0010365883383334816
232 0.0005182941691667408
266 0.0003010819448897304
304 0.0014215433440945965
305 0.0005648761188866944
306 0.001882726989816103
328 0.0003260311928669616
372 0.0003553858360236491
393 0.0028915841759267844
395 0.0006378942679921852
469 0.0028915841759267844
475 0.0002526001287307366
550 0.00040280813441833274
571 0.0015067606054811865
580 0.0006007160688395344
589 0.0007636701689069744
627 0.002606599012467004
670 0.0017825443845492855
691 0.00038363630339787504
700 0.0003910424617735554
793 0.0005759876441280593
827 0.00452028181644356
892 0.0005595864323964277
1026 0.0008688663374890013
1099 0.003073041864473456
1195 0.0007709345372720537
1242 0.0011297522377733888
1283 0.001053252923663259
1337 0.0005353974937352319
1380 0.0007709345372720537
1393 0.0005878935028388465
1644 0.0009060445366416521
1646 0.0017377326749780026
1986 0.0008384895369568529
2037 0.0006378942679921852
2459 0.0018120890732833041
2723 0.0010215305713900601
2826 0.0009060445366416521
2835 0.0011370166061384682
2836 0.0011370166061384682
2837 0.0011370166061384682
2838 0.0011370166061384682
2839 0.0009060445366416521
2840 0.0022740332122769364
2841 0.00612918342834036
2842 0.000953975571705261
2843 0.0011370166061384682
2844 0.011370166061384683
2845 0.0011370166061384682
2846 0.0011370166061384682
2847 0.004548066424553873
2848 0.0017377326749780026
2849 0.004548066424553873
2850 0.0008128063180586093
2851 0.0011370166061384682
2852 0.0011370166061384682
2853 0.0011370166061384682
2854 0.0011370166061384682
2855 0.0011370166061384682
2856 0.0011370166061384682
2857 0.0011370166061384682
2858 0.0011370166061384682
2859 0.0011370166061384682
2860 0.0011370166061384682
2861 0.0022740332122769364
2862 0.0011370166061384682