0 0.0006216309425409832
1 0.0032969141740355795
6 0.00009064908770164895
9 0.0024664952151141725
10 0.00003138998729041841
13 0.0009374943917018915
15 0.000055337193439289376
20 0.0002851269943544553
24 0.0003824977379846497
26 0.000013770385755530148
27 0.000013301102101113839
28 0.00002388195174072963
29 0.000021345713143803165
31 0.00004418821368463919
34 0.00017905478797340885
45 0.00000876923174820536
48 0.0008477401806849238
50 0.00004529586521301164
56 0.0006871708547968443
58 0.0005595864323964277
59 0.000006462183444711172
60 0.000012924366889422343
64 0.0017825443845492855
65 0.000466348213813385
74 0.0001314382268441069
93 0.0002302492435057135
97 0.0001204079350624512
100 0.00014427673725646523
108 0.0002542579645943101
119 0.0001544851386881615
138 0.001199928789867917
155 0.001259530567250804
162 0.0003800531302520963
168 0.00004914275771090647
172 0.00023913727761189357
175 0.00028530254609905744
177 0.00044410039764801966
186 0.0012207665954861067
213 0.00036481917391093806
216 0.0012150349349200735
221 0.0016360718544325655
222 0.0014992753692367232
225 0.0010707949874704638
226 0.0005182941691667408
235 0.000244549715989849
249 0.0012757885359843703
250 0.001175787005677693
252 0.0004236634738825287
272 0.00453022268320826
304 0.0010661575080709474
306 0.004895090173521867
342 0.0004885960299787504
343 0.0004339996609241885
363 0.002659886921684019
395 0.0006378942679921852
397 0.0009060445366416521
414 0.0006075174674600367
442 0.00036481917391093806
450 0.000685825303055794
550 0.0008056162688366655
573 0.0004885960299787504
589 0.005345691182348821
667 0.0006750724671448359
669 0.0017825443845492855
739 0.0013501449342896718
747 0.013876821670896966
752 0.0013299434608420094
775 0.00036481917391093806
868 0.006220145312703716
892 0.0011191728647928555
913 0.0004111404270832213
920 0.0008128063180586093
1103 0.00046935029736931276
1142 0.00040280813441833274
1180 0.0010893120988182848
1264 0.0012150349349200735
1266 0.000629765283625402
1283 0.0005266264618316295
1387 0.002606599012467004
1472 0.0014193349925296732
1477 0.0005494856956725966
1555 0.0008688663374890013
1556 0.0008688663374890013
1557 0.000953975571705261
1767 0.011354679940237386
1854 0.0005818342485617932
1891 0.0021690105066253344
1907 0.010215305713900603
2161 0.0025515770719687406
2169 0.0010215305713900601
2175 0.00453022268320826
2698 0.000953975571705261
2848 0.0008688663374890013
2863 0.002718133609924956
2864 0.007959116242969277
2865 0.0011370166061384682
2866 0.000953975571705261
2867 0.0010215305713900601
2868 0.006822099636830809
2869 0.0010215305713900601
2870 0.0007230035022084448
2871 0.0011370166061384682
2872 0.0010215305713900601
2873 0.0009060445366416521
2874 0.0011370166061384682