0 0.00010360515709016387
5 0.0002701294615129238
6 0.0001359736315524734
8 0.001381495461034281
10 0.00011509662006486752
14 0.00026456709550368824
17 0.00024376566216822076
24 0.00012749924599488326
26 0.000013770385755530148
27 0.00001995165315167076
28 0.000009552780696291852
29 0.000010672856571901583
30 0.00024016656243756505
31 0.00003314116026347939
32 0.00021699417009883517
41 0.00018725926302105958
43 0.0001247963410453852
44 0.00015086301495667102
45 0.000014615386247008935
48 0.00014129003011415398
60 0.000012924366889422343
74 0.0003943146805323207
76 0.00047524524109474617
95 0.0005477037159289957
96 0.0005697354412888233
97 0.0001204079350624512
100 0.00014427673725646523
102 0.0003910424617735554
103 0.00008541133970179466
108 0.0002542579645943101
110 0.0003600357507382571
117 0.00038545720818497763
123 0.0011636684971235863
132 0.00019350436353001335
140 0.0002005952689646678
143 0.0002681502686494669
144 0.0008345349136056791
158 0.0007530907959264412
159 0.00014086769495867446
168 0.00004914275771090647
172 0.00023913727761189357
175 0.00028530254609905744
190 0.0021979427826903865
191 0.0013946405666204024
202 0.00030783737547859243
203 0.0003136839799123262
233 0.00038915983010845493
234 0.00038363630339787504
235 0.000489099431979698
252 0.00021183173694126436
276 0.0003697439993427182
303 0.0004090179636081414
304 0.0003553858360236491
430 0.0006651316003801349
439 0.0005266264618316295
440 0.0009267985345579925
470 0.00044672424919219483
496 0.0003493811814946261
538 0.00037310999523034225
591 0.0005818342485617932
599 0.0004991223381462831
639 0.0022742661677948896
691 0.00038363630339787504
700 0.0003910424617735554
716 0.005003385569148758
721 0.0006146083728946911
741 0.0006750724671448359
799 0.0007565800661254732
806 0.0032553775879629516
893 0.0013108970050472915
912 0.00047869542676802046
924 0.0006378942679921852
960 0.000944814936180877
973 0.005648761188866944
974 0.005291041525549618
982 0.004703148022710772
1069 0.0003968214617715378
1103 0.00046935029736931276
1193 0.0005309542669637955
1342 0.0021690105066253344
1477 0.0010989713913451932
1540 0.000685825303055794
2482 0.0007375005660187797
2483 0.0007230035022084448
2485 0.0007533803027405932
2665 0.0014460070044168896
2807 0.000790558501893244
2808 0.000790558501893244
2809 0.000790558501893244
2810 0.000790558501893244
2811 0.000790558501893244
2812 0.000790558501893244
2813 0.000790558501893244
2873 0.0018120890732833041
2875 0.0008688663374890013
2876 0.0010215305713900601