0 0.00010360515709016387
5 0.0001350647307564619
6 0.00011331135962706119
10 0.000020926658193612276
14 0.00026456709550368824
15 0.000055337193439289376
18 0.0003172930263603734
25 0.00004914275771090647
26 0.000013770385755530148
27 0.00001995165315167076
28 0.000014329171044437778
29 0.000016009284857852372
30 0.00024016656243756505
31 0.000011047053421159797
32 0.0001446627800658901
41 0.00018725926302105958
43 0.0001247963410453852
44 0.00015086301495667102
45 0.000005846154498803574
46 0.00032731777168967243
48 0.00014129003011415398
49 0.0002231883932943071
52 0.0014167296553645125
53 0.0014571808187348043
54 0.00032108878593043
55 0.0004520992678889995
59 0.000012924366889422343
60 0.000006462183444711172
71 0.00033256580019006747
74 0.0001314382268441069
95 0.00041077778694674673
96 0.0004985185111277203
97 0.0001204079350624512
103 0.000256234019105384
115 0.0007096674962648366
119 0.0001544851386881615
133 0.0006495089459653231
134 0.00020241617375177045
139 0.0002495926820907704
161 0.00032348746208875627
170 0.00043897349683716435
171 0.0004176750344063272
195 0.00021509233277500263
214 0.0004954467145424086
223 0.0002526001287307366
290 0.0005648761188866944
297 0.00044939008413828627
298 0.0004991223381462831
299 0.0003209819843539111
300 0.00030262299481361246
301 0.0005035547120964008
310 0.0034291265152789703
311 0.00033798452589909114
316 0.0007709345372720537
325 0.00043897349683716435
333 0.0007709345372720537
374 0.0006220145312703716
530 0.0002736737953600468
808 0.000570339268307386
840 0.0025139213431129345
853 0.0005494856956725966
856 0.0006750724671448359
1000 0.0007533803027405932
1119 0.000629765283625402
1265 0.0008384895369568529
1325 0.0005544595315855724
1631 0.0008128063180586093
2336 0.0031597587709897763
2767 0.002861926715115783
2798 0.000953975571705261
2826 0.0009060445366416521
2863 0.002718133609924956
2883 0.005107652856950301
2884 0.004548066424553873
2885 0.0010215305713900601
2886 0.0010215305713900601
2887 0.0011370166061384682
2888 0.0011370166061384682
2889 0.0011370166061384682