6 0.00011331135962706119
10 0.00005231664548403069
22 0.0005595864323964277
24 0.0002549984919897665
25 0.00004914275771090647
26 0.000009180257170353432
27 0.00001995165315167076
28 0.000014329171044437778
29 0.000021345713143803165
30 0.00008005552081252168
31 0.000022094106842319594
32 0.0001446627800658901
45 0.000005846154498803574
50 0.0001358875956390349
59 0.000006462183444711172
60 0.000012924366889422343
79 0.0005759876441280593
91 0.00046926799994623984
92 0.0007296383478218761
95 0.00041077778694674673
96 0.00042730158096661747
100 0.00014427673725646523
110 0.0007200715014765141
111 0.000944814936180877
119 0.0001544851386881615
125 0.00038013792159427004
129 0.0014172224042713155
130 0.00036808616347914477
134 0.0004048323475035409
139 0.0001247963410453852
140 0.0006017858068940034
153 0.00022952953988283507
163 0.00029998219746697925
167 0.0009555408785273412
168 0.00009828551542181294
175 0.00028530254609905744
177 0.00044410039764801966
180 0.0002526001287307366
259 0.0006815228846822916
296 0.0006649717304210047
311 0.00033798452589909114
604 0.015443320043113575
605 0.00306459171417018
607 0.004258004977589019
613 0.0004176750344063272
635 0.0005182941691667408
637 0.012577343054352794
638 0.0010215305713900601
639 0.00045485323355897795
640 0.0008384895369568529
641 0.000953975571705261