0 0.00010360515709016387
6 0.00011331135962706119
8 0.000460498487011427
10 0.00006277997458083683
13 0.0006249962611345944
25 0.00004914275771090647
26 0.000013770385755530148
27 0.00004655385735389843
28 0.000014329171044437778
29 0.000016009284857852372
30 0.00016011104162504336
31 0.000049711740395219085
32 0.0001446627800658901
34 0.00005968492932446962
41 0.00018725926302105958
43 0.0001247963410453852
44 0.00015086301495667102
45 0.000005846154498803574
50 0.00009059173042602328
54 0.000160544392965215
59 0.000012924366889422343
60 0.000012924366889422343
72 0.0003697439993427182
74 0.0001314382268441069
76 0.00047524524109474617
81 0.00033390404938987825
95 0.0005477037159289957
96 0.0005697354412888233
97 0.00018061190259367678
103 0.000256234019105384
110 0.0003600357507382571
119 0.0001544851386881615
121 0.000426256656302407
125 0.00019006896079713502
134 0.0004048323475035409
136 0.00029565439233481325
138 0.0017998931848018755
140 0.0002005952689646678
144 0.0016690698272113582
158 0.0003765453979632206
168 0.00004914275771090647
171 0.0004176750344063272
176 0.0004576534865273853
180 0.0005052002574614732
200 0.0005666143587603556
217 0.004701504445305396
223 0.0005052002574614732
240 0.0005065284965219635
241 0.00186539285525354
252 0.0010591586847063217
262 0.0010393743127356727
265 0.00024220853747341272
275 0.0006649717304210047
277 0.0005494856956725966
290 0.0005648761188866944
300 0.0012104919792544498
301 0.0017624414923374024
311 0.0006759690517981823
331 0.0006273679598246524
370 0.0004221783120451008
372 0.0007107716720472983
415 0.0006649717304210047
442 0.00036481917391093806
452 0.0005399624677752377
455 0.000466348213813385
456 0.001214557405216918
497 0.00044672424919219483
575 0.00047869542676802046
659 0.0007230035022084448
686 0.0028516963415369297
687 0.0015195854895658904
691 0.00038363630339787504
775 0.00036481917391093806
786 0.000570339268307386
790 0.0006649717304210047
1192 0.001694628356660083
1350 0.000685825303055794
1917 0.005213198024934008
2087 0.0007533803027405932
2189 0.0006146083728946911
2346 0.0006464403017122036
2621 0.000790558501893244
2863 0.00453022268320826
2890 0.0018120890732833041
2891 0.0011370166061384682
2892 0.0008128063180586093