0 0.00010360515709016387
2 0.0003632093920196124
5 0.0002701294615129238
6 0.00011331135962706119
10 0.000010463329096806138
15 0.000055337193439289376
18 0.0003172930263603734
20 0.00014256349717722765
23 0.0001917778078759736
26 0.000013770385755530148
27 0.0000332527552527846
28 0.00003343473243702148
29 0.000016009284857852372
30 0.00008005552081252168
31 0.000022094106842319594
32 0.0001446627800658901
34 0.00023873971729787848
41 0.00018725926302105958
43 0.0002495926820907704
44 0.00030172602991334203
45 0.00000876923174820536
50 0.00009059173042602328
54 0.000160544392965215
59 0.000006462183444711172
60 0.000012924366889422343
67 0.0010481435444838782
68 0.0012084244032549982
71 0.0009976974005702023
74 0.0001314382268441069
77 0.0017558939873486574
95 0.0006846296449112446
96 0.0007121693016110291
97 0.0001204079350624512
103 0.000256234019105384
119 0.000308970277376323
133 0.00032475447298266157
139 0.0002495926820907704
144 0.0010431686420070989
156 0.0007709345372720537
161 0.00032348746208875627
168 0.00004914275771090647
169 0.0002663490497050791
170 0.00043897349683716435
174 0.0008222808541664426
180 0.0002526001287307366
202 0.00030783737547859243
217 0.0011194058203108088
222 0.0003748188423091808
223 0.0007578003861922098
247 0.0012595133201682067
300 0.0010591804818476434
302 0.00038363630339787504
303 0.0008180359272162828
304 0.0007107716720472983
311 0.00033798452589909114
365 0.005494856956725966
392 0.00047869542676802046
398 0.0003632093920196124
446 0.0008353500688126544
449 0.00042680669660142797
491 0.0011089190631711448
538 0.00037310999523034225
554 0.0003600357507382571
555 0.00034358542739842214
580 0.0006007160688395344
618 0.0019543841199150015
670 0.0005941814615164285
701 0.000570339268307386
850 0.0008128063180586093
1027 0.0021690105066253344
1072 0.0011089190631711448
1099 0.0018438251186840733
1200 0.0011297522377733888
1284 0.0007230035022084448
1325 0.0005544595315855724
1434 0.0010215305713900601
1495 0.0006464403017122036
1643 0.0007375005660187797
1714 0.0006750724671448359
1785 0.0011297522377733888
2141 0.0020919608499306037
2174 0.0020430611427801203
2336 0.0026331323091581473
2893 0.002718133609924956
2894 0.001907951143410522
2895 0.0010215305713900601
2896 0.0009060445366416521
2897 0.0008688663374890013
2898 0.0010215305713900601
2899 0.0011370166061384682
2900 0.0011370166061384682