2 0.0003632093920196124
5 0.0004051941922693857
6 0.0000679868157762367
8 0.000460498487011427
10 0.00004185331638722455
15 0.000055337193439289376
17 0.00024376566216822076
24 0.00012749924599488326
26 0.000013770385755530148
27 0.00001995165315167076
28 0.000019105561392583703
29 0.000005336428285950791
31 0.000011047053421159797
32 0.0001446627800658901
36 0.00017439542599474
43 0.00037438902313615557
44 0.00015086301495667102
45 0.000014615386247008935
48 0.0007064501505707699
50 0.00009059173042602328
57 0.0003603367151728103
59 0.000006462183444711172
60 0.000012924366889422343
71 0.00033256580019006747
74 0.0002628764536882138
75 0.00030899039827842145
76 0.00023762262054737309
80 0.0003393671988105698
81 0.00033390404938987825
91 0.0009385359998924797
95 0.00041077778694674673
96 0.0006409523714499261
100 0.00014427673725646523
103 0.00017082267940358932
109 0.001909175422267436
119 0.00046345541606448445
127 0.0012440290625407432
139 0.0001247963410453852
144 0.0008345349136056791
145 0.0009982446762925661
147 0.0007709345372720537
151 0.0003393671988105698
158 0.0011296361938896618
163 0.00029998219746697925
167 0.0003185136261757804
168 0.00004914275771090647
180 0.0002526001287307366
189 0.0004755217854866652
201 0.0018914501653136831
202 0.00030783737547859243
203 0.0003136839799123262
265 0.00048441707494682545
266 0.0003010819448897304
271 0.0004415172276153697
368 0.0010989713913451932
390 0.0005878935028388465
411 0.0008128063180586093
443 0.000685825303055794
458 0.0007636701689069744
509 0.0038295634141441636
539 0.0005494856956725966
547 0.0006554485025236457
550 0.00040280813441833274
554 0.0003600357507382571
576 0.0005759876441280593
589 0.0030546806756278975
602 0.0009910783300010088
671 0.0007820849235471108
711 0.0033753623357241796
767 0.00040692219849536895
828 0.0008688663374890013
842 0.000570339268307386
868 0.0037320871876222296
881 0.006297652836254021
945 0.0020252174014345073
1051 0.0006750724671448359
1069 0.0007936429235430756
1075 0.0006649717304210047
1103 0.0009387005947386255
1104 0.0032772425126182288
1149 0.0007096674962648366
1201 0.000953975571705261
1256 0.004425003396112678
1422 0.0025154686108705584
1483 0.0007709345372720537
1861 0.0008688663374890013
1868 0.0006075174674600367
1869 0.0014193349925296732
2024 0.010022148984536699
2107 0.00453022268320826
2427 0.000953975571705261
2829 0.015322958570850902
2901 0.000953975571705261
2902 0.0010215305713900601
2903 0.0011370166061384682
2904 0.0008384895369568529
2905 0.0034110498184154047
2906 0.007959116242969277
2907 0.004548066424553873
2908 0.01430142799946084
2909 0.0017377326749780026
2910 0.0011370166061384682
2911 0.0011370166061384682
2912 0.0022740332122769364
2913 0.0011370166061384682
2914 0.0011370166061384682
2915 0.0011370166061384682
2916 0.0011370166061384682
2917 0.0011370166061384682
2918 0.0011370166061384682
2919 0.0009060445366416521
2920 0.0010215305713900601