0 0.00010360515709016387
5 0.0004051941922693857
6 0.00009064908770164895
10 0.00003138998729041841
15 0.00016601158031786812
26 0.000013770385755530148
27 0.000013301102101113839
28 0.000014329171044437778
29 0.000005336428285950791
30 0.00016011104162504336
31 0.000027617633552899494
34 0.00005968492932446962
45 0.000011692308997607148
48 0.00014129003011415398
50 0.00009059173042602328
59 0.000019386550334133513
60 0.000025848733778844687
76 0.00023762262054737309
97 0.0000602039675312256
103 0.00008541133970179466
122 0.00030783737547859243
125 0.000570206882391405
136 0.00029565439233481325
138 0.0008999465924009378
153 0.00045905907976567014
168 0.00009828551542181294
180 0.0002526001287307366
185 0.0004677902934924359
190 0.0016484570870177898
217 0.0029104551328081023
223 0.0002526001287307366
251 0.0006133845545933855
252 0.00021183173694126436
255 0.0016739609432832548
262 0.0003464581042452242
312 0.0004885960299787504
362 0.0017998931848018755
372 0.0003553858360236491
455 0.000466348213813385
457 0.0006378942679921852
458 0.0015273403378139488
462 0.0005941814615164285
573 0.0004885960299787504
639 0.0022742661677948896
767 0.00040692219849536895
950 0.0005353974937352319
1562 0.0006220145312703716
1563 0.0006075174674600367
2336 0.0005266264618316295
2775 0.0007230035022084448
2921 0.0020430611427801203
2922 0.000790558501893244
2923 0.0034110498184154047