0 0.00010360515709016387
2 0.0003632093920196124
3 0.00044939008413828627
4 0.0012023657425423967
5 0.0002701294615129238
6 0.0001812981754032979
7 0.001061592787862714
9 0.003875921052322271
10 0.00006277997458083683
11 0.00044410039764801966
15 0.0002766859671964469
23 0.0003835556157519472
25 0.0002457137885545324
26 0.000013770385755530148
27 0.00001995165315167076
28 0.00002388195174072963
29 0.000021345713143803165
30 0.00008005552081252168
31 0.000027617633552899494
32 0.0001446627800658901
34 0.0002984246466223481
37 0.0007975864282571718
38 0.0009153069730547706
41 0.00018725926302105958
43 0.0002495926820907704
44 0.00015086301495667102
45 0.000005846154498803574
47 0.0010835565736602869
48 0.00028258006022830796
49 0.0002231883932943071
50 0.00004529586521301164
57 0.0003603367151728103
59 0.000012924366889422343
60 0.000012924366889422343
74 0.0002628764536882138
95 0.0006161666804201201
96 0.0006409523714499261
97 0.00018061190259367678
100 0.00014427673725646523
103 0.00017082267940358932
119 0.0001544851386881615
125 0.00038013792159427004
141 0.0005103588061228796
143 0.0005363005372989338
151 0.0003393671988105698
153 0.00022952953988283507
163 0.00029998219746697925
168 0.00004914275771090647
169 0.0002663490497050791
180 0.0005052002574614732
266 0.0003010819448897304
331 0.0006273679598246524
343 0.0047739962701660735
356 0.0005266264618316295
454 0.00038363630339787504
554 0.0003600357507382571
567 0.0007096674962648366
586 0.0005759876441280593
589 0.0030546806756278975
611 0.0005309542669637955
619 0.0010893120988182848
775 0.00036481917391093806
776 0.001246404696646162
816 0.0004852300340911263
1086 0.0010893120988182848
1180 0.005991216543500566
1181 0.0036863852328214053
2924 0.006507031519876003