0 0.00010360515709016387
5 0.0001350647307564619
6 0.00002266227192541224
8 0.0002302492435057135
10 0.000020926658193612276
15 0.0002213487737571575
23 0.0001917778078759736
24 0.00012749924599488326
26 0.000013770385755530148
27 0.00003990330630334152
28 0.000009552780696291852
29 0.000010672856571901583
31 0.000016570580131739694
32 0.0001446627800658901
33 0.0004755217854866652
34 0.00011936985864893924
41 0.00018725926302105958
43 0.0001247963410453852
44 0.00015086301495667102
45 0.00000876923174820536
59 0.000006462183444711172
60 0.000012924366889422343
67 0.0006987623629892522
68 0.0008056162688366655
76 0.0019009809643789847
91 0.00023463399997311992
93 0.0006907477305171405
95 0.0005477037159289957
96 0.0006409523714499261
97 0.00018061190259367678
102 0.0003910424617735554
103 0.000256234019105384
110 0.0007200715014765141
117 0.00038545720818497763
121 0.0002131283281512035
123 0.0005818342485617932
134 0.0004048323475035409
137 0.000570339268307386
139 0.0008735743873176963
143 0.0002681502686494669
144 0.0020863372840141978
158 0.0003765453979632206
159 0.00014086769495867446
163 0.00029998219746697925
168 0.00004914275771090647
180 0.0002526001287307366
188 0.0005182941691667408
194 0.000867999321848377
195 0.00021509233277500263
200 0.0002833071793801778
201 0.0015131601322509465
214 0.0002477233572712043
215 0.0005446560494091424
222 0.0003748188423091808
239 0.000685825303055794
259 0.0003407614423411458
302 0.00038363630339787504
327 0.00047869542676802046
372 0.0007107716720472983
380 0.0004755217854866652
381 0.0007709345372720537
391 0.0004605016093796513
462 0.0005941814615164285
529 0.00044939008413828627
530 0.0002736737953600468
540 0.001694628356660083
541 0.013439494532185146
542 0.0006464403017122036
547 0.0006554485025236457
548 0.005273662119184152
554 0.0003600357507382571
576 0.0005759876441280593
618 0.0004885960299787504
624 0.0024096534799389873
671 0.0003910424617735554
709 0.008229903636669528
804 0.0010215305713900601
865 0.0004520992678889995
870 0.0012150349349200735
871 0.0014750011320375594
936 0.0006554485025236457
1027 0.0007230035022084448
1103 0.00046935029736931276
1273 0.0006973202833102012
1350 0.000685825303055794
1395 0.0008128063180586093
1472 0.0014193349925296732
1631 0.0008128063180586093
1707 0.0007709345372720537
1756 0.000790558501893244
1757 0.0006554485025236457
1773 0.0009060445366416521
2137 0.0009060445366416521
2190 0.002718133609924956
2462 0.004086122285560241
2544 0.0006973202833102012
2582 0.0017377326749780026
2640 0.0008688663374890013
2925 0.015918232485938554
2926 0.01819226569821549
2927 0.0010215305713900601
2928 0.0011370166061384682
2929 0.0011370166061384682
2930 0.0008384895369568529
2931 0.004769877858526305
2932 0.0011370166061384682
2933 0.0009060445366416521
2934 0.000953975571705261
2935 0.0010215305713900601
2936 0.0008384895369568529
2937 0.0011370166061384682
2938 0.0017377326749780026
2939 0.0011370166061384682
2940 0.0011370166061384682