0 0.00010360515709016387
5 0.0001350647307564619
6 0.0000679868157762367
8 0.0006907477305171405
10 0.00005231664548403069
15 0.00011067438687857875
20 0.00014256349717722765
23 0.0001917778078759736
26 0.000013770385755530148
27 0.00001995165315167076
28 0.000014329171044437778
29 0.000016009284857852372
30 0.00008005552081252168
31 0.000022094106842319594
32 0.0001446627800658901
34 0.00005968492932446962
41 0.00018725926302105958
45 0.00000876923174820536
49 0.0002231883932943071
50 0.00004529586521301164
59 0.000006462183444711172
60 0.000012924366889422343
67 0.005590098903914017
68 0.006042122016274991
69 0.006938229747329597
91 0.00046926799994623984
92 0.0007296383478218761
93 0.0002302492435057135
95 0.0006161666804201201
96 0.0006409523714499261
97 0.00018061190259367678
98 0.0005977793231091805
100 0.00014427673725646523
159 0.0002817353899173489
164 0.0006624764288875735
168 0.00004914275771090647
174 0.0004111404270832213
175 0.00028530254609905744
201 0.0003782900330627366
202 0.0006156747509571849
203 0.0003136839799123262
213 0.00036481917391093806
222 0.001874094211545904
255 0.0007174118328356807
302 0.0019181815169893753
392 0.0009573908535360409
434 0.00032731777168967243
456 0.00040485246840563934
475 0.0002526001287307366
517 0.001889629872361754
580 0.011413605307951153
582 0.0012928806034244072
618 0.0009771920599575008
716 0.00045485323355897795
743 0.0011401593907562888
1103 0.0009387005947386255
1435 0.0007709345372720537
1436 0.0008688663374890013
1891 0.0007230035022084448
2941 0.0011370166061384682
2942 0.0011370166061384682
2943 0.0011370166061384682
2944 0.0011370166061384682
2945 0.0011370166061384682
2946 0.0010215305713900601
2947 0.0011370166061384682