0 0.00020721031418032774
6 0.0000679868157762367
8 0.0002302492435057135
17 0.00024376566216822076
26 0.00003213090009623701
27 0.0000066505510505569195
28 0.000004776390348145926
29 0.000005336428285950791
31 0.000038664686974059284
45 0.000011692308997607148
50 0.00004529586521301164
57 0.00018016835758640515
59 0.000019386550334133513
60 0.000025848733778844687
89 0.00033798452589909114
90 0.0007200715014765141
95 0.00006846296449112447
97 0.0001204079350624512
108 0.0002542579645943101
124 0.0006842981779500422
125 0.00019006896079713502
132 0.00019350436353001335
143 0.0002681502686494669
144 0.0006259011852042593
153 0.00022952953988283507
168 0.00009828551542181294
173 0.0007096674962648366
194 0.0004339996609241885
217 0.0006716434921864852
252 0.00021183173694126436
262 0.0003464581042452242
276 0.0003697439993427182
277 0.0005494856956725966
300 0.00045393449222041863
362 0.0008999465924009378
435 0.00044410039764801966
448 0.0006464403017122036
470 0.00044672424919219483
538 0.00037310999523034225
727 0.0005494856956725966
813 0.000629765283625402
820 0.000629765283625402
846 0.0012757885359843703
929 0.0007709345372720537
930 0.0005648761188866944
940 0.0005544595315855724
1147 0.0007375005660187797
1192 0.0005648761188866944
1245 0.0008128063180586093
2273 0.001371650606111588
2478 0.0005941814615164285
2559 0.0006464403017122036
2655 0.002606599012467004
2948 0.0011370166061384682
2949 0.003815902286821044
2950 0.002606599012467004
2951 0.0011370166061384682
2952 0.0011370166061384682
2953 0.0011370166061384682
2954 0.0011370166061384682
2955 0.0034110498184154047
2956 0.0011370166061384682
2957 0.0011370166061384682
2958 0.0011370166061384682
2959 0.0022740332122769364