0 0.00010360515709016387
1 0.0005494856956725966
5 0.0001350647307564619
6 0.0001359736315524734
7 0.0017693213131045233
9 0.001057069377906074
10 0.000020926658193612276
11 0.005773305169424255
14 0.0005291341910073765
15 0.00011067438687857875
16 0.0006220145312703716
17 0.00024376566216822076
25 0.00004914275771090647
26 0.000009180257170353432
27 0.000013301102101113839
28 0.000014329171044437778
29 0.000016009284857852372
31 0.000027617633552899494
34 0.0002984246466223481
44 0.00015086301495667102
45 0.000005846154498803574
47 0.0008126674302452151
48 0.00014129003011415398
50 0.00004529586521301164
56 0.0006871708547968443
57 0.0005405050727592154
59 0.000006462183444711172
60 0.000012924366889422343
67 0.0003493811814946261
70 0.0056896442264102644
72 0.0007394879986854364
75 0.0012359615931136858
76 0.00047524524109474617
87 0.00036808616347914477
97 0.0001204079350624512
103 0.00008541133970179466
108 0.0005085159291886202
119 0.00046345541606448445
124 0.00022809939265001406
130 0.00036808616347914477
132 0.0003870087270600267
136 0.00029565439233481325
139 0.0002495926820907704
140 0.0002005952689646678
143 0.0005363005372989338
148 0.0015794910854978863
194 0.0004339996609241885
214 0.0007431700718136128
248 0.0007230035022084448
249 0.0006378942679921852
250 0.0005878935028388465
252 0.0004236634738825287
255 0.0021522354985070422
262 0.0010393743127356727
343 0.001735998643696754
362 0.0008999465924009378
393 0.00048193069598779744
434 0.00032731777168967243
580 0.005406444619555809
582 0.0012928806034244072
589 0.0003818350844534872
670 0.0005941814615164285
700 0.0003910424617735554
767 0.00040692219849536895
775 0.00036481917391093806
933 0.0005224082332437771
1200 0.0022595044755467776
1328 0.0006973202833102012
1930 0.0006973202833102012