6 0.00011331135962706119
10 0.00006277997458083683
15 0.000055337193439289376
25 0.00004914275771090647
26 0.000009180257170353432
27 0.00001995165315167076
28 0.000014329171044437778
29 0.000016009284857852372
30 0.0003202220832500867
31 0.000027617633552899494
32 0.0001446627800658901
33 0.0042796960693799865
34 0.00023873971729787848
42 0.0005956084863810253
43 0.0001247963410453852
44 0.00015086301495667102
45 0.00000876923174820536
48 0.00014129003011415398
50 0.00009059173042602328
59 0.000032310917223555856
60 0.000012924366889422343
72 0.0003697439993427182
76 0.0011881131027368654
92 0.0010944575217328141
100 0.00014427673725646523
119 0.0001544851386881615
125 0.00019006896079713502
132 0.00019350436353001335
134 0.00020241617375177045
139 0.00037438902313615557
147 0.0007709345372720537
153 0.00022952953988283507
159 0.0015495446445454191
167 0.0003185136261757804
168 0.00009828551542181294
169 0.0007990471491152373
171 0.0008353500688126544
172 0.00023913727761189357
175 0.00028530254609905744
202 0.0009235121264357772
213 0.00036481917391093806
215 0.0005446560494091424
252 0.0016946538955301149
262 0.002771664833961794
267 0.0005494856956725966
355 0.000685825303055794
370 0.0004221783120451008
434 0.00032731777168967243
443 0.000685825303055794
475 0.0005052002574614732
497 0.00044672424919219483
515 0.00043897349683716435
530 0.0002736737953600468
575 0.00047869542676802046
602 0.0014866174950015133
613 0.0004176750344063272
671 0.0003910424617735554
701 0.000570339268307386
734 0.0005027842686225869
736 0.000570339268307386
798 0.007096674962648366
808 0.000570339268307386
816 0.0004852300340911263
839 0.0004755217854866652
870 0.0006075174674600367
921 0.0017279629323841779
986 0.0006649717304210047
1060 0.0005544595315855724
1130 0.004876837908351655
1132 0.00044410039764801966
1142 0.00040280813441833274
1180 0.0021786241976365695
1242 0.0005648761188866944
1271 0.000953975571705261
1304 0.008393796485946417
1390 0.0008384895369568529
1438 0.0006750724671448359
1496 0.0006973202833102012
1727 0.0009060445366416521
1784 0.001581117003786488
1891 0.0007230035022084448
1973 0.0029500022640751187
2204 0.00226014090822178
2207 0.0008128063180586093
2570 0.012310901512721411
2920 0.0010215305713900601
2933 0.0009060445366416521
2960 0.0008128063180586093
2961 0.0011370166061384682
2962 0.0010215305713900601
2963 0.0056850830306923415
2964 0.006822099636830809
2965 0.006822099636830809
2966 0.0011370166061384682
2967 0.0036241781465666083
2968 0.00306459171417018
2969 0.0011370166061384682