6 0.00011331135962706119
10 0.00004185331638722455
13 0.0003124981305672972
15 0.000055337193439289376
17 0.00024376566216822076
25 0.00014742827313271942
26 0.00004131115726659044
27 0.0000066505510505569195
28 0.000019105561392583703
29 0.000010672856571901583
31 0.00005523526710579899
34 0.00005968492932446962
45 0.000020461540745812507
49 0.0006695651798829213
50 0.00004529586521301164
56 0.00034358542739842214
59 0.000006462183444711172
60 0.00007754620133653405
71 0.00033256580019006747
80 0.0006787343976211396
81 0.0006678080987797565
85 0.0007375005660187797
104 0.002789281133240805
105 0.020430611427801205
106 0.0022740332122769364
107 0.0005595864323964277
108 0.0005085159291886202
109 0.003818350844534872
110 0.0003600357507382571
111 0.0004724074680904385
112 0.0011370166061384682
113 0.0011370166061384682
114 0.001188362923032857
115 0.0007096674962648366
116 0.0010707949874704638
117 0.0015418288327399105
118 0.004769877858526305
119 0.00046345541606448445
120 0.0076705231164122135
121 0.0006393849844536105
122 0.00030783737547859243
123 0.0005818342485617932
124 0.0009123975706000563
125 0.002090758568768485
126 0.0036241781465666083
127 0.0012440290625407432
128 0.0010215305713900601
129 0.0004724074680904385
130 0.00036808616347914477
131 0.0006649717304210047
132 0.00019350436353001335
133 0.00032475447298266157
134 0.00020241617375177045
135 0.002723280247045712
136 0.0008869631770044397
137 0.000570339268307386
138 0.0008999465924009378
139 0.0002495926820907704
140 0.0004011905379293356
141 0.0020414352244915186
142 0.000904198535777999
143 0.0002681502686494669
144 0.0006259011852042593
145 0.0004991223381462831
146 0.00036481917391093806
147 0.0015418690745441074
148 0.0007897455427489431
149 0.0006146083728946911
150 0.0007375005660187797
151 0.0003393671988105698
152 0.000953975571705261
153 0.00022952953988283507
154 0.0015067606054811865
155 0.000629765283625402
156 0.0007709345372720537
157 0.000685825303055794
158 0.0003765453979632206
159 0.00014086769495867446