0 0.00020721031418032774
5 0.0004051941922693857
10 0.000010463329096806138
15 0.00011067438687857875
24 0.0007649954759692994
26 0.000013770385755530148
27 0.00003990330630334152
28 0.000014329171044437778
29 0.000016009284857852372
31 0.0000055235267105798985
32 0.00021699417009883517
33 0.0004755217854866652
41 0.00018725926302105958
43 0.0009983707283630816
45 0.00001753846349641072
46 0.0016365888584483623
48 0.00014129003011415398
49 0.0002231883932943071
50 0.00004529586521301164
52 0.0007083648276822562
59 0.000012924366889422343
60 0.000012924366889422343
95 0.0003423148224556223
96 0.00035608465080551457
100 0.00014427673725646523
103 0.00017082267940358932
121 0.0002131283281512035
132 0.0007740174541200534
133 0.00032475447298266157
159 0.00014086769495867446
168 0.00004914275771090647
169 0.0002663490497050791
172 0.0019130982208951485
173 0.0014193349925296732
215 0.0005446560494091424
246 0.005399624677752376
398 0.0014528375680784495
416 0.0003493811814946261
642 0.004769877858526305
643 0.002718133609924956
644 0.0005399624677752377
645 0.0005353974937352319
646 0.000953975571705261
647 0.0010215305713900601
648 0.0010215305713900601