6 0.0001359736315524734
10 0.00003138998729041841
14 0.0007937012865110646
17 0.00024376566216822076
25 0.00004914275771090647
26 0.000009180257170353432
27 0.00001995165315167076
28 0.000019105561392583703
29 0.00002668214142975396
30 0.0003202220832500867
31 0.00003314116026347939
32 0.0001446627800658901
33 0.0042796960693799865
42 0.0005956084863810253
43 0.0002495926820907704
44 0.00015086301495667102
45 0.000005846154498803574
48 0.00014129003011415398
49 0.0002231883932943071
50 0.0005435503825561396
59 0.000025848733778844687
60 0.000012924366889422343
76 0.00023762262054737309
90 0.0007200715014765141
92 0.0010944575217328141
97 0.0000602039675312256
100 0.00028855347451293045
101 0.0005353974937352319
102 0.0007820849235471108
109 0.0003818350844534872
119 0.000617940554752646
121 0.0002131283281512035
123 0.0011636684971235863
132 0.00019350436353001335
139 0.0001247963410453852
140 0.0004011905379293356
146 0.00036481917391093806
168 0.00009828551542181294
195 0.00021509233277500263
200 0.0016998430762810667
202 0.0009235121264357772
203 0.0003136839799123262
235 0.000244549715989849
252 0.0008473269477650574
265 0.00048441707494682545
328 0.0003260311928669616
385 0.0010365883383334816
417 0.0003600357507382571
430 0.00033256580019006747
446 0.0004176750344063272
497 0.00044672424919219483
519 0.0016887132481804032
538 0.00037310999523034225
602 0.0019821566600020176
700 0.0007820849235471108
717 0.0007709345372720537
742 0.00040692219849536895
798 0.006387007466383529
799 0.0003782900330627366
805 0.0005353974937352319
806 0.00040692219849536895
807 0.0007709345372720537
826 0.008696143520825683
1056 0.0006464403017122036
1289 0.0010215305713900601
1707 0.0007709345372720537
1835 0.012684623512983127
1869 0.0014193349925296732
1872 0.0008688663374890013
2021 0.010061874443482234
2024 0.002312803611816161
2029 0.003083738149088215
2161 0.0025515770719687406
2164 0.00715071399973042
2166 0.0010215305713900601
2313 0.004183921699861207
2538 0.0007230035022084448
2870 0.0007230035022084448
2970 0.0011370166061384682
2971 0.0009060445366416521
2972 0.0022740332122769364
2973 0.00953975571705261
2974 0.000953975571705261
2975 0.000953975571705261