0 0.00010360515709016387
5 0.0001350647307564619
10 0.00004185331638722455
15 0.000055337193439289376
25 0.00004914275771090647
26 0.000009180257170353432
27 0.000026602204202227678
28 0.000004776390348145926
29 0.000016009284857852372
30 0.0003202220832500867
31 0.000022094106842319594
32 0.0001446627800658901
33 0.002853130712919991
34 0.00005968492932446962
42 0.0005956084863810253
43 0.0002495926820907704
44 0.00015086301495667102
45 0.000005846154498803574
50 0.00018118346085204656
54 0.000160544392965215
59 0.000019386550334133513
60 0.000012924366889422343
71 0.00033256580019006747
76 0.0009504904821894923
93 0.000460498487011427
97 0.0000602039675312256
100 0.00028855347451293045
103 0.00008541133970179466
133 0.0012990178919306463
139 0.0002495926820907704
142 0.0022604963394449976
151 0.0006787343976211396
167 0.0003185136261757804
168 0.00004914275771090647
175 0.0005706050921981149
177 0.00044410039764801966
213 0.00036481917391093806
215 0.0021786241976365695
245 0.0012292167457893823
246 0.0032397748066514253
252 0.0014828221585888503
311 0.0006759690517981823
328 0.0006520623857339232
331 0.0012547359196493047
362 0.00029998219746697925
554 0.0003600357507382571
640 0.0008384895369568529
797 0.0004755217854866652
936 0.0013108970050472915
1282 0.0005544595315855724
1295 0.0007533803027405932
1785 0.0011297522377733888
2976 0.004548066424553873