0 0.00010360515709016387
5 0.0004051941922693857
10 0.000020926658193612276
23 0.0003835556157519472
24 0.000509996983979533
25 0.00014742827313271942
26 0.000009180257170353432
27 0.000013301102101113839
28 0.000004776390348145926
29 0.000005336428285950791
30 0.00016011104162504336
31 0.0000055235267105798985
32 0.0001446627800658901
33 0.002853130712919991
42 0.00029780424319051263
44 0.00015086301495667102
45 0.000005846154498803574
47 0.0002708891434150717
48 0.0005651601204566159
50 0.00004529586521301164
52 0.00188897287381935
53 0.0008743084912408826
54 0.000160544392965215
59 0.000025848733778844687
89 0.00033798452589909114
93 0.0011512462175285675
100 0.00014427673725646523
103 0.000256234019105384
108 0.0002542579645943101
122 0.00030783737547859243
143 0.0008044508059484006
146 0.00036481917391093806
160 0.00043897349683716435
168 0.00004914275771090647
185 0.00023389514674621796
247 0.0012595133201682067
297 0.0008987801682765725
298 0.0009982446762925661
299 0.0073825856401399555
519 0.003799604808405907
538 0.00037310999523034225
544 0.0005353974937352319
611 0.003716679868746568
613 0.0004176750344063272
624 0.004337376263890177
639 0.00045485323355897795
767 0.00040692219849536895
776 0.0008309364644307748
780 0.003548337481324183
840 0.0005027842686225869
1655 0.000790558501893244
1974 0.005436267219849912
2031 0.0008688663374890013
2977 0.0011370166061384682
2978 0.0011370166061384682