0 0.0004144206283606555
1 0.0032969141740355795
5 0.0002701294615129238
6 0.0000679868157762367
10 0.00004185331638722455
13 0.0003124981305672972
15 0.00011067438687857875
18 0.0003172930263603734
20 0.0002851269943544553
24 0.001019993967959066
25 0.00009828551542181294
26 0.000013770385755530148
27 0.00001995165315167076
28 0.000019105561392583703
29 0.000021345713143803165
30 0.00016011104162504336
31 0.000016570580131739694
32 0.0001446627800658901
34 0.00017905478797340885
42 0.0005956084863810253
45 0.000005846154498803574
50 0.00009059173042602328
52 0.0037779457476387
53 0.005537287111192256
54 0.000160544392965215
55 0.0004520992678889995
57 0.00018016835758640515
59 0.000012924366889422343
60 0.000012924366889422343
72 0.0014789759973708727
74 0.0003943146805323207
75 0.00030899039827842145
89 0.00033798452589909114
95 0.00006846296449112447
96 0.00007121693016110292
97 0.00018061190259367678
98 0.002690006953991312
100 0.00014427673725646523
103 0.00034164535880717864
108 0.0005085159291886202
110 0.0003600357507382571
119 0.0001544851386881615
132 0.00058051309059004
136 0.00029565439233481325
139 0.0001247963410453852
140 0.0002005952689646678
160 0.0017558939873486574
164 0.0009937146433313601
168 0.00009828551542181294
169 0.0005326980994101582
172 0.00047827455522378713
175 0.00028530254609905744
177 0.00044410039764801966
180 0.0002526001287307366
181 0.0021690105066253344
185 0.00023389514674621796
195 0.00021509233277500263
200 0.0005666143587603556
203 0.0003136839799123262
214 0.0009908934290848172
216 0.0006075174674600367
221 0.001227053890824424
222 0.0011244565269275424
233 0.0007783196602169099
235 0.0014672982959390939
247 0.0003148783300420517
255 0.00047827455522378713
264 0.001140678536614772
266 0.0003010819448897304
267 0.0005494856956725966
273 0.0003697439993427182
278 0.0004991223381462831
304 0.0010661575080709474
306 0.005648180969448309
309 0.0052662646183162945
396 0.0008128063180586093
397 0.0009060445366416521
416 0.0003493811814946261
436 0.0006146083728946911
439 0.0015798793854948881
440 0.0013901978018369889
444 0.0005878935028388465
448 0.0006464403017122036
455 0.000466348213813385
475 0.0010104005149229464
483 0.0003800531302520963
485 0.0008688663374890013
496 0.0003493811814946261
501 0.0024384189541758277
554 0.0007200715014765141
555 0.0006871708547968443
587 0.0007096674962648366
654 0.00038729823387417876
728 0.0007709345372720537
746 0.0009060445366416521
776 0.0004154682322153874
797 0.0004755217854866652
950 0.0005353974937352319
1008 0.0025154686108705584
1013 0.0016484570870177898
1020 0.0016256126361172186
1145 0.000790558501893244
1308 0.0007375005660187797
1337 0.0005353974937352319
1380 0.0015418690745441074
1442 0.0007533803027405932
1451 0.0006146083728946911
1625 0.0006554485025236457
1749 0.0007533803027405932
1752 0.0009060445366416521
1800 0.0008688663374890013
2035 0.0021690105066253344
2328 0.0016769790739137058
2346 0.0006464403017122036
2507 0.0017377326749780026
2830 0.0036241781465666083
2979 0.002861926715115783
2980 0.00306459171417018
2981 0.000953975571705261
2982 0.0010215305713900601
2983 0.0018120890732833041
2984 0.0010215305713900601
2985 0.0010215305713900601
2986 0.000953975571705261
2987 0.0009060445366416521
2988 0.000953975571705261
2989 0.0009060445366416521
2990 0.010493731288757871
2991 0.0010215305713900601
2992 0.000953975571705261
2993 0.0009060445366416521