0 0.0003108154712704916
1 0.002747428478362983
5 0.0002701294615129238
6 0.0000679868157762367
10 0.00004185331638722455
15 0.00011067438687857875
18 0.0003172930263603734
20 0.0002851269943544553
24 0.0008924947219641826
25 0.00009828551542181294
26 0.000013770385755530148
27 0.00001995165315167076
28 0.000019105561392583703
29 0.000021345713143803165
30 0.00016011104162504336
31 0.000016570580131739694
32 0.00021699417009883517
34 0.00017905478797340885
42 0.0005956084863810253
45 0.000005846154498803574
50 0.00009059173042602328
52 0.0033057025291838623
53 0.005245850947445296
54 0.000160544392965215
55 0.0004520992678889995
57 0.00018016835758640515
59 0.000012924366889422343
60 0.000012924366889422343
72 0.0014789759973708727
74 0.0002628764536882138
75 0.00030899039827842145
89 0.00033798452589909114
92 0.00036481917391093806
95 0.00006846296449112447
96 0.00007121693016110292
97 0.00018061190259367678
98 0.0017933379693275415
100 0.00014427673725646523
103 0.000256234019105384
108 0.0005085159291886202
110 0.0003600357507382571
119 0.0001544851386881615
132 0.00019350436353001335
136 0.00029565439233481325
139 0.0001247963410453852
140 0.0002005952689646678
146 0.00036481917391093806
160 0.0017558939873486574
168 0.00014742827313271942
169 0.0005326980994101582
172 0.00047827455522378713
175 0.00028530254609905744
180 0.0002526001287307366
181 0.0021690105066253344
185 0.00023389514674621796
195 0.00021509233277500263
200 0.0002833071793801778
203 0.0003136839799123262
214 0.0009908934290848172
221 0.0008180359272162828
222 0.0007496376846183616
233 0.0007783196602169099
235 0.0022009474439086407
247 0.0003148783300420517
255 0.00047827455522378713
264 0.001140678536614772
266 0.0003010819448897304
267 0.0005494856956725966
273 0.0003697439993427182
278 0.0009982446762925661
304 0.0010661575080709474
306 0.004141999377595427
309 0.004739638156484665
416 0.0003493811814946261
436 0.0006146083728946911
439 0.002106505847326518
440 0.0027803956036739777
444 0.0005878935028388465
448 0.0006464403017122036
455 0.000466348213813385
466 0.0006973202833102012
475 0.001263000643653683
483 0.0003800531302520963
485 0.0008688663374890013
496 0.0003493811814946261
501 0.0024384189541758277
519 0.0004221783120451008
554 0.0007200715014765141
555 0.00034358542739842214
587 0.0007096674962648366
654 0.00038729823387417876
728 0.0007709345372720537
746 0.0009060445366416521
776 0.0004154682322153874
797 0.0004755217854866652
950 0.0005353974937352319
1008 0.0025154686108705584
1013 0.0010989713913451932
1020 0.0016256126361172186
1308 0.0007375005660187797
1337 0.0005353974937352319
1380 0.0015418690745441074
1442 0.0007533803027405932
1451 0.0006146083728946911
1625 0.0006554485025236457
1749 0.0007533803027405932
1752 0.0009060445366416521
1800 0.0008688663374890013
2035 0.0021690105066253344
2346 0.0006464403017122036
2830 0.0036241781465666083
2979 0.002861926715115783
2980 0.00306459171417018
2981 0.000953975571705261
2982 0.0010215305713900601
2983 0.0018120890732833041
2984 0.0010215305713900601
2985 0.0010215305713900601
2986 0.000953975571705261
2987 0.0009060445366416521
2988 0.000953975571705261
2989 0.0009060445366416521
2990 0.008585780145347348
2991 0.0010215305713900601
2992 0.000953975571705261
2993 0.0009060445366416521
2994 0.0011370166061384682
2995 0.0011370166061384682