6 0.00011331135962706119
10 0.000010463329096806138
14 0.0005291341910073765
15 0.000055337193439289376
24 0.00012749924599488326
25 0.00019657103084362587
26 0.000013770385755530148
27 0.0000332527552527846
28 0.000019105561392583703
29 0.000010672856571901583
30 0.00024016656243756505
31 0.000027617633552899494
34 0.00011936985864893924
45 0.00000876923174820536
47 0.0002708891434150717
48 0.00014129003011415398
50 0.0002264793260650582
51 0.0015672246997313311
56 0.00034358542739842214
59 0.000032310917223555856
60 0.000025848733778844687
73 0.0004885960299787504
76 0.0011881131027368654
96 0.00007121693016110292
97 0.0000602039675312256
100 0.00014427673725646523
103 0.000256234019105384
110 0.0003600357507382571
119 0.000308970277376323
125 0.000570206882391405
138 0.00029998219746697925
139 0.0002495926820907704
144 0.0006259011852042593
146 0.00036481917391093806
158 0.0003765453979632206
159 0.00014086769495867446
163 0.0005999643949339585
164 0.0009937146433313601
168 0.00004914275771090647
169 0.0002663490497050791
185 0.00023389514674621796
194 0.0004339996609241885
211 0.0005446560494091424
219 0.0003616150149759352
233 0.00038915983010845493
235 0.000244549715989849
247 0.0015743916502102585
252 0.00021183173694126436
259 0.0003407614423411458
262 0.0003464581042452242
265 0.00024220853747341272
273 0.0003697439993427182
361 0.0004605016093796513
363 0.0006649717304210047
370 0.0004221783120451008
392 0.00047869542676802046
439 0.0005266264618316295
475 0.0005052002574614732
481 0.0004339996609241885
519 0.0004221783120451008
555 0.0006871708547968443
602 0.0009910783300010088
667 0.0013501449342896718
691 0.00038363630339787504
726 0.0006554485025236457
743 0.0003800531302520963
767 0.00040692219849536895
805 0.0005353974937352319
815 0.005107652856950301
940 0.0005544595315855724
1036 0.0004339996609241885
1039 0.0007533803027405932
1171 0.0005182941691667408
1236 0.0008384895369568529
1756 0.000790558501893244
1994 0.0006075174674600367
2003 0.004258004977589019
2904 0.0008384895369568529
2996 0.023877348728907833
2997 0.0011370166061384682
2998 0.0009060445366416521
2999 0.006822099636830809
3000 0.00715071399973042
3001 0.010872534439699825
3002 0.0056850830306923415
3003 0.0011370166061384682
3004 0.0011370166061384682
3005 0.000953975571705261
3006 0.0011370166061384682
3007 0.0011370166061384682
3008 0.0022740332122769364
3009 0.0010215305713900601
3010 0.0011370166061384682
3011 0.0011370166061384682