2 0.0003632093920196124
6 0.00011331135962706119
10 0.000010463329096806138
13 0.0006249962611345944
15 0.00011067438687857875
24 0.00012749924599488326
25 0.00004914275771090647
26 0.000013770385755530148
27 0.00001995165315167076
28 0.000014329171044437778
29 0.000016009284857852372
30 0.00008005552081252168
31 0.000022094106842319594
34 0.00005968492932446962
36 0.00034879085198948
45 0.00000876923174820536
48 0.0004238700903424619
49 0.0002231883932943071
50 0.0001358875956390349
56 0.00034358542739842214
59 0.000025848733778844687
60 0.000025848733778844687
73 0.0004885960299787504
87 0.0007361723269582895
89 0.00033798452589909114
90 0.0003600357507382571
96 0.00007121693016110292
100 0.00014427673725646523
103 0.000256234019105384
108 0.0002542579645943101
109 0.0015273403378139488
110 0.0003600357507382571
119 0.0001544851386881615
120 0.00627588254979181
125 0.0007602758431885401
132 0.00019350436353001335
134 0.0006072485212553113
139 0.0002495926820907704
144 0.0006259011852042593
150 0.002212501698056339
158 0.0011296361938896618
159 0.00014086769495867446
160 0.0035117879746973148
163 0.0005999643949339585
167 0.0006370272523515608
168 0.00004914275771090647
169 0.0005326980994101582
172 0.0007174118328356807
173 0.0014193349925296732
174 0.0008222808541664426
175 0.00028530254609905744
185 0.0011694757337310899
200 0.0008499215381405333
235 0.000244549715989849
252 0.0004236634738825287
257 0.0014750011320375594
266 0.0003010819448897304
355 0.000685825303055794
384 0.0023934771338401024
393 0.0019277227839511898
398 0.0003632093920196124
430 0.00033256580019006747
439 0.0005266264618316295
475 0.0007578003861922098
509 0.00047869542676802046
512 0.00044672424919219483
554 0.0003600357507382571
589 0.0007636701689069744
590 0.0010207176122457593
599 0.0004991223381462831
602 0.0004955391650005044
623 0.0023025080468982565
624 0.0009638613919755949
668 0.005941814615164285
669 0.00772435899971357
670 0.001188362923032857
680 0.0005309542669637955
691 0.00038363630339787504
754 0.0006973202833102012
940 0.0005544595315855724
951 0.0006973202833102012
1069 0.0003968214617715378
1242 0.0005648761188866944
1245 0.01056648213476192
1453 0.004086122285560241
1458 0.009193775142510541
1459 0.000790558501893244
1582 0.00044672424919219483
1785 0.0005648761188866944
2235 0.000790558501893244
2252 0.0007096674962648366
2301 0.0008688663374890013
2731 0.000790558501893244
2981 0.001907951143410522
2998 0.0036241781465666083
3012 0.000953975571705261
3013 0.0010215305713900601
3014 0.008585780145347348
3015 0.010233149455246214
3016 0.000953975571705261
3017 0.004769877858526305
3018 0.0009060445366416521
3019 0.001907951143410522
3020 0.0011370166061384682
3021 0.0011370166061384682
3022 0.0011370166061384682
3023 0.0011370166061384682