6 0.00011331135962706119
10 0.000010463329096806138
14 0.00026456709550368824
15 0.0002213487737571575
24 0.0002549984919897665
25 0.00009828551542181294
26 0.000009180257170353432
27 0.00001995165315167076
28 0.000014329171044437778
29 0.000016009284857852372
30 0.00008005552081252168
31 0.000022094106842319594
32 0.0001446627800658901
34 0.0002984246466223481
41 0.00018725926302105958
43 0.0001247963410453852
44 0.00015086301495667102
45 0.000005846154498803574
47 0.0002708891434150717
50 0.0001358875956390349
54 0.0008027219648260749
57 0.00018016835758640515
59 0.000019386550334133513
60 0.000012924366889422343
74 0.0001314382268441069
76 0.00023762262054737309
80 0.0006787343976211396
81 0.0006678080987797565
87 0.00036808616347914477
90 0.0003600357507382571
95 0.00047924075143787115
96 0.00042730158096661747
97 0.0000602039675312256
100 0.00014427673725646523
103 0.00034164535880717864
119 0.000308970277376323
121 0.000426256656302407
125 0.000570206882391405
132 0.0007740174541200534
134 0.00020241617375177045
139 0.0002495926820907704
140 0.0018053574206820101
144 0.00020863372840141978
148 0.00039487277137447156
153 0.00022952953988283507
163 0.00029998219746697925
164 0.00033123821444378676
168 0.00009828551542181294
169 0.0013317452485253956
180 0.0005052002574614732
186 0.0012207665954861067
198 0.0006464403017122036
214 0.0017340635008984298
221 0.002454107781648848
222 0.002248913053855085
247 0.002833904970378465
331 0.0003136839799123262
372 0.0003553858360236491
392 0.00047869542676802046
439 0.0005266264618316295
442 0.00036481917391093806
444 0.009406296045421545
446 0.0008353500688126544
449 0.00042680669660142797
469 0.00048193069598779744
475 0.0005052002574614732
538 0.00037310999523034225
599 0.0009982446762925661
602 0.0004955391650005044
668 0.001188362923032857
700 0.0003910424617735554
714 0.0005027842686225869
744 0.0005544595315855724
868 0.0006220145312703716
1013 0.0005494856956725966
1051 0.0006750724671448359
1066 0.0009638613919755949
1101 0.003162234007572976
1340 0.0006750724671448359
1566 0.0006007160688395344
1594 0.001966345507570937
1749 0.0007533803027405932
1756 0.000790558501893244
1817 0.0015067606054811865
2003 0.0007096674962648366
2276 0.000953975571705261
2312 0.0006750724671448359
2731 0.000790558501893244
2762 0.0007533803027405932
2790 0.0018120890732833041
2841 0.0020430611427801203
2979 0.000953975571705261
3005 0.002861926715115783
3012 0.000953975571705261
3014 0.000953975571705261
3024 0.00306459171417018
3025 0.0011370166061384682
3026 0.0009060445366416521
3027 0.0011370166061384682
3028 0.0011370166061384682
3029 0.0011370166061384682
3030 0.0011370166061384682
3031 0.001907951143410522
3032 0.0034110498184154047
3033 0.005107652856950301
3034 0.0011370166061384682
3035 0.010233149455246214
3036 0.0008128063180586093
3037 0.0008384895369568529