0 0.00020721031418032774
5 0.0001350647307564619
6 0.00011331135962706119
10 0.000020926658193612276
15 0.00016601158031786812
17 0.0004875313243364415
20 0.00014256349717722765
23 0.0001917778078759736
25 0.00009828551542181294
26 0.000009180257170353432
27 0.0000332527552527846
28 0.000014329171044437778
29 0.000016009284857852372
30 0.00008005552081252168
31 0.000049711740395219085
32 0.0001446627800658901
34 0.0002984246466223481
41 0.00018725926302105958
43 0.00037438902313615557
45 0.000005846154498803574
50 0.0002264793260650582
51 0.0015672246997313311
59 0.000012924366889422343
60 0.000012924366889422343
80 0.0003393671988105698
81 0.00033390404938987825
87 0.0007361723269582895
93 0.0002302492435057135
95 0.0003423148224556223
96 0.00035608465080551457
97 0.0000602039675312256
100 0.00014427673725646523
103 0.000256234019105384
108 0.0017798057521601705
110 0.0003600357507382571
116 0.0016061924812056955
119 0.0001544851386881615
121 0.0010656416407560177
132 0.0009675218176500667
133 0.0006495089459653231
139 0.0002495926820907704
140 0.0016047621517173425
154 0.0007533803027405932
163 0.00029998219746697925
166 0.0004605016093796513
168 0.00014742827313271942
169 0.0002663490497050791
175 0.0005706050921981149
177 0.00044410039764801966
180 0.0005052002574614732
252 0.0008473269477650574
262 0.002771664833961794
265 0.00024220853747341272
266 0.0006021638897794608
271 0.0022075861380768482
278 0.0004991223381462831
299 0.0019258919061234667
308 0.001061908533927591
342 0.0009771920599575008
354 0.0009910783300010088
416 0.0006987623629892522
417 0.0007200715014765141
448 0.0012928806034244072
455 0.000466348213813385
470 0.00044672424919219483
475 0.0005052002574614732
496 0.006638242448397894
530 0.0002736737953600468
538 0.00037310999523034225
546 0.0007709345372720537
585 0.0003987932141285859
602 0.0009910783300010088
624 0.0019277227839511898
687 0.0005065284965219635
691 0.0007672726067957501
714 0.0005027842686225869
775 0.005837106782575009
848 0.001633968148227427
865 0.0004520992678889995
940 0.0005544595315855724
1035 0.0014750011320375594
1065 0.0004415172276153697
1352 0.0009060445366416521
1360 0.0017825443845492855
1442 0.0015067606054811865
1451 0.0006146083728946911
1472 0.0028386699850593464
1611 0.0009060445366416521
2155 0.000953975571705261
2354 0.0010215305713900601
2532 0.000685825303055794
2580 0.0008688663374890013
2998 0.0009060445366416521
3005 0.003815902286821044
3024 0.0010215305713900601
3038 0.0022740332122769364
3039 0.0011370166061384682
3040 0.0007533803027405932
3041 0.0010215305713900601
3042 0.0011370166061384682
3043 0.0010215305713900601
3044 0.004548066424553873
3045 0.0022740332122769364