0 0.00010360515709016387
2 0.001816046960098062
3 0.00044939008413828627
4 0.0024047314850847933
6 0.00009064908770164895
7 0.001061592787862714
8 0.000920996974022854
9 0.0024664952151141725
10 0.00004185331638722455
13 0.0003124981305672972
20 0.00014256349717722765
24 0.00012749924599488326
25 0.00004914275771090647
26 0.00002295064292588358
27 0.000013301102101113839
28 0.00002388195174072963
29 0.000032018569715704745
31 0.0000055235267105798985
32 0.00021699417009883517
34 0.00005968492932446962
36 0.00017439542599474
41 0.00018725926302105958
43 0.0002495926820907704
44 0.00015086301495667102
45 0.000005846154498803574
57 0.00018016835758640515
59 0.000006462183444711172
60 0.000012924366889422343
72 0.0003697439993427182
74 0.0001314382268441069
76 0.00023762262054737309
91 0.0007039019999193597
95 0.0003423148224556223
96 0.00035608465080551457
97 0.0000602039675312256
103 0.00017082267940358932
129 0.0004724074680904385
132 0.00019350436353001335
134 0.00020241617375177045
139 0.00037438902313615557
151 0.0006787343976211396
166 0.0004605016093796513
168 0.00004914275771090647
171 0.0004176750344063272
172 0.00023913727761189357
202 0.00030783737547859243
249 0.0006378942679921852
250 0.0005878935028388465
289 0.0007096674962648366
307 0.0003818350844534872
343 0.002603997965545131
354 0.0004955391650005044
355 0.000685825303055794
416 0.0003493811814946261
496 0.0003493811814946261
586 0.0005759876441280593
656 0.0016256126361172186
680 0.0005309542669637955
691 0.00038363630339787504
703 0.0004991223381462831
1171 0.0015548825075002222
1180 0.002723280247045712
1264 0.0012150349349200735
1350 0.000685825303055794
1451 0.0006146083728946911
1724 0.0005878935028388465
1854 0.0005818342485617932
1900 0.0007533803027405932
1920 0.0009060445366416521
2017 0.004064031590293046
2436 0.000790558501893244
2597 0.0010215305713900601
2598 0.0010215305713900601
3046 0.0007709345372720537
3047 0.0011370166061384682
3048 0.0056850830306923415
3049 0.0010215305713900601
3050 0.000953975571705261