0 0.00010360515709016387
5 0.0001350647307564619
6 0.0001359736315524734
8 0.000920996974022854
10 0.000303436543807378
14 0.00026456709550368824
15 0.00011067438687857875
24 0.000509996983979533
25 0.00014742827313271942
26 0.000018360514340706863
27 0.00001995165315167076
28 0.00003821112278516741
29 0.00002668214142975396
31 0.000011047053421159797
32 0.0001446627800658901
34 0.00005968492932446962
36 0.00034879085198948
43 0.0001247963410453852
44 0.00015086301495667102
45 0.000005846154498803574
46 0.00032731777168967243
49 0.0002231883932943071
50 0.00004529586521301164
52 0.0004722432184548375
53 0.002622925473722648
54 0.0008027219648260749
56 0.00034358542739842214
57 0.00018016835758640515
59 0.000019386550334133513
60 0.000012924366889422343
71 0.0013302632007602699
74 0.0001314382268441069
95 0.00027385185796449787
96 0.00042730158096661747
97 0.0001204079350624512
100 0.00014427673725646523
103 0.00008541133970179466
117 0.0019272860409248883
119 0.000308970277376323
124 0.00022809939265001406
129 0.000944814936180877
132 0.00019350436353001335
134 0.00020241617375177045
139 0.0002495926820907704
144 0.0006259011852042593
159 0.0004226030848760234
161 0.00032348746208875627
163 0.0005999643949339585
168 0.00009828551542181294
172 0.00023913727761189357
200 0.0002833071793801778
201 0.0003782900330627366
213 0.0014592766956437523
220 0.0005399624677752377
227 0.0005224082332437771
246 0.0021598498711009506
266 0.0003010819448897304
309 0.0005266264618316295
340 0.00715071399973042
372 0.0010661575080709474
389 0.00045485323355897795
416 0.0003493811814946261
430 0.0019953948011404046
442 0.0007296383478218761
455 0.000466348213813385
469 0.004337376263890177
475 0.0005052002574614732
530 0.0002736737953600468
554 0.0003600357507382571
598 0.001581117003786488
672 0.0015548825075002222
690 0.0007230035022084448
701 0.001140678536614772
703 0.0004991223381462831
714 0.0005027842686225869
743 0.0003800531302520963
818 0.000685825303055794
955 0.000953975571705261
1577 0.000685825303055794
1711 0.0007533803027405932
1784 0.000790558501893244
1875 0.0007533803027405932
1921 0.0007230035022084448
2008 0.0008128063180586093
2208 0.000790558501893244
2226 0.0010215305713900601
2346 0.0006464403017122036
3053 0.01327989742807078
3054 0.000953975571705261
3055 0.0010215305713900601
3056 0.0011370166061384682