5 0.0002701294615129238
6 0.00004532454385082448
10 0.000020926658193612276
13 0.003124981305672972
15 0.000055337193439289376
26 0.0000596716716072973
27 0.000026602204202227678
28 0.000014329171044437778
29 0.000021345713143803165
30 0.00016011104162504336
31 0.000016570580131739694
32 0.0001446627800658901
34 0.0003581095759468177
41 0.0005617777890631787
43 0.0001247963410453852
44 0.00015086301495667102
45 0.00000876923174820536
48 0.00014129003011415398
50 0.00009059173042602328
52 0.0037779457476387
53 0.0008743084912408826
54 0.0011238107507565048
57 0.0003603367151728103
59 0.000019386550334133513
60 0.000012924366889422343
65 0.000466348213813385
74 0.0001314382268441069
80 0.0010181015964317096
81 0.0010017121481696349
89 0.00033798452589909114
95 0.00027385185796449787
96 0.00021365079048330874
97 0.0002408158701249024
98 0.0029888966155459024
100 0.00014427673725646523
103 0.000256234019105384
116 0.0005353974937352319
119 0.000308970277376323
132 0.00019350436353001335
134 0.00020241617375177045
138 0.00029998219746697925
139 0.0001247963410453852
144 0.0012518023704085185
159 0.0004226030848760234
166 0.0004605016093796513
168 0.00009828551542181294
171 0.0004176750344063272
175 0.00028530254609905744
177 0.00044410039764801966
185 0.00023389514674621796
195 0.00021509233277500263
214 0.0002477233572712043
216 0.0006075174674600367
256 0.002106505847326518
265 0.00024220853747341272
297 0.0008987801682765725
298 0.0009982446762925661
299 0.0022468738904773775
300 0.00015131149740680623
308 0.001061908533927591
310 0.005486602424446352
311 0.00033798452589909114
321 0.0008384895369568529
324 0.0006554485025236457
325 0.0008779469936743287
331 0.0003136839799123262
354 0.0004955391650005044
380 0.0004755217854866652
416 0.0003493811814946261
429 0.0004755217854866652
436 0.0012292167457893823
475 0.0005052002574614732
481 0.0004339996609241885
499 0.0005648761188866944
512 0.00044672424919219483
517 0.008503334425627892
538 0.00037310999523034225
555 0.0010307562821952664
563 0.0007709345372720537
636 0.0007533803027405932
697 0.002351574011355386
703 0.005490345719609113
709 0.0034291265152789703
780 0.0007096674962648366
916 0.0006464403017122036
1154 0.0006973202833102012
1192 0.0005648761188866944
1212 0.0017377326749780026
1283 0.0005266264618316295
1562 0.0006220145312703716
3057 0.0010215305713900601
3058 0.0022740332122769364
3059 0.0010215305713900601
3060 0.0011370166061384682
3061 0.0011370166061384682
3062 0.0011370166061384682
3063 0.0011370166061384682
3064 0.0011370166061384682
3065 0.0011370166061384682
3066 0.0011370166061384682
3067 0.0011370166061384682
3068 0.0010215305713900601
3069 0.0011370166061384682
3070 0.0011370166061384682
3071 0.0011370166061384682
3072 0.0010215305713900601
3073 0.0011370166061384682
3074 0.0011370166061384682