6 0.00004532454385082448
8 0.0016117447045399945
10 0.0000837066327744491
15 0.00011067438687857875
18 0.0006345860527207468
24 0.0002549984919897665
25 0.00014742827313271942
26 0.000009180257170353432
27 0.000026602204202227678
28 0.000009552780696291852
29 0.000010672856571901583
31 0.00003314116026347939
32 0.0002893255601317802
45 0.000005846154498803574
46 0.0016365888584483623
47 0.0002708891434150717
48 0.00028258006022830796
49 0.0002231883932943071
50 0.0001358875956390349
52 0.00023612160922741876
57 0.00018016835758640515
59 0.000019386550334133513
60 0.000012924366889422343
76 0.0011881131027368654
93 0.0006907477305171405
94 0.0004885960299787504
95 0.0006161666804201201
96 0.0007121693016110291
97 0.0002408158701249024
100 0.00014427673725646523
103 0.00008541133970179466
121 0.000852513312604814
122 0.00030783737547859243
140 0.001002976344823339
151 0.0006787343976211396
159 0.0007043384747933724
168 0.00004914275771090647
172 0.00023913727761189357
175 0.00028530254609905744
177 0.00044410039764801966
195 0.00043018466555000526
197 0.000570339268307386
214 0.0019817868581696345
234 0.00038363630339787504
235 0.000244549715989849
255 0.00047827455522378713
300 0.0010591804818476434
301 0.0017624414923374024
302 0.00230181782038725
328 0.0003260311928669616
331 0.0012547359196493047
362 0.0005999643949339585
390 0.001175787005677693
475 0.0002526001287307366
573 0.0004885960299787504
644 0.0005399624677752377
645 0.0005353974937352319
706 0.0017636805085165395
743 0.0003800531302520963
775 0.00036481917391093806
943 0.0021290024887945097
944 0.0024384189541758277
1149 0.0007096674962648366
1248 0.0005353974937352319
1582 0.002233621245960974
1875 0.0037669015137029665
3077 0.0072483562931332166
3078 0.0011370166061384682
3079 0.0016256126361172186
3080 0.0011370166061384682