6 0.0000679868157762367
10 0.00004185331638722455
15 0.0005533719343928938
17 0.00024376566216822076
25 0.00004914275771090647
26 0.000018360514340706863
27 0.00001995165315167076
28 0.000014329171044437778
29 0.000016009284857852372
30 0.00008005552081252168
31 0.000027617633552899494
32 0.0001446627800658901
41 0.0005617777890631787
45 0.000005846154498803574
50 0.00009059173042602328
59 0.000012924366889422343
60 0.000012924366889422343
91 0.00046926799994623984
95 0.0006161666804201201
96 0.0005697354412888233
97 0.0001204079350624512
100 0.00014427673725646523
125 0.00019006896079713502
132 0.00058051309059004
133 0.00032475447298266157
134 0.00020241617375177045
139 0.0001247963410453852
153 0.0006885886196485052
164 0.0016561910722189337
168 0.00004914275771090647
185 0.0004677902934924359
214 0.0002477233572712043
217 0.0022388116406216177
223 0.001768200901115156
255 0.003108784608954616
291 0.000685825303055794
300 0.002874918450729318
331 0.002195787859386283
362 0.002399857579735834
372 0.0003553858360236491
456 0.00040485246840563934
463 0.0012150349349200735
555 0.0013743417095936886
706 0.0005878935028388465
742 0.0008138443969907379
793 0.0005759876441280593
1154 0.0013946405666204024
1252 0.000570339268307386
1854 0.0005818342485617932
1878 0.005213198024934008
1887 0.000953975571705261