0 0.0004144206283606555
6 0.00011331135962706119
10 0.00003138998729041841
15 0.00016601158031786812
17 0.0007312969865046622
25 0.00004914275771090647
26 0.00002295064292588358
27 0.00001995165315167076
28 0.000019105561392583703
29 0.000021345713143803165
30 0.00016011104162504336
31 0.000016570580131739694
34 0.00011936985864893924
36 0.00017439542599474
38 0.002288267432636927
45 0.000011692308997607148
48 0.00028258006022830796
50 0.00009059173042602328
51 0.0015672246997313311
52 0.004250188966093537
57 0.0005405050727592154
59 0.000032310917223555856
60 0.000019386550334133513
74 0.0001314382268441069
80 0.0013574687952422793
81 0.0016695202469493913
97 0.0001204079350624512
98 0.0005977793231091805
100 0.00014427673725646523
103 0.0005978793779125625
108 0.0012712898229715506
111 0.0004724074680904385
119 0.0001544851386881615
121 0.0002131283281512035
134 0.00020241617375177045
140 0.0002005952689646678
144 0.0008345349136056791
159 0.00014086769495867446
168 0.00014742827313271942
180 0.0005052002574614732
202 0.00030783737547859243
234 0.00038363630339787504
243 0.0007709345372720537
255 0.00023913727761189357
265 0.00024220853747341272
297 0.00044939008413828627
299 0.0016049099217695557
300 0.0006052459896272249
301 0.0010071094241928015
302 0.0007672726067957501
307 0.0007636701689069744
308 0.0005309542669637955
328 0.0003260311928669616
331 0.0006273679598246524
343 0.006509994913862828
380 0.0009510435709733304
416 0.0006987623629892522
417 0.0003600357507382571
446 0.0004176750344063272
490 0.0011297522377733888
491 0.0011089190631711448
492 0.000685825303055794
497 0.00044672424919219483
512 0.00044672424919219483
517 0.0004724074680904385
519 0.0004221783120451008
527 0.00841002496375348
577 0.003232201508561018
588 0.0007230035022084448
601 0.0004176750344063272
619 0.0005446560494091424
686 0.002281357073229544
687 0.0005065284965219635
702 0.012314142355910333
775 0.00036481917391093806
786 0.000570339268307386
855 0.0006649717304210047
936 0.005243588020189166
950 0.0005353974937352319
959 0.0006075174674600367
1031 0.001966345507570937
1111 0.0007375005660187797
1113 0.006502450544468874
1119 0.001259530567250804
1132 0.0008882007952960393
1181 0.0005266264618316295
1200 0.0005648761188866944
1573 0.0007709345372720537
1921 0.008676042026501338
1925 0.0006220145312703716
2312 0.0006750724671448359
2727 0.0010215305713900601
3081 0.0022740332122769364
3082 0.0022740332122769364
3083 0.0022740332122769364
3084 0.0011370166061384682
3085 0.0022740332122769364
3086 0.0011370166061384682
3087 0.0011370166061384682
3088 0.0011370166061384682
3089 0.0011370166061384682
3090 0.0011370166061384682
3091 0.0011370166061384682
3092 0.0011370166061384682
3093 0.0011370166061384682
3094 0.0011370166061384682
3095 0.0011370166061384682
3096 0.0011370166061384682
3097 0.0020430611427801203
3098 0.0011370166061384682
3099 0.0011370166061384682