0 0.00010360515709016387
5 0.0002701294615129238
6 0.00009064908770164895
7 0.0003538642626209047
8 0.000920996974022854
10 0.00004185331638722455
15 0.0002213487737571575
20 0.0002851269943544553
23 0.0001917778078759736
24 0.0003824977379846497
25 0.00004914275771090647
26 0.000009180257170353432
27 0.0000332527552527846
28 0.000009552780696291852
29 0.000016009284857852372
30 0.00008005552081252168
31 0.000022094106842319594
32 0.0001446627800658901
41 0.00018725926302105958
45 0.000011692308997607148
50 0.0004529586521301164
59 0.000025848733778844687
60 0.000012924366889422343
65 0.000466348213813385
66 0.000629765283625402
67 0.0020962870889677564
68 0.0024168488065099965
69 0.005396400914589686
75 0.0012359615931136858
80 0.0006787343976211396
81 0.0006678080987797565
94 0.0004885960299787504
95 0.0006161666804201201
96 0.0006409523714499261
97 0.0000602039675312256
100 0.00014427673725646523
102 0.0003910424617735554
103 0.00017082267940358932
108 0.0012712898229715506
121 0.0019181549533608315
124 0.00045619878530002813
131 0.002659886921684019
132 0.00019350436353001335
140 0.0008023810758586712
143 0.0008044508059484006
148 0.00039487277137447156
168 0.00004914275771090647
175 0.00028530254609905744
180 0.0005052002574614732
181 0.014460070044168896
185 0.0004677902934924359
189 0.0004755217854866652
191 0.0006973202833102012
197 0.000570339268307386
200 0.0005666143587603556
201 0.0007565800661254732
235 0.000978198863959396
252 0.00021183173694126436
255 0.00023913727761189357
256 0.0005266264618316295
262 0.0003464581042452242
265 0.00024220853747341272
266 0.0003010819448897304
276 0.0003697439993427182
292 0.0015418690745441074
300 0.00030262299481361246
303 0.0016360718544325655
331 0.0003136839799123262
362 0.0005999643949339585
363 0.0013299434608420094
365 0.0005494856956725966
368 0.0005494856956725966
369 0.0005544595315855724
370 0.0004221783120451008
372 0.0007107716720472983
381 0.0007709345372720537
385 0.0010365883383334816
412 0.003815902286821044
496 0.0003493811814946261
537 0.000953975571705261
538 0.00037310999523034225
544 0.0005353974937352319
554 0.0003600357507382571
572 0.0005224082332437771
711 0.0013501449342896718
782 0.0006220145312703716
812 0.0037669015137029665
817 0.0008688663374890013
827 0.0007533803027405932
924 0.0006378942679921852
966 0.0006464403017122036
1027 0.0014460070044168896
1103 0.00046935029736931276
1195 0.0007709345372720537
1248 0.0005353974937352319
1256 0.004425003396112678
1283 0.0005266264618316295
1305 0.0006973202833102012
1314 0.0005446560494091424
1406 0.0014750011320375594
1495 0.0006464403017122036
1496 0.0006973202833102012
1577 0.000685825303055794
2273 0.002057475909167382
2290 0.0008688663374890013
2328 0.0008384895369568529
2329 0.000953975571705261
2339 0.0007709345372720537
2383 0.000953975571705261
2478 0.0029709073075821425
2482 0.0007375005660187797
2483 0.0007230035022084448
2613 0.012401682432168392
2878 0.0008688663374890013
2896 0.0018120890732833041
3100 0.0010215305713900601
3101 0.0010215305713900601
3102 0.0020430611427801203
3103 0.004769877858526305
3104 0.004769877858526305
3105 0.0010215305713900601
3106 0.0008688663374890013
3107 0.008172244571120481
3108 0.0020430611427801203
3109 0.0009060445366416521
3110 0.0011370166061384682
3111 0.0010215305713900601
3112 0.0011370166061384682
3113 0.0009060445366416521
3114 0.0010215305713900601
3115 0.0010215305713900601
3116 0.0010215305713900601
3117 0.0020430611427801203
3118 0.0010215305713900601
3119 0.0011370166061384682
3120 0.0009060445366416521
3121 0.000953975571705261
3122 0.000953975571705261
3123 0.0010215305713900601