6 0.00011331135962706119
10 0.00006277997458083683
17 0.00024376566216822076
23 0.0001917778078759736
25 0.00004914275771090647
26 0.000009180257170353432
27 0.00001995165315167076
28 0.000014329171044437778
29 0.00002668214142975396
30 0.00008005552081252168
31 0.000011047053421159797
32 0.0001446627800658901
41 0.00018725926302105958
43 0.0001247963410453852
44 0.00015086301495667102
45 0.000005846154498803574
50 0.00009059173042602328
57 0.00018016835758640515
59 0.000006462183444711172
60 0.000012924366889422343
72 0.0003697439993427182
74 0.0001314382268441069
75 0.0015449519913921072
76 0.00047524524109474617
95 0.0008215555738934935
96 0.000783386231772132
97 0.00018061190259367678
100 0.00014427673725646523
103 0.000256234019105384
108 0.0002542579645943101
119 0.0007724256934408075
122 0.00030783737547859243
134 0.00020241617375177045
138 0.0005999643949339585
140 0.0004011905379293356
159 0.0002817353899173489
163 0.00029998219746697925
164 0.00033123821444378676
166 0.0004605016093796513
168 0.00004914275771090647
195 0.00021509233277500263
202 0.0006156747509571849
225 0.0016061924812056955
255 0.00023913727761189357
328 0.0003260311928669616
362 0.00029998219746697925
398 0.001089628176058837
464 0.0011297522377733888
585 0.0003987932141285859
700 0.0003910424617735554
715 0.0007709345372720537
742 0.0012207665954861067
774 0.0005941814615164285
865 0.000904198535777999
1069 0.0003968214617715378
1132 0.0008882007952960393
1142 0.00040280813441833274
1253 0.010426396049868015
1269 0.0006007160688395344
1582 0.0031270697443453637
1801 0.0007375005660187797
1869 0.003548337481324183
3124 0.027288398547323237
3125 0.0011370166061384682
3126 0.0011370166061384682