0 0.00010360515709016387
5 0.0002701294615129238
6 0.00009064908770164895
7 0.0003538642626209047
8 0.000920996974022854
10 0.00003138998729041841
15 0.0002213487737571575
20 0.00014256349717722765
23 0.0001917778078759736
25 0.00004914275771090647
26 0.000009180257170353432
27 0.00001995165315167076
28 0.000009552780696291852
29 0.000016009284857852372
31 0.000011047053421159797
32 0.0001446627800658901
41 0.00018725926302105958
45 0.000005846154498803574
50 0.0002264793260650582
59 0.000058159651002400536
60 0.000012924366889422343
65 0.000466348213813385
67 0.0020962870889677564
68 0.002819656940928329
69 0.00655277253914462
75 0.0009269711948352643
80 0.0006787343976211396
81 0.0010017121481696349
95 0.00041077778694674673
96 0.00035608465080551457
97 0.0000602039675312256
100 0.00014427673725646523
108 0.002034063716754481
121 0.002983796594116849
124 0.00045619878530002813
131 0.001994915191263014
143 0.0002681502686494669
146 0.00036481917391093806
148 0.00039487277137447156
168 0.00004914275771090647
173 0.0007096674962648366
175 0.00028530254609905744
180 0.0005052002574614732
181 0.014460070044168896
185 0.0004677902934924359
189 0.0004755217854866652
197 0.000570339268307386
200 0.0002833071793801778
201 0.0003782900330627366
213 0.00036481917391093806
235 0.000244549715989849
363 0.0013299434608420094
368 0.0005494856956725966
369 0.0005544595315855724
372 0.0007107716720472983
381 0.0007709345372720537
385 0.0005182941691667408
398 0.0003632093920196124
437 0.00043897349683716435
498 0.000953975571705261
537 0.000953975571705261
544 0.0005353974937352319
554 0.0003600357507382571
569 0.000685825303055794
711 0.0013501449342896718
782 0.0006220145312703716
812 0.0037669015137029665
827 0.0007533803027405932
1027 0.0014460070044168896
1143 0.0008384895369568529
1195 0.0007709345372720537
1248 0.0005353974937352319
1256 0.006637505094169017
1283 0.0005266264618316295
1314 0.0005446560494091424
1317 0.0005544595315855724
1350 0.000685825303055794
1406 0.0014750011320375594
1495 0.0006464403017122036
2328 0.0008384895369568529
2329 0.000953975571705261
2613 0.006677829001936826
2896 0.0018120890732833041
3100 0.0010215305713900601
3101 0.0010215305713900601
3102 0.0020430611427801203
3103 0.004769877858526305
3104 0.004769877858526305
3105 0.0010215305713900601
3106 0.0008688663374890013
3107 0.01225836685668072
3108 0.0020430611427801203
3113 0.0009060445366416521
3114 0.0010215305713900601
3115 0.0010215305713900601
3116 0.0010215305713900601
3117 0.0010215305713900601
3121 0.000953975571705261
3122 0.000953975571705261
3123 0.0010215305713900601