5 0.0001350647307564619
6 0.00011331135962706119
8 0.001381495461034281
10 0.00006277997458083683
20 0.00014256349717722765
23 0.0003835556157519472
24 0.0006374962299744162
25 0.00014742827313271942
26 0.000009180257170353432
27 0.000013301102101113839
28 0.00002388195174072963
29 0.000021345713143803165
30 0.00008005552081252168
31 0.000022094106842319594
32 0.0001446627800658901
34 0.00005968492932446962
43 0.0001247963410453852
44 0.00015086301495667102
45 0.000005846154498803574
49 0.0004463767865886142
50 0.00004529586521301164
52 0.00023612160922741876
55 0.0004520992678889995
59 0.000006462183444711172
60 0.000012924366889422343
89 0.00033798452589909114
95 0.00047924075143787115
96 0.00028486772064441167
97 0.0000602039675312256
103 0.00017082267940358932
109 0.002291010506720923
119 0.0007724256934408075
124 0.0006842981779500422
132 0.00019350436353001335
137 0.000570339268307386
138 0.0005999643949339585
139 0.0002495926820907704
202 0.00030783737547859243
217 0.00022388116406216174
271 0.0008830344552307394
303 0.001227053890824424
305 0.003389256713320166
331 0.0012547359196493047
344 0.002606599012467004
354 0.0004955391650005044
430 0.00033256580019006747
482 0.0012084244032549982
491 0.0005544595315855724
530 0.0002736737953600468
542 0.0058179627154098315
550 0.0008056162688366655
714 0.0005027842686225869
849 0.000685825303055794
1009 0.0009060445366416521
1149 0.0007096674962648366
1477 0.0010989713913451932
1496 0.0006973202833102012
1996 0.0019136828039765554
2234 0.0009060445366416521
2244 0.003854672686360269
2273 0.001371650606111588
2388 0.0008688663374890013
2787 0.0007709345372720537
2992 0.000953975571705261
3132 0.0009060445366416521
3133 0.0011370166061384682
3134 0.0011370166061384682
3135 0.0011370166061384682