0 0.00010360515709016387
5 0.0004051941922693857
6 0.00009064908770164895
10 0.000020926658193612276
15 0.000055337193439289376
24 0.00012749924599488326
25 0.00004914275771090647
26 0.00002295064292588358
27 0.000013301102101113839
28 0.000009552780696291852
29 0.000010672856571901583
31 0.000011047053421159797
34 0.00005968492932446962
42 0.00029780424319051263
45 0.00001753846349641072
50 0.00009059173042602328
51 0.0005224082332437771
52 0.0021250944830467685
53 0.0017486169824817651
54 0.00032108878593043
59 0.000019386550334133513
60 0.00005169746755768937
76 0.00047524524109474617
87 0.00036808616347914477
90 0.0003600357507382571
93 0.0002302492435057135
97 0.0000602039675312256
98 0.004184455261764263
99 0.0014460070044168896
122 0.00030783737547859243
140 0.0004011905379293356
144 0.0006259011852042593
168 0.00004914275771090647
224 0.0005182941691667408
225 0.0005353974937352319
226 0.0020731766766669633
255 0.0007174118328356807
266 0.0003010819448897304
276 0.0003697439993427182
309 0.0031597587709897763
311 0.002365891681293638
328 0.0009780935786008848
362 0.0008999465924009378
447 0.0006464403017122036
481 0.0004339996609241885
512 0.00044672424919219483
619 0.0005446560494091424
1836 0.0033753623357241796
2336 0.0005266264618316295
3136 0.000953975571705261
3137 0.0008384895369568529