0 0.00010360515709016387
6 0.00009064908770164895
10 0.00003138998729041841
13 0.0006249962611345944
15 0.0002766859671964469
25 0.00004914275771090647
26 0.000009180257170353432
27 0.00001995165315167076
28 0.000014329171044437778
29 0.000016009284857852372
30 0.00008005552081252168
31 0.00003314116026347939
32 0.0001446627800658901
34 0.00011936985864893924
42 0.00029780424319051263
43 0.0008735743873176963
44 0.00015086301495667102
45 0.000005846154498803574
50 0.00009059173042602328
57 0.0003603367151728103
59 0.000019386550334133513
60 0.000012924366889422343
74 0.0001314382268441069
76 0.0009504904821894923
91 0.00046926799994623984
95 0.0006161666804201201
96 0.0006409523714499261
100 0.00014427673725646523
122 0.00030783737547859243
124 0.00022809939265001406
125 0.000570206882391405
127 0.0006220145312703716
130 0.00036808616347914477
132 0.00116102618118008
144 0.0008345349136056791
153 0.00045905907976567014
168 0.00004914275771090647
175 0.00028530254609905744
185 0.0004677902934924359
188 0.002591470845833704
197 0.000570339268307386
203 0.0003136839799123262
213 0.00036481917391093806
217 0.001791049312497294
223 0.0002526001287307366
300 0.0018157379688816745
331 0.0006273679598246524
457 0.0006378942679921852
460 0.0006554485025236457
463 0.0006075174674600367
475 0.0005052002574614732
483 0.0003800531302520963
555 0.00034358542739842214
654 0.00038729823387417876
661 0.0006554485025236457
767 0.00040692219849536895
774 0.002376725846065714
816 0.0014556901022733787
1101 0.000790558501893244
1248 0.0005353974937352319
1513 0.0019136828039765554
3138 0.0022740332122769364