5 0.0001350647307564619
6 0.00020396044732871014
10 0.00003138998729041841
15 0.00011067438687857875
17 0.00024376566216822076
20 0.00014256349717722765
23 0.0003835556157519472
24 0.0002549984919897665
25 0.00019657103084362587
26 0.000009180257170353432
27 0.00001995165315167076
28 0.000019105561392583703
29 0.000021345713143803165
30 0.00024016656243756505
31 0.000027617633552899494
32 0.0001446627800658901
33 0.003328652498406656
42 0.00029780424319051263
43 0.0002495926820907704
44 0.00015086301495667102
45 0.000005846154498803574
47 0.0002708891434150717
50 0.00009059173042602328
52 0.0004722432184548375
53 0.0005828723274939218
55 0.0013562978036669984
56 0.0013743417095936886
59 0.000006462183444711172
60 0.000012924366889422343
71 0.00033256580019006747
91 0.00046926799994623984
93 0.000460498487011427
98 0.0005977793231091805
100 0.00014427673725646523
119 0.000308970277376323
124 0.00045619878530002813
132 0.0003870087270600267
139 0.0001247963410453852
140 0.0002005952689646678
143 0.0008044508059484006
165 0.00046935029736931276
168 0.00004914275771090647
203 0.0006273679598246524
214 0.0002477233572712043
232 0.0010365883383334816
234 0.00038363630339787504
252 0.0004236634738825287
290 0.002824380594433472
303 0.0008180359272162828
304 0.0010661575080709474
328 0.0006520623857339232
372 0.0003553858360236491
389 0.00045485323355897795
427 0.001907951143410522
451 0.0006007160688395344
458 0.0003818350844534872
482 0.004028081344183328
488 0.0005648761188866944
489 0.0012292167457893823
493 0.0005759876441280593
496 0.0003493811814946261
497 0.00044672424919219483
499 0.0011297522377733888
519 0.0008443566240902016
553 0.0016769790739137058
601 0.0004176750344063272
627 0.0008688663374890013
700 0.0003910424617735554
775 0.00036481917391093806
776 0.0004154682322153874
798 0.004258004977589019
811 0.000685825303055794
847 0.0015067606054811865
984 0.0007533803027405932
1132 0.00044410039764801966
1305 0.00627588254979181
1377 0.0008128063180586093
1380 0.0007709345372720537
1477 0.0010989713913451932
1945 0.0007533803027405932
1950 0.0006750724671448359
2369 0.0020430611427801203
2380 0.0008688663374890013
2653 0.0009060445366416521
3139 0.0018120890732833041
3140 0.0011370166061384682
3141 0.014309633575578915
3142 0.0010215305713900601
3143 0.000953975571705261
3144 0.0008384895369568529
3145 0.004769877858526305
3146 0.000953975571705261
3147 0.0022740332122769364
3148 0.0020430611427801203
3149 0.0009060445366416521
3150 0.0011370166061384682
3151 0.0034110498184154047