10 0.000010463329096806138
15 0.00016601158031786812
24 0.00012749924599488326
25 0.00014742827313271942
26 0.000009180257170353432
27 0.00001995165315167076
28 0.000009552780696291852
29 0.000010672856571901583
30 0.00008005552081252168
31 0.000027617633552899494
32 0.0001446627800658901
33 0.003328652498406656
34 0.00011936985864893924
45 0.000005846154498803574
46 0.0013092710867586897
49 0.0002231883932943071
50 0.00009059173042602328
52 0.00023612160922741876
54 0.0020870771085477946
59 0.000012924366889422343
60 0.000012924366889422343
78 0.002123817067855182
93 0.000460498487011427
96 0.00007121693016110292
100 0.00028855347451293045
121 0.0006393849844536105
132 0.00019350436353001335
134 0.00020241617375177045
139 0.0004991853641815408
143 0.0002681502686494669
163 0.00029998219746697925
167 0.0003185136261757804
169 0.0002663490497050791
172 0.00047827455522378713
174 0.0008222808541664426
175 0.00028530254609905744
221 0.0004090179636081414
265 0.00024220853747341272
277 0.0016484570870177898
299 0.0003209819843539111
312 0.0004885960299787504
331 0.001882103879473957
350 0.0005353974937352319
365 0.0010989713913451932
434 0.00032731777168967243
442 0.00036481917391093806
490 0.0005648761188866944
497 0.00044672424919219483
515 0.0008779469936743287
644 0.0005399624677752377
645 0.0005353974937352319
734 0.0005027842686225869
782 0.004976116250162973
817 0.002606599012467004
818 0.002743301212223176
1031 0.0006554485025236457
1066 0.00048193069598779744
1099 0.0024584334915787646
1155 0.0007709345372720537
1300 0.0008688663374890013
1325 0.0016633785947567173
1911 0.0007096674962648366
3152 0.011778578976341476
3153 0.0010215305713900601
3154 0.0011370166061384682
3155 0.00226014090822178