5 0.0001350647307564619
6 0.00015863590347788565
10 0.000010463329096806138
17 0.0007312969865046622
20 0.00014256349717722765
24 0.00012749924599488326
26 0.000009180257170353432
27 0.0000332527552527846
28 0.000019105561392583703
29 0.000021345713143803165
30 0.00016011104162504336
31 0.00004418821368463919
34 0.00011936985864893924
36 0.00017439542599474
45 0.00000876923174820536
50 0.00004529586521301164
54 0.0017659883226173647
57 0.0018016835758640514
59 0.000006462183444711172
60 0.000012924366889422343
92 0.00036481917391093806
95 0.00006846296449112447
96 0.00007121693016110292
97 0.0002408158701249024
100 0.00014427673725646523
108 0.0002542579645943101
117 0.0007709144163699553
124 0.00045619878530002813
132 0.0009675218176500667
133 0.0006495089459653231
136 0.00029565439233481325
139 0.0002495926820907704
153 0.00022952953988283507
159 0.0016904123395040935
161 0.0006469749241775125
162 0.0003800531302520963
168 0.00004914275771090647
169 0.0002663490497050791
170 0.00043897349683716435
180 0.0002526001287307366
214 0.0012386167863560214
217 0.003358217460932426
223 0.002526001287307366
252 0.0004236634738825287
262 0.0010393743127356727
264 0.000570339268307386
266 0.0003010819448897304
277 0.0010989713913451932
300 0.00015131149740680623
302 0.0007672726067957501
304 0.0017769291801182456
306 0.001882726989816103
311 0.00033798452589909114
342 0.0004885960299787504
398 0.0003632093920196124
416 0.0006987623629892522
417 0.0007200715014765141
442 0.00036481917391093806
459 0.000570339268307386
483 0.0011401593907562888
550 0.00040280813441833274
575 0.00047869542676802046
686 0.0028516963415369297
868 0.0012440290625407432
895 0.0020430611427801203
935 0.004192447684784265
938 0.003815902286821044
1132 0.0022205019882400984
1315 0.0017377326749780026
1338 0.004525082111985424
1499 0.0018120890732833041
1525 0.010061874443482234
1582 0.004020518242729754
2023 0.0006220145312703716
3104 0.000953975571705261
3156 0.0022740332122769364
3157 0.0022740332122769364
3158 0.0022740332122769364
3159 0.0022740332122769364
3160 0.0011370166061384682
3161 0.0011370166061384682
3162 0.0022740332122769364
3163 0.0008384895369568529
3164 0.0011370166061384682
3165 0.0010215305713900601
3166 0.0011370166061384682
3167 0.004548066424553873