0 0.00010360515709016387
2 0.0007264187840392248
5 0.0001350647307564619
6 0.0001359736315524734
10 0.00003138998729041841
15 0.00011067438687857875
17 0.0004875313243364415
20 0.00014256349717722765
23 0.0001917778078759736
24 0.0003824977379846497
25 0.00004914275771090647
26 0.000009180257170353432
27 0.00004655385735389843
28 0.00004298751313331333
29 0.00004802785457355712
30 0.0003202220832500867
31 0.00004418821368463919
32 0.00021699417009883517
36 0.00139516340795792
37 0.002791552498900101
38 0.0018306139461095412
42 0.00029780424319051263
45 0.000005846154498803574
50 0.0002264793260650582
57 0.0014413468606912412
59 0.000012924366889422343
60 0.000012924366889422343
65 0.000466348213813385
74 0.0005257529073764276
75 0.0006179807965568429
83 0.0008384895369568529
97 0.000301019837656128
100 0.0004328302117693956
108 0.0005085159291886202
119 0.00046345541606448445
120 0.0013946405666204024
122 0.0006156747509571849
124 0.0006842981779500422
130 0.00036808616347914477
136 0.0005913087846696265
140 0.0002005952689646678
143 0.0002681502686494669
144 0.0012518023704085185
146 0.0007296383478218761
151 0.0003393671988105698
158 0.0003765453979632206
159 0.0014086769495867447
164 0.0006624764288875735
165 0.003285452081585189
167 0.0003185136261757804
168 0.00014742827313271942
169 0.0002663490497050791
172 0.00023913727761189357
177 0.00044410039764801966
185 0.0016372660272235256
186 0.0016276887939814758
200 0.0002833071793801778
203 0.0003136839799123262
213 0.0007296383478218761
216 0.0006075174674600367
219 0.0007232300299518704
226 0.0010365883383334816
233 0.00038915983010845493
234 0.00038363630339787504
235 0.000244549715989849
249 0.0006378942679921852
250 0.0005878935028388465
252 0.00021183173694126436
259 0.0006815228846822916
262 0.0003464581042452242
265 0.0007266256124202381
266 0.0003010819448897304
286 0.0006973202833102012
298 0.0009982446762925661
299 0.0006419639687078222
302 0.0019181815169893753
304 0.0010661575080709474
306 0.004518544775558647
307 0.0003818350844534872
314 0.003232201508561018
343 0.000867999321848377
360 0.0005309542669637955
385 0.0020731766766669633
393 0.0024096534799389873
395 0.0006378942679921852
398 0.0003632093920196124
430 0.0006651316003801349
431 0.0009060445366416521
434 0.00032731777168967243
442 0.00036481917391093806
454 0.00038363630339787504
456 0.00040485246840563934
479 0.000629765283625402
508 0.0008688663374890013
509 0.00047869542676802046
517 0.0014172224042713155
524 0.0006220145312703716
547 0.0006554485025236457
554 0.0003600357507382571
589 0.0003818350844534872
590 0.004082870448983037
642 0.006677829001936826
668 0.004159270230614999
669 0.007130177538197142
681 0.002281357073229544
686 0.000570339268307386
687 0.0005065284965219635
691 0.00038363630339787504
700 0.0007820849235471108
701 0.000570339268307386
752 0.001994915191263014
775 0.0007296383478218761
778 0.0016256126361172186
851 0.00046935029736931276
916 0.0006464403017122036
1142 0.00040280813441833274
1158 0.00452028181644356
1177 0.0024880581250814864
1184 0.001581117003786488
1242 0.0011297522377733888
1243 0.0005878935028388465
1283 0.0005266264618316295
1287 0.0005595864323964277
1432 0.004086122285560241
1459 0.001581117003786488
1643 0.004425003396112678
1711 0.0007533803027405932
1825 0.004625607223632322
1925 0.0018660435938111148
1933 0.0009060445366416521
1994 0.0006075174674600367
2036 0.000953975571705261
2037 0.0006378942679921852
2052 0.0006649717304210047
2193 0.002606599012467004
2282 0.013032995062335021
2528 0.0008384895369568529
2580 0.006082064362423009
3168 0.00306459171417018
3169 0.03080551424581617
3170 0.0022740332122769364
3171 0.03638453139643098
3172 0.0020430611427801203
3173 0.0011370166061384682
3174 0.006822099636830809
3175 0.0011370166061384682
3176 0.004548066424553873
3177 0.0020430611427801203
3178 0.004548066424553873
3179 0.009096132849107746
3180 0.0022740332122769364
3181 0.0011370166061384682
3182 0.0011370166061384682
3183 0.0034110498184154047
3184 0.0034110498184154047
3185 0.0011370166061384682
3186 0.0011370166061384682
3187 0.0010215305713900601
3188 0.0011370166061384682
3189 0.0011370166061384682
3190 0.000953975571705261
3191 0.0011370166061384682
3192 0.0011370166061384682
3193 0.0010215305713900601
3194 0.0009060445366416521
3195 0.0011370166061384682
3196 0.0011370166061384682
3197 0.0010215305713900601