0 0.00010360515709016387
6 0.00011331135962706119
10 0.000020926658193612276
18 0.0003172930263603734
20 0.00014256349717722765
25 0.00004914275771090647
26 0.000009180257170353432
27 0.00001995165315167076
28 0.000014329171044437778
29 0.000016009284857852372
30 0.00016011104162504336
31 0.000022094106842319594
32 0.0001446627800658901
42 0.0005956084863810253
43 0.000623981705226926
44 0.00015086301495667102
45 0.000005846154498803574
47 0.0008126674302452151
50 0.00009059173042602328
54 0.0009632663577912898
57 0.00018016835758640515
59 0.000012924366889422343
60 0.000012924366889422343
74 0.0001314382268441069
95 0.00047924075143787115
96 0.0004985185111277203
97 0.0000602039675312256
103 0.00017082267940358932
125 0.00019006896079713502
133 0.0006495089459653231
144 0.0008345349136056791
153 0.00045905907976567014
168 0.00004914275771090647
180 0.0005052002574614732
214 0.0022295102154408384
252 0.0004236634738825287
276 0.0007394879986854364
300 0.0019670494662884807
463 0.0012150349349200735
483 0.0007601062605041926
555 0.0006871708547968443
654 0.00038729823387417876
742 0.0036622997864583203
1180 0.008169840741137135
1758 0.0010215305713900601
2336 0.0057928910801479236
3198 0.0008688663374890013
3199 0.002718133609924956
3200 0.001907951143410522
3201 0.0011370166061384682
3202 0.0011370166061384682
3203 0.0011370166061384682