0 0.00020721031418032774
5 0.0001350647307564619
6 0.00009064908770164895
10 0.00003138998729041841
14 0.00026456709550368824
15 0.00011067438687857875
20 0.00014256349717722765
26 0.000009180257170353432
27 0.000013301102101113839
28 0.000014329171044437778
29 0.000016009284857852372
30 0.00008005552081252168
31 0.000016570580131739694
32 0.00007233139003294505
34 0.00005968492932446962
41 0.00018725926302105958
43 0.0001247963410453852
44 0.00015086301495667102
45 0.00000876923174820536
47 0.0002708891434150717
48 0.00028258006022830796
50 0.00004529586521301164
52 0.0025973377015016063
53 0.0014571808187348043
54 0.000160544392965215
59 0.000012924366889422343
60 0.000006462183444711172
74 0.0001314382268441069
91 0.00023463399997311992
95 0.00047924075143787115
96 0.00042730158096661747
97 0.0001204079350624512
98 0.0005977793231091805
103 0.00008541133970179466
123 0.0005818342485617932
138 0.0005999643949339585
139 0.0001247963410453852
142 0.0013562978036669984
144 0.0012518023704085185
195 0.00021509233277500263
255 0.0011956863880594679
265 0.00024220853747341272
297 0.0008987801682765725
298 0.0009982446762925661
299 0.0006419639687078222
308 0.0005309542669637955
311 0.0006759690517981823
327 0.00047869542676802046
328 0.0003260311928669616
357 0.0007375005660187797
362 0.001199928789867917
380 0.0009510435709733304
456 0.00040485246840563934
512 0.00044672424919219483
654 0.00038729823387417876
663 0.0006973202833102012
686 0.0017110178049221578
687 0.0005065284965219635
688 0.000953975571705261
689 0.001907951143410522
690 0.0007230035022084448
691 0.00038363630339787504
692 0.000953975571705261
693 0.0011370166061384682
694 0.0011370166061384682
695 0.0011370166061384682
696 0.0011370166061384682