0 0.00010360515709016387
5 0.0001350647307564619
6 0.00009064908770164895
10 0.00003138998729041841
15 0.00016601158031786812
24 0.0002549984919897665
25 0.00004914275771090647
26 0.000009180257170353432
27 0.00001995165315167076
28 0.000014329171044437778
29 0.000016009284857852372
30 0.00008005552081252168
31 0.000016570580131739694
32 0.0001446627800658901
34 0.00005968492932446962
42 0.00029780424319051263
43 0.0001247963410453852
44 0.00015086301495667102
45 0.000005846154498803574
50 0.00009059173042602328
51 0.0010448164664875542
52 0.0007083648276822562
53 0.0014571808187348043
54 0.00032108878593043
59 0.000006462183444711172
60 0.000012924366889422343
67 0.0003493811814946261
74 0.0001314382268441069
90 0.0003600357507382571
95 0.0006161666804201201
96 0.0006409523714499261
97 0.0001204079350624512
100 0.00014427673725646523
111 0.0004724074680904385
117 0.0007709144163699553
121 0.0002131283281512035
122 0.00030783737547859243
138 0.00029998219746697925
142 0.000904198535777999
158 0.0011296361938896618
160 0.00043897349683716435
166 0.0004605016093796513
167 0.0003185136261757804
168 0.00004914275771090647
174 0.0004111404270832213
185 0.00023389514674621796
195 0.00043018466555000526
214 0.0009908934290848172
255 0.002630510053730829
259 0.0003407614423411458
300 0.00030262299481361246
301 0.0005035547120964008
302 0.0007672726067957501
309 0.001053252923663259
314 0.0006464403017122036
342 0.0004885960299787504
351 0.002621794010094583
429 0.0009510435709733304
529 0.00044939008413828627
538 0.00037310999523034225
716 0.00045485323355897795
743 0.0003800531302520963
767 0.00040692219849536895
930 0.001694628356660083
979 0.0009060445366416521
984 0.0007533803027405932
1451 0.0006146083728946911
3204 0.0034110498184154047
3205 0.0008688663374890013
3206 0.002718133609924956
3207 0.0011370166061384682