5 0.0001350647307564619
6 0.00009064908770164895
8 0.0006907477305171405
10 0.00007324330367764296
13 0.0003124981305672972
15 0.00033202316063573624
26 0.000013770385755530148
27 0.00003990330630334152
28 0.000028658342088875557
29 0.000032018569715704745
30 0.00016011104162504336
31 0.000049711740395219085
32 0.0001446627800658901
34 0.00005968492932446962
36 0.00017439542599474
41 0.0005617777890631787
42 0.0008934127295715378
43 0.0002495926820907704
44 0.000452589044870013
45 0.00000876923174820536
47 0.0002708891434150717
49 0.0002231883932943071
50 0.00018118346085204656
52 0.0004722432184548375
54 0.000160544392965215
59 0.000006462183444711172
60 0.000012924366889422343
74 0.0002628764536882138
92 0.00036481917391093806
93 0.0002302492435057135
95 0.0005477037159289957
96 0.0007121693016110291
97 0.0000602039675312256
100 0.00014427673725646523
103 0.00008541133970179466
108 0.0002542579645943101
110 0.0003600357507382571
119 0.000617940554752646
125 0.00019006896079713502
130 0.00036808616347914477
132 0.0003870087270600267
139 0.00037438902313615557
144 0.0008345349136056791
153 0.00045905907976567014
156 0.0007709345372720537
159 0.0011269415596693957
164 0.0006624764288875735
167 0.0006370272523515608
168 0.00009828551542181294
171 0.0004176750344063272
195 0.00021509233277500263
200 0.0019831502556612443
213 0.00036481917391093806
224 0.0005182941691667408
225 0.0005353974937352319
259 0.0003407614423411458
268 0.0007709345372720537
342 0.0004885960299787504
360 0.0005309542669637955
372 0.0003553858360236491
430 0.0006651316003801349
434 0.00032731777168967243
464 0.0005648761188866944
519 0.0004221783120451008
542 0.013575246335956274
613 0.0004176750344063272
671 0.0003910424617735554
743 0.0003800531302520963
767 0.0008138443969907379
774 0.0005941814615164285
916 0.0012928806034244072
1029 0.0008128063180586093
1181 0.0036863852328214053
1411 0.0037669015137029665
1451 0.0006146083728946911
1626 0.000953975571705261
1668 0.011778578976341476
1767 0.0007096674962648366
1816 0.0033539581478274115
1963 0.0006973202833102012
2003 0.016322352414091242
2239 0.0007709345372720537
2313 0.002789281133240805
2347 0.006082064362423009
2356 0.0014750011320375594
2787 0.009251214447264644
3208 0.0020430611427801203
3209 0.0011370166061384682
3210 0.007959116242969277
3211 0.00306459171417018
3212 0.0009060445366416521
3213 0.0011370166061384682