6 0.0001812981754032979
10 0.00007324330367764296
12 0.0036875028300938986
15 0.0002213487737571575
20 0.00014256349717722765
22 0.0011191728647928555
26 0.000009180257170353432
27 0.00004655385735389843
28 0.000014329171044437778
29 0.000016009284857852372
30 0.00016011104162504336
31 0.00003314116026347939
32 0.0001446627800658901
36 0.00209274511193688
42 0.0005956084863810253
43 0.0001247963410453852
44 0.00015086301495667102
45 0.00000876923174820536
48 0.00014129003011415398
49 0.0002231883932943071
50 0.0002264793260650582
59 0.000012924366889422343
60 0.000012924366889422343
67 0.004541955359430139
68 0.005639313881856658
69 0.01811648878469395
74 0.0002628764536882138
75 0.006797788762125272
80 0.0006787343976211396
81 0.001335616197559513
93 0.000460498487011427
95 0.00041077778694674673
96 0.00042730158096661747
97 0.0000602039675312256
100 0.0004328302117693956
110 0.0003600357507382571
111 0.003306852276633069
123 0.0017455027456853792
129 0.017479076319346226
134 0.0004048323475035409
140 0.0002005952689646678
159 0.001831280034462768
160 0.0021948674841858217
164 0.0006624764288875735
165 0.00046935029736931276
168 0.00009828551542181294
175 0.0005706050921981149
180 0.0002526001287307366
185 0.0004677902934924359
186 0.0008138443969907379
195 0.00021509233277500263
198 0.0025857612068488143
252 0.0010591586847063217
255 0.00047827455522378713
262 0.0017322905212261211
351 0.00458813951766552
367 0.0005759876441280593
368 0.0010989713913451932
369 0.0022178381263422897
370 0.00506613974454121
371 0.000790558501893244
456 0.0020242623420281968
458 0.0011455052533604615
459 0.000570339268307386
517 0.0004724074680904385
525 0.003110072656351858
529 0.00044939008413828627
530 0.0002736737953600468
538 0.00037310999523034225
574 0.0006750724671448359
618 0.003908768239830003
681 0.002281357073229544
691 0.0007672726067957501
743 0.0003800531302520963
797 0.0004755217854866652
816 0.0004852300340911263
842 0.000570339268307386
1283 0.0005266264618316295
1314 0.0005446560494091424
1426 0.0023716755056797318
1456 0.0007709345372720537
1640 0.000953975571705261
1689 0.008585780145347348
1761 0.0010215305713900601
1866 0.0008384895369568529
3214 0.00306459171417018
3215 0.01250718266752315
3216 0.0011370166061384682
3217 0.0022740332122769364
3218 0.000953975571705261
3219 0.0034110498184154047
3220 0.0008384895369568529
3221 0.0011370166061384682
3222 0.0011370166061384682