0 0.00010360515709016387
6 0.0002492849911795346
10 0.000020926658193612276
15 0.000055337193439289376
24 0.000509996983979533
25 0.00009828551542181294
26 0.000013770385755530148
27 0.00003990330630334152
28 0.000028658342088875557
29 0.000021345713143803165
30 0.0003202220832500867
31 0.000027617633552899494
32 0.00021699417009883517
36 0.00017439542599474
42 0.00029780424319051263
43 0.0001247963410453852
44 0.00015086301495667102
45 0.000014615386247008935
48 0.00028258006022830796
49 0.0002231883932943071
50 0.0001358875956390349
52 0.00023612160922741876
54 0.0008027219648260749
57 0.0007206734303456206
59 0.000006462183444711172
60 0.000012924366889422343
72 0.0007394879986854364
74 0.0001314382268441069
95 0.0008215555738934935
96 0.000783386231772132
97 0.0001204079350624512
100 0.00014427673725646523
103 0.000256234019105384
108 0.0002542579645943101
122 0.00030783737547859243
124 0.00045619878530002813
134 0.0004048323475035409
136 0.00029565439233481325
142 0.0004520992678889995
159 0.0015495446445454191
168 0.00004914275771090647
195 0.00021509233277500263
200 0.0002833071793801778
235 0.000489099431979698
265 0.00048441707494682545
293 0.0005065284965219635
303 0.0040901796360814134
304 0.004975401704331087
306 0.005271635571485088
325 0.00043897349683716435
372 0.0003553858360236491
398 0.0003632093920196124
417 0.0003600357507382571
429 0.0009510435709733304
434 0.00032731777168967243
435 0.0013323011929440589
442 0.00036481917391093806
482 0.00443088947860166
488 0.0005648761188866944
585 0.0003987932141285859
623 0.0004605016093796513
712 0.0012928806034244072
848 0.0005446560494091424
867 0.0015083528058677605
897 0.0005494856956725966
898 0.0005027842686225869
900 0.0005266264618316295
901 0.0005759876441280593
902 0.0005544595315855724
903 0.0005818342485617932
904 0.0006007160688395344
905 0.0005878935028388465
906 0.000570339268307386
907 0.0005878935028388465
908 0.0005818342485617932
909 0.0005941814615164285
910 0.000570339268307386
911 0.0005759876441280593
912 0.0009573908535360409
1044 0.001694628356660083
1062 0.0005648761188866944
1063 0.0007375005660187797
1068 0.0005103588061228796
1142 0.00040280813441833274
1192 0.0011297522377733888
1242 0.0005648761188866944
1269 0.0006007160688395344
1559 0.0006075174674600367
1577 0.000685825303055794
1596 0.003110072656351858
1799 0.0007709345372720537
2735 0.0007375005660187797
3129 0.0010215305713900601
3223 0.0011370166061384682
3224 0.002861926715115783
3225 0.0011370166061384682
3226 0.0011370166061384682
3227 0.0011370166061384682
3228 0.0008688663374890013