6 0.00009064908770164895
10 0.00004185331638722455
15 0.000055337193439289376
18 0.0006345860527207468
20 0.0002851269943544553
21 0.0006220145312703716
23 0.0001917778078759736
26 0.000009180257170353432
27 0.00001995165315167076
28 0.000019105561392583703
29 0.000010672856571901583
30 0.00008005552081252168
31 0.000022094106842319594
32 0.0001446627800658901
34 0.00005968492932446962
45 0.000014615386247008935
48 0.0004238700903424619
49 0.0002231883932943071
50 0.00004529586521301164
59 0.000006462183444711172
60 0.000012924366889422343
66 0.001259530567250804
67 0.0010481435444838782
68 0.00040280813441833274
69 0.0034691148736647986
75 0.0006179807965568429
77 0.001316920490511493
78 0.0005309542669637955
80 0.0003393671988105698
81 0.00033390404938987825
95 0.00027385185796449787
96 0.00028486772064441167
103 0.000256234019105384
111 0.0004724074680904385
119 0.0001544851386881615
132 0.00019350436353001335
139 0.0001247963410453852
144 0.0008345349136056791
148 0.0007897455427489431
159 0.00014086769495867446
163 0.00029998219746697925
164 0.00033123821444378676
252 0.00021183173694126436
262 0.0003464581042452242
366 0.007115026517039195
367 0.0017279629323841779
368 0.0005494856956725966
369 0.0005544595315855724
370 0.0004221783120451008
373 0.017366019713631022
449 0.00213403348300714
454 0.00038363630339787504
458 0.0003818350844534872
512 0.00044672424919219483
525 0.0006220145312703716
529 0.00044939008413828627
538 0.00037310999523034225
540 0.007343389545527027
550 0.00040280813441833274
572 0.0010448164664875542
916 0.0012928806034244072
1314 0.0005446560494091424
2712 0.0017377326749780026
3214 0.0010215305713900601
3235 0.0022740332122769364
3236 0.0011370166061384682
3237 0.008154400829774868
3238 0.0011370166061384682
3239 0.0011370166061384682