0 0.00010360515709016387
5 0.0002701294615129238
6 0.00015863590347788565
10 0.00003138998729041841
14 0.00026456709550368824
15 0.00011067438687857875
17 0.00024376566216822076
25 0.00009828551542181294
26 0.000027540771511060296
27 0.0000066505510505569195
28 0.000014329171044437778
29 0.000010672856571901583
31 0.000016570580131739694
41 0.00018725926302105958
45 0.00001753846349641072
52 0.0025973377015016063
55 0.0013562978036669984
59 0.000006462183444711172
60 0.000032310917223555856
72 0.0007394879986854364
87 0.0011042584904374343
90 0.0007200715014765141
97 0.0001204079350624512
98 0.0008966689846637708
119 0.0001544851386881615
124 0.00022809939265001406
133 0.0009742634189479845
136 0.00029565439233481325
140 0.0002005952689646678
143 0.0002681502686494669
161 0.0009704623862662688
162 0.0003800531302520963
180 0.0002526001287307366
214 0.0009908934290848172
276 0.0007394879986854364
297 0.0008987801682765725
298 0.0009982446762925661
299 0.0006419639687078222
307 0.0003818350844534872
479 0.000629765283625402
544 0.0005353974937352319
555 0.00034358542739842214
654 0.00038729823387417876
679 0.000685825303055794
833 0.001013056993043927
923 0.000570339268307386
1124 0.0014460070044168896
1576 0.00226014090822178
1875 0.0007533803027405932
1922 0.0012928806034244072
1925 0.0012440290625407432
2336 0.002106505847326518
3198 0.0008688663374890013
3240 0.0010215305713900601
3241 0.0011370166061384682
3242 0.0011370166061384682
3243 0.0010215305713900601
3244 0.0011370166061384682
3245 0.0011370166061384682
3246 0.0011370166061384682
3247 0.0011370166061384682
3248 0.0011370166061384682
3249 0.0011370166061384682
3250 0.0011370166061384682