10 0.000020926658193612276
14 0.00026456709550368824
15 0.0002213487737571575
20 0.00014256349717722765
25 0.00004914275771090647
26 0.000018360514340706863
27 0.000026602204202227678
28 0.000019105561392583703
29 0.000010672856571901583
30 0.00016011104162504336
31 0.000016570580131739694
34 0.00011936985864893924
36 0.00017439542599474
45 0.000011692308997607148
50 0.00004529586521301164
59 0.000025848733778844687
60 0.000038773100668267026
72 0.0003697439993427182
74 0.0001314382268441069
97 0.00018061190259367678
100 0.00014427673725646523
108 0.0002542579645943101
122 0.0009235121264357772
136 0.00029565439233481325
142 0.0004520992678889995
144 0.00041726745680283956
168 0.00004914275771090647
186 0.0016276887939814758
217 0.001791049312497294
223 0.0002526001287307366
252 0.0014828221585888503
262 0.0010393743127356727
304 0.0014215433440945965
306 0.003388908581668985
331 0.0006273679598246524
362 0.0008999465924009378
370 0.0004221783120451008
639 0.00045485323355897795
1412 0.0005648761188866944
1476 0.0006146083728946911