6 0.00009064908770164895
10 0.00005231664548403069
14 0.00026456709550368824
15 0.0002766859671964469
25 0.00004914275771090647
26 0.000009180257170353432
27 0.00001995165315167076
28 0.000014329171044437778
29 0.000016009284857852372
30 0.00016011104162504336
31 0.000022094106842319594
32 0.0001446627800658901
34 0.00005968492932446962
45 0.000005846154498803574
50 0.00009059173042602328
59 0.000019386550334133513
60 0.000012924366889422343
70 0.0024384189541758277
76 0.00047524524109474617
87 0.00036808616347914477
91 0.00046926799994623984
93 0.000460498487011427
95 0.00047924075143787115
96 0.0004985185111277203
100 0.00014427673725646523
110 0.0007200715014765141
114 0.0005941814615164285
119 0.000308970277376323
122 0.0009235121264357772
124 0.0013685963559000845
125 0.000570206882391405
137 0.000570339268307386
139 0.0001247963410453852
140 0.0002005952689646678
153 0.00022952953988283507
159 0.00014086769495867446
163 0.00029998219746697925
165 0.0009387005947386255
167 0.0006370272523515608
168 0.00004914275771090647
203 0.0003136839799123262
211 0.0005446560494091424
286 0.0006973202833102012
314 0.0019393209051366106
339 0.0005103588061228796
351 0.007209933527760103
442 0.00036481917391093806
475 0.0002526001287307366
717 0.002312803611816161
747 0.003854672686360269
752 0.002659886921684019
808 0.000570339268307386
1108 0.0006554485025236457
1513 0.0019136828039765554
1888 0.0024384189541758277
2901 0.000953975571705261
3252 0.0011370166061384682
3253 0.0016769790739137058
3254 0.004769877858526305
3255 0.0010215305713900601
3256 0.009096132849107746
3257 0.0011370166061384682
3258 0.0011370166061384682
3259 0.0010215305713900601