0 0.00010360515709016387
5 0.0004051941922693857
6 0.00011331135962706119
10 0.000020926658193612276
14 0.00026456709550368824
15 0.00011067438687857875
18 0.0003172930263603734
20 0.00014256349717722765
25 0.00004914275771090647
26 0.000009180257170353432
27 0.000026602204202227678
28 0.000014329171044437778
29 0.000016009284857852372
30 0.00016011104162504336
31 0.000016570580131739694
32 0.0001446627800658901
33 0.0038041742838933216
34 0.00011936985864893924
42 0.0005956084863810253
43 0.0001247963410453852
44 0.00030172602991334203
45 0.000005846154498803574
47 0.0002708891434150717
50 0.00009059173042602328
52 0.0023612160922741876
53 0.0011657446549878435
54 0.00032108878593043
57 0.00018016835758640515
59 0.000019386550334133513
60 0.000006462183444711172
97 0.0000602039675312256
98 0.0014944483077729512
121 0.000426256656302407
140 0.0014041668827526744
142 0.001808397071555998
144 0.0008345349136056791
161 0.00032348746208875627
167 0.0003185136261757804
168 0.00009828551542181294
169 0.0002663490497050791
172 0.00023913727761189357
195 0.00043018466555000526
203 0.0006273679598246524
252 0.000635495210823793
297 0.001797560336553145
298 0.0019964893525851323
299 0.0022468738904773775
300 0.0010591804818476434
301 0.0012588867802410019
308 0.0005309542669637955
316 0.0015418690745441074
328 0.0003260311928669616
331 0.0003136839799123262
380 0.0004755217854866652
416 0.0003493811814946261
446 0.0004176750344063272
455 0.000466348213813385
470 0.00044672424919219483
519 0.0004221783120451008
585 0.0007975864282571718
601 0.0004176750344063272
686 0.0028516963415369297
687 0.0005065284965219635
786 0.000570339268307386
855 0.0006649717304210047
856 0.0006750724671448359
957 0.0009060445366416521
1132 0.0008882007952960393
1868 0.0006075174674600367
1895 0.000953975571705261
2312 0.0006750724671448359
2763 0.001581117003786488
3260 0.004769877858526305
3261 0.006822099636830809
3262 0.0011370166061384682
3263 0.0011370166061384682
3264 0.0011370166061384682