0 0.00010360515709016387
7 0.0003538642626209047
10 0.00004185331638722455
14 0.00026456709550368824
25 0.00009828551542181294
26 0.000009180257170353432
27 0.00004655385735389843
28 0.00003821112278516741
29 0.000021345713143803165
30 0.00016011104162504336
31 0.00004418821368463919
32 0.0001446627800658901
33 0.002377608927433326
34 0.0005371643639202266
36 0.00034879085198948
41 0.00037451852604211916
42 0.00029780424319051263
44 0.00015086301495667102
45 0.000005846154498803574
50 0.00009059173042602328
59 0.000012924366889422343
60 0.000012924366889422343
76 0.00023762262054737309
78 0.004778588402674159
89 0.00033798452589909114
93 0.000460498487011427
103 0.00008541133970179466
109 0.006109361351255795
138 0.0005999643949339585
139 0.0001247963410453852
143 0.0002681502686494669
144 0.0012518023704085185
146 0.00036481917391093806
167 0.0003185136261757804
168 0.00004914275771090647
172 0.00047827455522378713
195 0.00043018466555000526
198 0.0019393209051366106
252 0.0004236634738825287
262 0.0006929162084904484
268 0.0007709345372720537
326 0.0010799249355504753
384 0.0023934771338401024
538 0.00037310999523034225
594 0.0011636684971235863
613 0.0004176750344063272
775 0.0014592766956437523
782 0.003110072656351858
853 0.0005494856956725966
1058 0.004258004977589019
1075 0.0013299434608420094
1191 0.004192447684784265
1194 0.0007230035022084448
1491 0.0006649717304210047
1492 0.0008688663374890013
1495 0.0006464403017122036
1785 0.0005648761188866944
2163 0.0020430611427801203
2217 0.0016769790739137058
2327 0.0006464403017122036
3155 0.0007533803027405932
3265 0.0020430611427801203
3266 0.0008688663374890013
3267 0.004548066424553873
3268 0.0011370166061384682
3269 0.0011370166061384682
3270 0.0011370166061384682