5 0.0004051941922693857
6 0.00009064908770164895
10 0.00003138998729041841
25 0.00009828551542181294
26 0.000009180257170353432
27 0.00001995165315167076
28 0.000009552780696291852
29 0.000010672856571901583
30 0.00008005552081252168
31 0.000016570580131739694
32 0.00021699417009883517
36 0.00017439542599474
45 0.000002923077249401787
46 0.00032731777168967243
47 0.0005417782868301434
48 0.00014129003011415398
49 0.0002231883932943071
50 0.00004529586521301164
52 0.00023612160922741876
53 0.0014571808187348043
54 0.000160544392965215
55 0.000904198535777999
57 0.00018016835758640515
59 0.000025848733778844687
60 0.000012924366889422343
76 0.0009504904821894923
82 0.0004991223381462831
95 0.00047924075143787115
96 0.0005697354412888233
97 0.0000602039675312256
98 0.00029888966155459023
99 0.0007230035022084448
100 0.00014427673725646523
103 0.000256234019105384
121 0.000426256656302407
124 0.00022809939265001406
125 0.0007602758431885401
132 0.00174153927177012
137 0.000570339268307386
139 0.0001247963410453852
153 0.00022952953988283507
163 0.00029998219746697925
175 0.00028530254609905744
217 0.001791049312497294
223 0.0002526001287307366
247 0.0009446349901261551
300 0.002572295455915706
359 0.0007375005660187797
416 0.0003493811814946261
417 0.0007200715014765141
430 0.00033256580019006747
446 0.0004176750344063272
462 0.0005941814615164285
494 0.0007709345372720537
540 0.0005648761188866944
574 0.0006750724671448359
718 0.0017279629323841779
727 0.0010989713913451932
816 0.0004852300340911263
840 0.0005027842686225869
849 0.000685825303055794
945 0.0006750724671448359
1099 0.0006146083728946911
1154 0.0006973202833102012
1252 0.0017110178049221578
1282 0.0011089190631711448
1300 0.0008688663374890013
1994 0.0006075174674600367
3271 0.0010215305713900601
3272 0.0010215305713900601
3273 0.0011370166061384682
3274 0.0011370166061384682
3275 0.0022740332122769364
3276 0.0011370166061384682
3277 0.0011370166061384682