0 0.00010360515709016387
6 0.0001359736315524734
10 0.000010463329096806138
14 0.00026456709550368824
15 0.00011067438687857875
24 0.000509996983979533
25 0.0002457137885545324
26 0.000013770385755530148
27 0.000026602204202227678
28 0.000019105561392583703
29 0.000021345713143803165
31 0.00004418821368463919
32 0.0002893255601317802
34 0.00023873971729787848
36 0.00052318627798422
45 0.00000876923174820536
50 0.00009059173042602328
54 0.000160544392965215
57 0.0005405050727592154
59 0.000019386550334133513
60 0.000025848733778844687
74 0.0001314382268441069
93 0.0002302492435057135
100 0.00014427673725646523
103 0.00008541133970179466
143 0.0002681502686494669
144 0.0006259011852042593
159 0.00014086769495867446
164 0.00033123821444378676
168 0.00004914275771090647
172 0.00023913727761189357
175 0.00028530254609905744
185 0.00023389514674621796
186 0.0008138443969907379
217 0.00022388116406216174
223 0.0005052002574614732
252 0.0004236634738825287
256 0.001053252923663259
262 0.0006929162084904484
303 0.002454107781648848
304 0.0010661575080709474
306 0.004518544775558647
328 0.0003260311928669616
362 0.00029998219746697925
370 0.0004221783120451008
371 0.000790558501893244
372 0.0003553858360236491
414 0.0006075174674600367
482 0.001611232537673331
488 0.0005648761188866944
566 0.0016256126361172186
1181 0.0005266264618316295
3278 0.0011370166061384682
3279 0.0011370166061384682
3280 0.0010215305713900601
3281 0.0011370166061384682
3282 0.0011370166061384682
3283 0.0034110498184154047