2 0.0003632093920196124
3 0.00044939008413828627
6 0.00011331135962706119
10 0.00010463329096806138
13 0.0009374943917018915
15 0.0002213487737571575
24 0.0006374962299744162
25 0.00004914275771090647
26 0.000036721028681413726
27 0.00001995165315167076
28 0.00003343473243702148
29 0.000032018569715704745
31 0.000011047053421159797
32 0.00021699417009883517
34 0.00017905478797340885
36 0.00034879085198948
37 0.0003987932141285859
38 0.0004576534865273853
41 0.00018725926302105958
43 0.0001247963410453852
45 0.000005846154498803574
47 0.0002708891434150717
48 0.00014129003011415398
49 0.0002231883932943071
50 0.00004529586521301164
52 0.00023612160922741876
57 0.00018016835758640515
59 0.000006462183444711172
60 0.000012924366889422343
72 0.0003697439993427182
74 0.0001314382268441069
75 0.0009269711948352643
84 0.0005494856956725966
91 0.00046926799994623984
93 0.0002302492435057135
95 0.0005477037159289957
96 0.0004985185111277203
100 0.00014427673725646523
103 0.00034164535880717864
124 0.00022809939265001406
129 0.006613704553266138
130 0.00036808616347914477
134 0.00020241617375177045
140 0.0004011905379293356
144 0.0006259011852042593
145 0.0009982446762925661
146 0.00036481917391093806
148 0.00039487277137447156
159 0.00014086769495867446
163 0.00029998219746697925
168 0.00004914275771090647
171 0.0004176750344063272
175 0.00028530254609905744
185 0.0007016854402386539
200 0.0002833071793801778
202 0.00030783737547859243
211 0.0005446560494091424
214 0.0002477233572712043
215 0.0005446560494091424
220 0.0005399624677752377
223 0.0002526001287307366
235 0.000244549715989849
268 0.0007709345372720537
269 0.0007230035022084448
271 0.0008830344552307394
305 0.0005648761188866944
343 0.0004339996609241885
361 0.0004605016093796513
416 0.0003493811814946261
430 0.00033256580019006747
434 0.0006546355433793449
442 0.00036481917391093806
446 0.0004176750344063272
458 0.0003818350844534872
475 0.0002526001287307366
483 0.0003800531302520963
496 0.0003493811814946261
497 0.00044672424919219483
512 0.00044672424919219483
610 0.0005759876441280593
613 0.0004176750344063272
656 0.008128063180586093
670 0.0005941814615164285
683 0.0008688663374890013
684 0.000953975571705261
685 0.000953975571705261
691 0.00038363630339787504
711 0.01012608700717254
775 0.00036481917391093806
799 0.0003782900330627366
806 0.0012207665954861067
808 0.000570339268307386
811 0.000685825303055794
985 0.0043973642698087526
1103 0.0009387005947386255
1142 0.0008056162688366655
1242 0.0005648761188866944
1243 0.001175787005677693
1273 0.0006973202833102012
1412 0.0005648761188866944
1641 0.005436267219849912
1734 0.0006378942679921852
1771 0.000953975571705261
1788 0.008585780145347348
1800 0.0017377326749780026
1824 0.0016769790739137058
1860 0.000790558501893244
1973 0.0007375005660187797
2052 0.0013299434608420094
2570 0.002238345729585711
3284 0.000953975571705261
3285 0.0009060445366416521
3286 0.000953975571705261