2 0.0003632093920196124
3 0.00044939008413828627
6 0.00011331135962706119
10 0.00007324330367764296
15 0.0002766859671964469
17 0.00024376566216822076
24 0.0003824977379846497
25 0.00009828551542181294
26 0.00002295064292588358
27 0.00001995165315167076
28 0.00003343473243702148
29 0.000032018569715704745
31 0.000011047053421159797
32 0.00021699417009883517
34 0.00017905478797340885
36 0.00034879085198948
37 0.0003987932141285859
38 0.0004576534865273853
41 0.00018725926302105958
43 0.0001247963410453852
45 0.000005846154498803574
46 0.0013092710867586897
48 0.00028258006022830796
49 0.0002231883932943071
52 0.0004722432184548375
57 0.00018016835758640515
59 0.000012924366889422343
60 0.000012924366889422343
64 0.0005941814615164285
65 0.000466348213813385
72 0.0003697439993427182
74 0.0003943146805323207
75 0.0012359615931136858
87 0.00036808616347914477
93 0.0002302492435057135
95 0.0006161666804201201
96 0.0006409523714499261
103 0.00017082267940358932
121 0.0002131283281512035
124 0.00022809939265001406
129 0.006613704553266138
134 0.00020241617375177045
136 0.00029565439233481325
140 0.0004011905379293356
143 0.0002681502686494669
144 0.0006259011852042593
145 0.001497367014438849
147 0.0007709345372720537
148 0.00039487277137447156
159 0.0002817353899173489
163 0.0008999465924009378
168 0.00004914275771090647
185 0.0009355805869848718
191 0.0006973202833102012
200 0.0002833071793801778
202 0.00030783737547859243
214 0.0004954467145424086
215 0.0005446560494091424
220 0.0005399624677752377
235 0.000244549715989849
268 0.0007709345372720537
269 0.0007230035022084448
271 0.0008830344552307394
299 0.0003209819843539111
305 0.0005648761188866944
312 0.0004885960299787504
343 0.0004339996609241885
361 0.0004605016093796513
391 0.0004605016093796513
393 0.0009638613919755949
395 0.0006378942679921852
416 0.0003493811814946261
430 0.00033256580019006747
434 0.0006546355433793449
448 0.0006464403017122036
458 0.0003818350844534872
483 0.0003800531302520963
496 0.0003493811814946261
497 0.00044672424919219483
512 0.00044672424919219483
613 0.0004176750344063272
644 0.0005399624677752377
645 0.0005353974937352319
656 0.00975367581670331
670 0.0005941814615164285
683 0.0008688663374890013
684 0.000953975571705261
685 0.000953975571705261
711 0.01147623194146221
712 0.0006464403017122036
775 0.00036481917391093806
799 0.0011348700991882098
806 0.0020346109924768447
808 0.000570339268307386
811 0.000685825303055794
893 0.0006554485025236457
985 0.003420172209851252
1091 0.0008688663374890013
1142 0.0012084244032549982
1242 0.0005648761188866944
1273 0.0006973202833102012
1412 0.0005648761188866944
1641 0.002718133609924956
1734 0.0012757885359843703
1771 0.000953975571705261
1788 0.008585780145347348
1800 0.0008688663374890013
1824 0.0016769790739137058
1973 0.0007375005660187797
2570 0.002238345729585711
2754 0.0018120890732833041
3272 0.0010215305713900601
3284 0.000953975571705261
3287 0.0011370166061384682