0 0.000828841256721311
1 0.0010989713913451932
2 0.0003632093920196124
3 0.00044939008413828627
4 0.0004007885808474655
5 0.0002701294615129238
6 0.0002719472631049468
7 0.0035386426262090467
9 0.004228277511624296
10 0.00007324330367764296
11 0.004441003976480197
13 0.0012499925222691887
18 0.0003172930263603734
24 0.00012749924599488326
25 0.00019657103084362587
26 0.00003213090009623701
27 0.00001995165315167076
28 0.00002388195174072963
29 0.00002668214142975396
31 0.00003314116026347939
32 0.0001446627800658901
36 0.00034879085198948
38 0.0018306139461095412
43 0.00037438902313615557
44 0.00015086301495667102
45 0.000011692308997607148
47 0.0005417782868301434
48 0.0005651601204566159
50 0.00009059173042602328
57 0.0007206734303456206
59 0.000045235284112978196
60 0.000012924366889422343
74 0.0002628764536882138
76 0.00023762262054737309
92 0.00036481917391093806
95 0.00027385185796449787
96 0.00021365079048330874
97 0.0000602039675312256
100 0.00014427673725646523
103 0.00008541133970179466
121 0.000426256656302407
124 0.0011404969632500704
132 0.00019350436353001335
139 0.0001247963410453852
140 0.0004011905379293356
151 0.0003393671988105698
161 0.0006469749241775125
168 0.00004914275771090647
172 0.00023913727761189357
215 0.0005446560494091424
217 0.0011194058203108088
219 0.0003616150149759352
259 0.0010222843270234372
265 0.00024220853747341272
267 0.0005494856956725966
273 0.0003697439993427182
301 0.000755332068144601
303 0.002454107781648848
311 0.00033798452589909114
343 0.00564199559201445
389 0.00045485323355897795
391 0.0009210032187593025
434 0.00032731777168967243
436 0.0006146083728946911
454 0.0015345452135915002
456 0.00040485246840563934
482 0.003222465075346662
488 0.0005648761188866944
489 0.0006146083728946911
496 0.0003493811814946261
524 0.0006220145312703716
554 0.0003600357507382571
559 0.0008688663374890013
577 0.011635925430819663
586 0.0005759876441280593
587 0.0007096674962648366
589 0.0011455052533604615
624 0.0014457920879633922
636 0.0007533803027405932
703 0.0024956116907314152
704 0.0008688663374890013
742 0.00040692219849536895
743 0.0003800531302520963
745 0.000953975571705261
775 0.0007296383478218761
833 0.001013056993043927
1036 0.0013019989827725655
1038 0.0005103588061228796
1039 0.0007533803027405932
1180 0.00708052864231885
1181 0.0015798793854948881
1264 0.003037587337300184
1268 0.0008128063180586093
1325 0.0005544595315855724
1566 0.0006007160688395344
1572 0.004192447684784265
1890 0.0007230035022084448
3288 0.0008384895369568529
3289 0.0011370166061384682
3290 0.0022740332122769364
3291 0.0011370166061384682