0 0.0003108154712704916
5 0.0001350647307564619
6 0.0002946095350303591
10 0.00005231664548403069
13 0.0006249962611345944
15 0.000055337193439289376
17 0.0007312969865046622
20 0.00014256349717722765
24 0.000509996983979533
25 0.00014742827313271942
26 0.000018360514340706863
27 0.000026602204202227678
28 0.000028658342088875557
29 0.000021345713143803165
31 0.000022094106842319594
32 0.00021699417009883517
34 0.00011936985864893924
43 0.0001247963410453852
44 0.00015086301495667102
45 0.000005846154498803574
48 0.0004238700903424619
49 0.0002231883932943071
50 0.0001358875956390349
54 0.00064217757186086
59 0.000025848733778844687
60 0.000012924366889422343
72 0.0003697439993427182
74 0.0001314382268441069
76 0.00023762262054737309
80 0.0023755703916739884
81 0.0023373283457291476
91 0.0014078039998387194
93 0.000460498487011427
95 0.0006846296449112446
96 0.0005697354412888233
100 0.00028855347451293045
103 0.00008541133970179466
108 0.0010170318583772404
124 0.002965292104450183
139 0.00037438902313615557
140 0.0002005952689646678
153 0.00022952953988283507
159 0.0002817353899173489
161 0.00032348746208875627
163 0.00029998219746697925
168 0.00009828551542181294
175 0.00028530254609905744
188 0.006737824199167629
190 0.0021979427826903865
215 0.0005446560494091424
217 0.001791049312497294
223 0.002526001287307366
235 0.000244549715989849
251 0.0006133845545933855
300 0.002723606953322512
303 0.0069533053813384035
327 0.00047869542676802046
328 0.0003260311928669616
331 0.0012547359196493047
359 0.0007375005660187797
391 0.0013815048281389537
398 0.0003632093920196124
416 0.0003493811814946261
434 0.00032731777168967243
438 0.0007096674962648366
454 0.001150908910193625
482 0.0012084244032549982
488 0.0005648761188866944
496 0.0006987623629892522
554 0.0003600357507382571
575 0.00047869542676802046
610 0.0005759876441280593
613 0.0012530251032189816
687 0.0005065284965219635
703 0.0004991223381462831
706 0.002351574011355386
797 0.0004755217854866652
799 0.0003782900330627366
813 0.000629765283625402
842 0.000570339268307386
851 0.00046935029736931276
876 0.002212501698056339
1069 0.0003968214617715378
1193 0.0026547713348189774
1707 0.0007709345372720537
1890 0.0007230035022084448
1909 0.0010215305713900601
2002 0.0006554485025236457
2087 0.0007533803027405932
2245 0.0008128063180586093
2892 0.0016256126361172186
3292 0.0011370166061384682
3293 0.0024384189541758277
3294 0.000953975571705261
3295 0.0011370166061384682