0 0.00010360515709016387
6 0.0003399340788811836
10 0.00023019324012973504
15 0.00011067438687857875
24 0.0003824977379846497
25 0.00014742827313271942
26 0.000009180257170353432
27 0.000013301102101113839
28 0.000019105561392583703
29 0.000021345713143803165
31 0.000016570580131739694
32 0.0003616569501647253
42 0.0008934127295715378
45 0.000005846154498803574
48 0.00014129003011415398
50 0.00009059173042602328
54 0.0004816331788956449
59 0.000012924366889422343
60 0.000012924366889422343
74 0.0001314382268441069
76 0.00023762262054737309
80 0.0010181015964317096
91 0.00046926799994623984
94 0.0004885960299787504
95 0.00047924075143787115
96 0.0005697354412888233
97 0.0001204079350624512
100 0.00014427673725646523
103 0.00008541133970179466
124 0.00045619878530002813
132 0.00019350436353001335
133 0.00032475447298266157
134 0.0004048323475035409
139 0.00037438902313615557
140 0.0004011905379293356
159 0.0002817353899173489
161 0.00032348746208875627
164 0.0009937146433313601
168 0.00009828551542181294
175 0.00028530254609905744
176 0.0009153069730547706
185 0.0004677902934924359
191 0.0006973202833102012
213 0.00036481917391093806
221 0.003272143708865131
246 0.0032397748066514253
255 0.0014348236656713614
256 0.001053252923663259
361 0.0004605016093796513
362 0.00029998219746697925
372 0.0003553858360236491
416 0.0003493811814946261
434 0.0006546355433793449
439 0.0005266264618316295
446 0.003759075309656945
456 0.0008097049368112787
475 0.001263000643653683
496 0.0003493811814946261
530 0.0002736737953600468
538 0.00037310999523034225
706 0.005291041525549618
725 0.000685825303055794
743 0.0007601062605041926
786 0.002281357073229544
790 0.0006649717304210047
831 0.0006220145312703716
842 0.000570339268307386
876 0.0014750011320375594
951 0.003486601416551006
1103 0.00046935029736931276
2500 0.0010215305713900601
2507 0.0017377326749780026
2737 0.0008384895369568529