0 0.00010360515709016387
6 0.00004532454385082448
10 0.00005231664548403069
13 0.0003124981305672972
14 0.00026456709550368824
15 0.0007193835147107618
20 0.00014256349717722765
24 0.0007649954759692994
26 0.000013770385755530148
27 0.00003990330630334152
28 0.000004776390348145926
29 0.000005336428285950791
32 0.0001446627800658901
41 0.00037451852604211916
42 0.00029780424319051263
43 0.0001247963410453852
44 0.00030172602991334203
45 0.00000876923174820536
46 0.00032731777168967243
48 0.0005651601204566159
50 0.00009059173042602328
52 0.0007083648276822562
53 0.0002914361637469609
54 0.00032108878593043
55 0.0004520992678889995
59 0.000006462183444711172
60 0.000012924366889422343
74 0.0001314382268441069
80 0.0003393671988105698
86 0.0020430611427801203
93 0.0002302492435057135
95 0.00027385185796449787
96 0.0004985185111277203
97 0.0000602039675312256
98 0.00029888966155459023
100 0.00028855347451293045
103 0.00017082267940358932
110 0.0003600357507382571
119 0.0001544851386881615
121 0.0002131283281512035
129 0.005668889617085262
133 0.00032475447298266157
136 0.00029565439233481325
141 0.0005103588061228796
162 0.0003800531302520963
168 0.00004914275771090647
169 0.0002663490497050791
172 0.00047827455522378713
175 0.0005706050921981149
203 0.0006273679598246524
232 0.0005182941691667408
266 0.0003010819448897304
267 0.0005494856956725966
372 0.0003553858360236491
385 0.0010365883383334816
392 0.0014360862803040613
430 0.00033256580019006747
437 0.00043897349683716435
438 0.0007096674962648366
442 0.0010944575217328141
496 0.0003493811814946261
515 0.00043897349683716435
538 0.0007462199904606845
547 0.001966345507570937
555 0.00034358542739842214
585 0.0003987932141285859
591 0.0005818342485617932
610 0.0005759876441280593
672 0.0010365883383334816
703 0.0009982446762925661
704 0.002606599012467004
706 0.0017636805085165395
707 0.0007375005660187797
708 0.0010215305713900601
709 0.001371650606111588
710 0.0022740332122769364
711 0.0027002898685793437
712 0.0006464403017122036
713 0.0005544595315855724
714 0.0005027842686225869
715 0.0007709345372720537
716 0.00045485323355897795
717 0.0007709345372720537
718 0.0005759876441280593
719 0.0016633785947567173
720 0.0014460070044168896
721 0.0006146083728946911
722 0.005107652856950301
723 0.0007709345372720537
724 0.0010215305713900601
725 0.000685825303055794
726 0.0006554485025236457
727 0.0005494856956725966
728 0.0007709345372720537
729 0.0006075174674600367
730 0.0006554485025236457
731 0.0011370166061384682
732 0.0034110498184154047
733 0.0020430611427801203
734 0.0005027842686225869
735 0.0005941814615164285
736 0.000570339268307386
737 0.0008688663374890013
738 0.0006750724671448359
739 0.0006750724671448359