0 0.00010360515709016387
2 0.0003632093920196124
6 0.00011331135962706119
7 0.0017693213131045233
9 0.002818851674416197
10 0.000010463329096806138
11 0.00044410039764801966
13 0.0006249962611345944
16 0.0006220145312703716
25 0.00004914275771090647
26 0.000027540771511060296
27 0.00004655385735389843
28 0.000009552780696291852
29 0.000010672856571901583
30 0.00008005552081252168
31 0.000011047053421159797
34 0.00011936985864893924
45 0.000014615386247008935
48 0.00014129003011415398
49 0.0002231883932943071
50 0.00004529586521301164
52 0.00023612160922741876
54 0.000160544392965215
59 0.000006462183444711172
60 0.00006462183444711171
74 0.0001314382268441069
75 0.0006179807965568429
80 0.0003393671988105698
89 0.00033798452589909114
97 0.0001204079350624512
98 0.00029888966155459023
103 0.00008541133970179466
110 0.0003600357507382571
119 0.000617940554752646
143 0.0002681502686494669
144 0.0010431686420070989
158 0.0003765453979632206
159 0.00014086769495867446
160 0.0008779469936743287
168 0.00004914275771090647
170 0.00043897349683716435
171 0.0004176750344063272
191 0.0006973202833102012
213 0.00036481917391093806
235 0.000489099431979698
248 0.0014460070044168896
343 0.002603997965545131
362 0.00029998219746697925
372 0.0003553858360236491
434 0.00032731777168967243
775 0.00036481917391093806
799 0.0007565800661254732
806 0.0008138443969907379
840 0.0005027842686225869
913 0.0004111404270832213
975 0.004990135784270152
976 0.0007375005660187797
985 0.0009771920599575008
986 0.0006649717304210047
1328 0.0006973202833102012
1599 0.0006220145312703716
1671 0.0008688663374890013
1864 0.0007709345372720537
1938 0.0006146083728946911
2141 0.0020919608499306037
2247 0.0008128063180586093
2414 0.0008128063180586093
3299 0.000953975571705261
3300 0.0008384895369568529
3301 0.0011370166061384682
3302 0.004086122285560241
3303 0.0011370166061384682