1 0.0005494856956725966
6 0.0000679868157762367
7 0.0014154570504836188
8 0.000460498487011427
9 0.00035235645930202465
10 0.00004185331638722455
11 0.0017764015905920786
15 0.000055337193439289376
20 0.00014256349717722765
25 0.00009828551542181294
26 0.000013770385755530148
27 0.000026602204202227678
28 0.000014329171044437778
29 0.000016009284857852372
31 0.000016570580131739694
34 0.00005968492932446962
37 0.0007975864282571718
45 0.00000876923174820536
48 0.00014129003011415398
50 0.0001358875956390349
57 0.0005405050727592154
59 0.000006462183444711172
60 0.000025848733778844687
65 0.000466348213813385
76 0.0007128678616421193
91 0.00046926799994623984
97 0.0000602039675312256
110 0.0007200715014765141
115 0.0007096674962648366
119 0.000308970277376323
137 0.000570339268307386
143 0.0005363005372989338
159 0.0002817353899173489
160 0.00043897349683716435
168 0.00004914275771090647
171 0.0004176750344063272
180 0.0002526001287307366
201 0.0003782900330627366
210 0.0005494856956725966
233 0.00038915983010845493
235 0.000244549715989849
255 0.0011956863880594679
271 0.0013245516828461089
342 0.0004885960299787504
343 0.0013019989827725655
345 0.0006649717304210047
362 0.0005999643949339585
372 0.0003553858360236491
442 0.00036481917391093806
515 0.00043897349683716435
517 0.000944814936180877
530 0.0002736737953600468
589 0.0003818350844534872
594 0.0005818342485617932
601 0.0004176750344063272
660 0.0008688663374890013
702 0.0005353974937352319
795 0.0016061924812056955
799 0.0003782900330627366
806 0.0016276887939814758
820 0.001259530567250804
913 0.0008222808541664426
975 0.007207973910612441
985 0.0004885960299787504
986 0.0013299434608420094
1056 0.0006464403017122036
1142 0.0008056162688366655
1176 0.0006464403017122036
1283 0.0005266264618316295
1327 0.0008128063180586093
1388 0.000953975571705261
1497 0.0028920140088337792
1613 0.000953975571705261
1774 0.0007096674962648366
1946 0.000953975571705261
2029 0.0007709345372720537
2082 0.0010215305713900601
2207 0.0056896442264102644
2436 0.000790558501893244
2936 0.0008384895369568529
2960 0.0008128063180586093
2967 0.0009060445366416521
3300 0.00838489536956853
3304 0.0011370166061384682
3305 0.0022740332122769364
3306 0.0020430611427801203
3307 0.00306459171417018
3308 0.0008128063180586093
3309 0.0011370166061384682
3310 0.0011370166061384682
3311 0.0011370166061384682
3312 0.0011370166061384682
3313 0.0011370166061384682
3314 0.0011370166061384682
3315 0.0010215305713900601