10 0.000010463329096806138
15 0.00011067438687857875
20 0.0002851269943544553
22 0.0005595864323964277
25 0.00004914275771090647
26 0.000013770385755530148
27 0.000026602204202227678
28 0.000004776390348145926
29 0.000005336428285950791
30 0.00008005552081252168
45 0.000005846154498803574
52 0.0037779457476387
53 0.0020400531462287257
59 0.000012924366889422343
60 0.000012924366889422343
72 0.0007394879986854364
74 0.0001314382268441069
81 0.00033390404938987825
89 0.00033798452589909114
97 0.0001204079350624512
98 0.0008966689846637708
108 0.0012712898229715506
111 0.0004724074680904385
121 0.0002131283281512035
139 0.0007487780462723111
140 0.0002005952689646678
148 0.00039487277137447156
159 0.00014086769495867446
166 0.0004605016093796513
168 0.00009828551542181294
172 0.00023913727761189357
185 0.00023389514674621796
196 0.0005309542669637955
214 0.0004954467145424086
255 0.0009565491104475743
264 0.000570339268307386
265 0.00024220853747341272
289 0.0007096674962648366
299 0.0006419639687078222
300 0.0009078689844408373
301 0.001510664136289202
302 0.0007672726067957501
308 0.0005309542669637955
309 0.0005266264618316295
311 0.00033798452589909114
331 0.0003136839799123262
361 0.0004605016093796513
362 0.0005999643949339585
372 0.0007107716720472983
380 0.0009510435709733304
416 0.0003493811814946261
442 0.00036481917391093806
447 0.0006464403017122036
519 0.0004221783120451008
530 0.0002736737953600468
538 0.00037310999523034225
549 0.0005759876441280593
601 0.0004176750344063272
680 0.0005309542669637955
686 0.002281357073229544
687 0.0005065284965219635
701 0.000570339268307386
786 0.000570339268307386
855 0.0006649717304210047
913 0.0004111404270832213
966 0.0006464403017122036
1066 0.00048193069598779744
1132 0.0013323011929440589
1266 0.001259530567250804
1722 0.000953975571705261
1947 0.0008688663374890013
2035 0.0014460070044168896
2141 0.0013946405666204024
3177 0.0010215305713900601
3316 0.0011370166061384682
3317 0.00612918342834036
3318 0.0034110498184154047
3319 0.002861926715115783
3320 0.0011370166061384682
3321 0.000953975571705261
3322 0.0011370166061384682
3323 0.000953975571705261
3324 0.0011370166061384682
3325 0.003815902286821044
3326 0.0011370166061384682