2 0.0003632093920196124
3 0.00044939008413828627
4 0.004007885808474655
5 0.0001350647307564619
6 0.00004532454385082448
7 0.0017693213131045233
8 0.000920996974022854
9 0.003875921052322271
10 0.000020926658193612276
11 0.0017764015905920786
16 0.0006220145312703716
20 0.0002851269943544553
23 0.0001917778078759736
25 0.00009828551542181294
26 0.000018360514340706863
27 0.00001995165315167076
28 0.00002388195174072963
29 0.000016009284857852372
30 0.00008005552081252168
31 0.000016570580131739694
34 0.00005968492932446962
37 0.0011963796423857577
42 0.00029780424319051263
43 0.0002495926820907704
45 0.000011692308997607148
49 0.0002231883932943071
50 0.00004529586521301164
52 0.0004722432184548375
54 0.000160544392965215
59 0.000006462183444711172
60 0.000038773100668267026
89 0.00033798452589909114
97 0.0000602039675312256
98 0.00029888966155459023
100 0.00014427673725646523
101 0.0005353974937352319
103 0.00008541133970179466
110 0.0007200715014765141
119 0.000617940554752646
132 0.0003870087270600267
134 0.00020241617375177045
138 0.00029998219746697925
139 0.0002495926820907704
159 0.00014086769495867446
161 0.00032348746208875627
166 0.0013815048281389537
168 0.00014742827313271942
172 0.00023913727761189357
185 0.00023389514674621796
189 0.002377608927433326
201 0.0003782900330627366
203 0.0003136839799123262
210 0.0010989713913451932
218 0.0024880581250814864
249 0.0012757885359843703
250 0.001175787005677693
345 0.0006649717304210047
349 0.0008688663374890013
428 0.0007375005660187797
442 0.00036481917391093806
530 0.0002736737953600468
761 0.000953975571705261
764 0.0010215305713900601
808 0.001140678536614772
913 0.0008222808541664426
930 0.0005648761188866944
1066 0.00048193069598779744
1180 0.003267936296454854
1264 0.0006075174674600367
1356 0.0005648761188866944
1613 0.000953975571705261
1769 0.000953975571705261
1785 0.0005648761188866944
2440 0.000790558501893244
2544 0.0006973202833102012
2757 0.0010215305713900601
2758 0.001907951143410522
2870 0.0007230035022084448
3300 0.004192447684784265
3327 0.005107652856950301
3328 0.000953975571705261
3329 0.0011370166061384682
3330 0.0010215305713900601
3331 0.004548066424553873
3332 0.0011370166061384682
3333 0.0011370166061384682