0 0.00010360515709016387
6 0.00011331135962706119
8 0.0002302492435057135
10 0.00005231664548403069
14 0.00026456709550368824
15 0.000055337193439289376
17 0.0004875313243364415
18 0.0006345860527207468
20 0.00014256349717722765
25 0.00004914275771090647
26 0.000009180257170353432
27 0.00001995165315167076
28 0.000014329171044437778
29 0.000016009284857852372
30 0.00008005552081252168
31 0.000038664686974059284
32 0.0001446627800658901
33 0.0019020871419466608
41 0.00018725926302105958
42 0.0005956084863810253
43 0.0001247963410453852
44 0.00015086301495667102
45 0.000005846154498803574
49 0.0002231883932943071
50 0.00009059173042602328
59 0.000012924366889422343
60 0.000012924366889422343
74 0.0002628764536882138
91 0.00046926799994623984
95 0.00020538889347337336
96 0.00021365079048330874
97 0.0001204079350624512
125 0.00019006896079713502
130 0.00036808616347914477
132 0.00019350436353001335
133 0.00032475447298266157
139 0.0001247963410453852
144 0.00020863372840141978
153 0.00045905907976567014
161 0.00032348746208875627
168 0.00009828551542181294
170 0.0017558939873486574
211 0.0005446560494091424
213 0.00036481917391093806
217 0.0029104551328081023
219 0.0003616150149759352
223 0.002526001287307366
224 0.0005182941691667408
226 0.0010365883383334816
300 0.00045393449222041863
302 0.00038363630339787504
311 0.0013519381035963646
417 0.0003600357507382571
449 0.00213403348300714
497 0.00044672424919219483
585 0.0003987932141285859
601 0.0004176750344063272
661 0.0006554485025236457
687 0.001013056993043927
734 0.0005027842686225869
840 0.0005027842686225869
913 0.0008222808541664426
1206 0.000953975571705261
1411 0.0007533803027405932
1419 0.0007375005660187797
1445 0.0008688663374890013
2058 0.0006973202833102012
2336 0.001053252923663259
2602 0.0007375005660187797
3334 0.0034110498184154047
3335 0.00612918342834036
3336 0.0011370166061384682
3337 0.0011370166061384682