0 0.00010360515709016387
5 0.0001350647307564619
6 0.00009064908770164895
8 0.0002302492435057135
10 0.000020926658193612276
13 0.0003124981305672972
15 0.000055337193439289376
18 0.0003172930263603734
20 0.00014256349717722765
25 0.00004914275771090647
26 0.000013770385755530148
27 0.00001995165315167076
28 0.000009552780696291852
29 0.000010672856571901583
30 0.00016011104162504336
31 0.00003314116026347939
34 0.00005968492932446962
43 0.0001247963410453852
45 0.000011692308997607148
47 0.0002708891434150717
50 0.00009059173042602328
59 0.000019386550334133513
60 0.000025848733778844687
95 0.00006846296449112447
97 0.0001204079350624512
103 0.00008541133970179466
110 0.0003600357507382571
119 0.00046345541606448445
125 0.00019006896079713502
132 0.00019350436353001335
133 0.00032475447298266157
134 0.00020241617375177045
139 0.0001247963410453852
153 0.00045905907976567014
161 0.00032348746208875627
168 0.00009828551542181294
170 0.00043897349683716435
180 0.0005052002574614732
214 0.0014863401436272256
217 0.0013432869843729705
223 0.0005052002574614732
233 0.00038915983010845493
235 0.000244549715989849
259 0.0006815228846822916
265 0.00024220853747341272
276 0.0007394879986854364
300 0.00030262299481361246
301 0.0005035547120964008
302 0.0007672726067957501
311 0.00033798452589909114
365 0.0005494856956725966
395 0.0006378942679921852
410 0.0008688663374890013
449 0.0017072267864057119
481 0.0004339996609241885
519 0.0004221783120451008
524 0.0006220145312703716
549 0.0005759876441280593
574 0.0006750724671448359
584 0.0006973202833102012
585 0.0003987932141285859
611 0.001061908533927591
740 0.0011191728647928555
840 0.0015083528058677605
933 0.0005224082332437771
1036 0.000867999321848377
1203 0.0010215305713900601
1312 0.0006649717304210047
1582 0.0008934484983843897
1682 0.0010215305713900601
1738 0.0010215305713900601
1774 0.0007096674962648366
1792 0.0014750011320375594
2020 0.000790558501893244
2058 0.0006973202833102012
2336 0.0026331323091581473
2936 0.0008384895369568529
3327 0.0010215305713900601
3338 0.0034110498184154047
3339 0.0010215305713900601
3340 0.0011370166061384682
3341 0.0011370166061384682
3342 0.0011370166061384682