6 0.00011331135962706119
10 0.00004185331638722455
20 0.00014256349717722765
25 0.00004914275771090647
26 0.000009180257170353432
27 0.000026602204202227678
28 0.000014329171044437778
29 0.000016009284857852372
30 0.00016011104162504336
31 0.000016570580131739694
32 0.0001446627800658901
34 0.00005968492932446962
41 0.00018725926302105958
42 0.00029780424319051263
43 0.0001247963410453852
44 0.00015086301495667102
45 0.000005846154498803574
50 0.00004529586521301164
57 0.00018016835758640515
59 0.000006462183444711172
60 0.000012924366889422343
74 0.0001314382268441069
95 0.00041077778694674673
96 0.00042730158096661747
97 0.0001204079350624512
100 0.00014427673725646523
119 0.00046345541606448445
125 0.00038013792159427004
129 0.001889629872361754
134 0.0004048323475035409
138 0.0005999643949339585
139 0.0001247963410453852
143 0.0002681502686494669
159 0.0002817353899173489
168 0.00004914275771090647
360 0.0005309542669637955
713 0.0022178381263422897
734 0.0010055685372451738
735 0.0029709073075821425
1036 0.000867999321848377
1241 0.003251225272234437
1334 0.0007709345372720537
1510 0.0007533803027405932
1973 0.0051625039621314575
2588 0.0008384895369568529
3325 0.003815902286821044
3343 0.00453022268320826
3344 0.000953975571705261
3345 0.0011370166061384682
3346 0.0022740332122769364