0 0.00010360515709016387
6 0.00009064908770164895
8 0.0002302492435057135
10 0.000010463329096806138
14 0.00026456709550368824
15 0.000055337193439289376
18 0.0003172930263603734
25 0.00009828551542181294
26 0.000009180257170353432
27 0.000026602204202227678
28 0.000014329171044437778
29 0.000016009284857852372
30 0.00024016656243756505
31 0.000022094106842319594
32 0.0001446627800658901
41 0.00018725926302105958
43 0.0001247963410453852
44 0.00015086301495667102
45 0.000005846154498803574
46 0.00032731777168967243
48 0.00014129003011415398
49 0.0002231883932943071
50 0.0001358875956390349
54 0.000160544392965215
57 0.00018016835758640515
59 0.000012924366889422343
60 0.000012924366889422343
72 0.0003697439993427182
74 0.0001314382268441069
76 0.0009504904821894923
95 0.0006846296449112446
96 0.000783386231772132
97 0.0001204079350624512
100 0.00014427673725646523
103 0.000256234019105384
130 0.0007361723269582895
132 0.0007740174541200534
139 0.0001247963410453852
153 0.00045905907976567014
168 0.00004914275771090647
170 0.0035117879746973148
171 0.0008353500688126544
175 0.0005706050921981149
177 0.00044410039764801966
213 0.00036481917391093806
217 0.002462692804683779
219 0.0003616150149759352
223 0.0022734011585766292
252 0.0016946538955301149
299 0.0003209819843539111
300 0.00030262299481361246
310 0.004800777121390558
311 0.0016899226294954557
360 0.0005309542669637955
434 0.00032731777168967243
456 0.00040485246840563934
575 0.00047869542676802046
601 0.0004176750344063272
743 0.0003800531302520963
1325 0.0005544595315855724
1625 0.0006554485025236457
1779 0.0007533803027405932
2058 0.0006973202833102012
2086 0.000953975571705261
3347 0.0011370166061384682
3348 0.007959116242969277
3349 0.0011370166061384682