6 0.00002266227192541224
8 0.0002302492435057135
10 0.00004185331638722455
15 0.00011067438687857875
25 0.00004914275771090647
26 0.000018360514340706863
27 0.000013301102101113839
28 0.000009552780696291852
29 0.000010672856571901583
30 0.00024016656243756505
31 0.000016570580131739694
32 0.0001446627800658901
34 0.00005968492932446962
41 0.00018725926302105958
45 0.000005846154498803574
48 0.00014129003011415398
50 0.00004529586521301164
59 0.000012924366889422343
60 0.000012924366889422343
67 0.0003493811814946261
68 0.00040280813441833274
69 0.0050109437064047085
76 0.0014257357232842385
91 0.00023463399997311992
95 0.00047924075143787115
96 0.0004985185111277203
97 0.0000602039675312256
111 0.000944814936180877
132 0.00019350436353001335
139 0.0001247963410453852
144 0.0018777035556127779
146 0.00036481917391093806
159 0.0002817353899173489
168 0.00009828551542181294
201 0.0007565800661254732
361 0.0009210032187593025
370 0.0008443566240902016
380 0.0009510435709733304
416 0.0003493811814946261
429 0.0004755217854866652
430 0.00033256580019006747
434 0.0009819533150690174
456 0.0008097049368112787
515 0.00043897349683716435
562 0.0008384895369568529
618 0.001465788089936251
624 0.0014457920879633922
719 0.0005544595315855724
799 0.0003782900330627366
805 0.0021415899749409276
806 0.00040692219849536895
842 0.000570339268307386
1036 0.0004339996609241885
1044 0.0022595044755467776
1132 0.0008882007952960393
1433 0.001581117003786488
1559 0.0006075174674600367
1996 0.0006378942679921852
2189 0.0006146083728946911
2615 0.0017377326749780026
2842 0.000953975571705261
3350 0.000953975571705261
3351 0.0007375005660187797
3352 0.0011370166061384682