5 0.0001350647307564619
6 0.00011331135962706119
10 0.00019880325283931662
15 0.0006087091278321831
17 0.0012188283108411039
20 0.00014256349717722765
24 0.0002549984919897665
26 0.000027540771511060296
27 0.0000066505510505569195
28 0.00003821112278516741
29 0.000032018569715704745
30 0.00024016656243756505
31 0.000038664686974059284
32 0.00021699417009883517
34 0.0002984246466223481
36 0.00069758170397896
41 0.00018725926302105958
43 0.000623981705226926
45 0.000020461540745812507
49 0.0006695651798829213
50 0.0001358875956390349
53 0.0017486169824817651
56 0.00034358542739842214
57 0.00018016835758640515
58 0.0005595864323964277
59 0.000012924366889422343
60 0.00006462183444711171
64 0.0005941814615164285
71 0.00033256580019006747
75 0.004943846372454743
77 0.00043897349683716435
79 0.0005759876441280593
80 0.0027149375904845586
81 0.0020034242963392697
93 0.000460498487011427
97 0.0001204079350624512
108 0.0007627738937829303
119 0.00046345541606448445
121 0.001278769968907221
124 0.00022809939265001406
125 0.00019006896079713502
127 0.0012440290625407432
130 0.00036808616347914477
131 0.0013299434608420094
133 0.0006495089459653231
143 0.0002681502686494669
144 0.0010431686420070989
148 0.0007897455427489431
151 0.0003393671988105698
159 0.0004226030848760234
161 0.00032348746208875627
163 0.00029998219746697925
168 0.00009828551542181294
176 0.0004576534865273853
179 0.0010055685372451738
180 0.0007578003861922098
181 0.0209671015640449
185 0.0014033708804773077
189 0.0009510435709733304
191 0.0006973202833102012
199 0.0036875028300938986
212 0.004408356985377814
232 0.0005182941691667408
265 0.00024220853747341272
266 0.0003010819448897304
271 0.0004415172276153697
273 0.0007394879986854364
304 0.0010661575080709474
305 0.001694628356660083
326 0.0005399624677752377
327 0.00047869542676802046
362 0.0005999643949339585
363 0.0006649717304210047
372 0.0003553858360236491
384 0.00047869542676802046
385 0.0031097650150004445
391 0.0004605016093796513
416 0.0013975247259785043
469 0.0024096534799389873
475 0.0005052002574614732
479 0.0031488264181270104
509 0.0009573908535360409
550 0.00040280813441833274
575 0.00047869542676802046
586 0.0005759876441280593
610 0.0005759876441280593
626 0.0009060445366416521
677 0.00306459171417018
721 0.0012292167457893823
726 0.0013108970050472915
739 0.0013501449342896718
782 0.0012440290625407432
785 0.0020919608499306037
816 0.0004852300340911263
829 0.0006220145312703716
853 0.0005494856956725966
865 0.001808397071555998
892 0.0005595864323964277
930 0.0005648761188866944
933 0.0005224082332437771
1065 0.0013245516828461089
1069 0.0003968214617715378
1071 0.0007533803027405932
1108 0.0006554485025236457
1149 0.0007096674962648366
1243 0.0005878935028388465
1269 0.0006007160688395344
1304 0.0011191728647928555
1337 0.0005353974937352319
1375 0.0008688663374890013
1625 0.0013108970050472915
1644 0.0018120890732833041
1689 0.008585780145347348
1734 0.0044652598759452955
1866 0.0008384895369568529
1925 0.0012440290625407432
2003 0.017741687406620917
2037 0.0006378942679921852
2043 0.0005759876441280593
2528 0.0008384895369568529
2628 0.0009060445366416521
3121 0.000953975571705261
3293 0.0008128063180586093
3323 0.000953975571705261
3353 0.0020430611427801203
3354 0.00306459171417018
3355 0.0011370166061384682
3356 0.0022740332122769364
3357 0.0022740332122769364
3358 0.0011370166061384682
3359 0.004548066424553873
3360 0.004548066424553873