0 0.00020721031418032774
6 0.00011331135962706119
10 0.0000837066327744491
17 0.00024376566216822076
25 0.00009828551542181294
26 0.000018360514340706863
27 0.00001995165315167076
28 0.000019105561392583703
29 0.000016009284857852372
30 0.00016011104162504336
31 0.000027617633552899494
32 0.0001446627800658901
34 0.00005968492932446962
41 0.00018725926302105958
45 0.00000876923174820536
50 0.00009059173042602328
59 0.000012924366889422343
60 0.000012924366889422343
82 0.0009982446762925661
91 0.00046926799994623984
93 0.0002302492435057135
95 0.0005477037159289957
96 0.0005697354412888233
97 0.0001204079350624512
100 0.00014427673725646523
116 0.0005353974937352319
124 0.00022809939265001406
125 0.0007602758431885401
139 0.0001247963410453852
142 0.000904198535777999
153 0.0006885886196485052
164 0.00033123821444378676
168 0.00009828551542181294
179 0.0005027842686225869
211 0.0005446560494091424
213 0.00036481917391093806
214 0.002477233572712043
219 0.0003616150149759352
223 0.0007578003861922098
252 0.0004236634738825287
255 0.0011956863880594679
256 0.0005266264618316295
259 0.0003407614423411458
266 0.0003010819448897304
273 0.0003697439993427182
300 0.00030262299481361246
311 0.0010139535776972734
331 0.0003136839799123262
362 0.0008999465924009378
417 0.0003600357507382571
434 0.00032731777168967243
456 0.0008097049368112787
496 0.0003493811814946261
554 0.0003600357507382571
678 0.000629765283625402
734 0.003016705611735521
740 0.0011191728647928555
741 0.0006750724671448359
742 0.0024415331909722134
743 0.0007601062605041926
744 0.0005544595315855724
745 0.000953975571705261