6 0.00004532454385082448
8 0.000460498487011427
10 0.00003138998729041841
15 0.000055337193439289376
20 0.00014256349717722765
26 0.000013770385755530148
27 0.000013301102101113839
28 0.000019105561392583703
29 0.000021345713143803165
31 0.000027617633552899494
34 0.00011936985864893924
36 0.00017439542599474
43 0.0001247963410453852
45 0.000011692308997607148
49 0.0002231883932943071
50 0.00004529586521301164
54 0.0008027219648260749
57 0.00018016835758640515
59 0.000006462183444711172
60 0.000025848733778844687
69 0.002312743249109866
75 0.00030899039827842145
90 0.0003600357507382571
91 0.00023463399997311992
100 0.00014427673725646523
122 0.0018470242528715545
125 0.00019006896079713502
134 0.0004048323475035409
141 0.0005103588061228796
144 0.0008345349136056791
153 0.00045905907976567014
169 0.0002663490497050791
172 0.00047827455522378713
186 0.00040692219849536895
201 0.0011348700991882098
217 0.002462692804683779
219 0.0003616150149759352
234 0.00038363630339787504
255 0.00023913727761189357
259 0.0003407614423411458
277 0.0005494856956725966
300 0.00045393449222041863
301 0.000755332068144601
302 0.00038363630339787504
304 0.0014215433440945965
370 0.0012665349361353025
391 0.0004605016093796513
398 0.0003632093920196124
512 0.00044672424919219483
530 0.0002736737953600468
544 0.0005353974937352319
563 0.0007709345372720537
589 0.0011455052533604615
639 0.00045485323355897795
691 0.00038363630339787504
783 0.001994915191263014
789 0.0008384895369568529
892 0.0005595864323964277
943 0.0007096674962648366
944 0.0008128063180586093
1036 0.0004339996609241885
1192 0.0005648761188866944
1582 0.0013401727475765846
1638 0.0016769790739137058
1756 0.000790558501893244
1964 0.0009060445366416521
2058 0.0013946405666204024
2624 0.0008384895369568529
2641 0.00306459171417018
2875 0.0008688663374890013
3361 0.003073041864473456
3362 0.001907951143410522
3363 0.0011370166061384682
3364 0.0011370166061384682
3365 0.0011370166061384682
3366 0.0011370166061384682