6 0.0000679868157762367
10 0.00006277997458083683
20 0.00014256349717722765
26 0.000013770385755530148
27 0.0000066505510505569195
28 0.000009552780696291852
29 0.000010672856571901583
30 0.00016011104162504336
31 0.000011047053421159797
45 0.000011692308997607148
50 0.00004529586521301164
51 0.0005224082332437771
59 0.000006462183444711172
60 0.000025848733778844687
91 0.00046926799994623984
97 0.0000602039675312256
125 0.00019006896079713502
132 0.00019350436353001335
134 0.00020241617375177045
136 0.00029565439233481325
138 0.0005999643949339585
153 0.00045905907976567014
167 0.0003185136261757804
169 0.0002663490497050791
200 0.0002833071793801778
217 0.000895524656248647
221 0.0004090179636081414
222 0.0003748188423091808
227 0.0005224082332437771
241 0.000466348213813385
300 0.00030262299481361246
342 0.0004885960299787504
362 0.00029998219746697925
374 0.0024880581250814864
448 0.0006464403017122036
469 0.0014457920879633922
590 0.001531076418368639
936 0.0006554485025236457
1638 0.0008384895369568529
3361 0.0006146083728946911
3367 0.0008384895369568529