0 0.00010360515709016387
5 0.0002701294615129238
6 0.00004532454385082448
10 0.00003138998729041841
17 0.00024376566216822076
26 0.000009180257170353432
27 0.0000066505510505569195
28 0.000014329171044437778
29 0.00009071928086116345
31 0.000011047053421159797
34 0.00005968492932446962
36 0.00017439542599474
41 0.00018725926302105958
42 0.0005956084863810253
45 0.000011692308997607148
48 0.00014129003011415398
50 0.00004529586521301164
52 0.008264256322959657
53 0.0008743084912408826
54 0.00032108878593043
56 0.00034358542739842214
57 0.00018016835758640515
59 0.000006462183444711172
60 0.000012924366889422343
74 0.0001314382268441069
96 0.0008546031619332349
97 0.0000602039675312256
98 0.0029888966155459024
103 0.001024936076421536
121 0.0002131283281512035
122 0.00030783737547859243
124 0.00045619878530002813
142 0.007685687554112992
151 0.0003393671988105698
164 0.00033123821444378676
168 0.00004914275771090647
169 0.0002663490497050791
170 0.00043897349683716435
171 0.0004176750344063272
195 0.00021509233277500263
200 0.0002833071793801778
202 0.0006156747509571849
223 0.0002526001287307366
234 0.00038363630339787504
252 0.0004236634738825287
262 0.0006929162084904484
302 0.001150908910193625
304 0.0010661575080709474
306 0.001882726989816103
311 0.00033798452589909114
315 0.0008688663374890013
362 0.0032998041721367718
372 0.0003553858360236491
414 0.0006075174674600367
417 0.0003600357507382571
435 0.00044410039764801966
475 0.0002526001287307366
654 0.00038729823387417876
680 0.0005309542669637955
691 0.0007672726067957501
730 0.0006554485025236457
751 0.0007533803027405932
766 0.0006378942679921852
776 0.0004154682322153874
793 0.0005759876441280593
843 0.010325007924262915
892 0.0005595864323964277
1181 0.001053252923663259
1500 0.0007230035022084448
1626 0.000953975571705261
1749 0.008287183330146525
2336 0.007899396927474442
2339 0.0007709345372720537
3143 0.000953975571705261
3361 0.0018438251186840733
3368 0.0008688663374890013
3369 0.0010215305713900601
3370 0.0016256126361172186
3371 0.0010215305713900601
3372 0.000953975571705261
3373 0.0011370166061384682
3374 0.0034110498184154047
3375 0.0011370166061384682
3376 0.0011370166061384682
3377 0.0011370166061384682
3378 0.0011370166061384682
3379 0.0011370166061384682
3380 0.0022740332122769364
3381 0.0011370166061384682
3382 0.0011370166061384682
3383 0.0011370166061384682
3384 0.0011370166061384682
3385 0.0011370166061384682
3386 0.0011370166061384682
3387 0.0011370166061384682
3388 0.0022740332122769364
3389 0.0022740332122769364
3390 0.0011370166061384682
3391 0.0011370166061384682