0 0.00010360515709016387
6 0.00009064908770164895
10 0.00024065656922654118
15 0.000055337193439289376
23 0.0001917778078759736
24 0.00012749924599488326
26 0.000009180257170353432
27 0.00001995165315167076
28 0.000019105561392583703
29 0.00002668214142975396
31 0.000011047053421159797
32 0.0001446627800658901
34 0.00017905478797340885
41 0.00018725926302105958
43 0.0001247963410453852
44 0.00015086301495667102
45 0.000011692308997607148
48 0.0004238700903424619
50 0.00009059173042602328
59 0.000045235284112978196
60 0.000012924366889422343
74 0.0001314382268441069
90 0.0003600357507382571
95 0.0008900185383846179
96 0.0008546031619332349
97 0.0002408158701249024
100 0.00014427673725646523
103 0.00017082267940358932
125 0.00019006896079713502
153 0.00022952953988283507
168 0.00004914275771090647
174 0.0004111404270832213
175 0.00028530254609905744
177 0.00044410039764801966
202 0.00030783737547859243
216 0.0006075174674600367
217 0.0006716434921864852
219 0.0028929201198074814
235 0.000244549715989849
247 0.0025190266403364134
259 0.0027260915387291662
300 0.00015131149740680623
362 0.00029998219746697925
435 0.00044410039764801966
463 0.004252622272220257
497 0.00044672424919219483
687 0.0005065284965219635
754 0.0006973202833102012
929 0.002312803611816161
1051 0.0094510145400277
1154 0.0020919608499306037
1500 0.0007230035022084448
1638 0.0008384895369568529
1892 0.00864463249547306
2475 0.0007096674962648366
2924 0.010122049030918226
3016 0.000953975571705261
3361 0.0006146083728946911
3404 0.0009060445366416521
3405 0.0010215305713900601
3406 0.0011370166061384682
3407 0.004086122285560241
3408 0.0011370166061384682
3409 0.0011370166061384682
3410 0.0011370166061384682