6 0.00009064908770164895
10 0.00004185331638722455
20 0.00014256349717722765
23 0.0003835556157519472
24 0.0002549984919897665
26 0.000009180257170353432
27 0.00001995165315167076
28 0.000014329171044437778
29 0.000021345713143803165
31 0.000011047053421159797
32 0.0001446627800658901
34 0.00005968492932446962
41 0.00018725926302105958
43 0.00037438902313615557
45 0.00000876923174820536
48 0.00014129003011415398
50 0.00004529586521301164
57 0.0005405050727592154
59 0.000019386550334133513
60 0.000012924366889422343
95 0.0005477037159289957
96 0.0004985185111277203
97 0.0001204079350624512
100 0.00014427673725646523
122 0.00030783737547859243
125 0.000570206882391405
153 0.00045905907976567014
158 0.0007530907959264412
168 0.00004914275771090647
185 0.00023389514674621796
190 0.0021979427826903865
214 0.0017340635008984298
217 0.0020149304765594554
223 0.0010104005149229464
255 0.0014348236656713614
266 0.0003010819448897304
300 0.0009078689844408373
362 0.0017998931848018755
391 0.0013815048281389537
457 0.0006378942679921852
483 0.0011401593907562888
530 0.0002736737953600468
599 0.0009982446762925661
635 0.0015548825075002222
661 0.0006554485025236457
1069 0.0003968214617715378
1500 0.0007230035022084448
1638 0.0008384895369568529
3361 0.0024584334915787646
3429 0.0011370166061384682