0 0.00010360515709016387
5 0.0001350647307564619
6 0.00009064908770164895
8 0.0006907477305171405
9 0.0014094258372080986
10 0.000010463329096806138
24 0.0003824977379846497
25 0.00004914275771090647
26 0.000018360514340706863
27 0.0000066505510505569195
28 0.000019105561392583703
29 0.000021345713143803165
30 0.00008005552081252168
31 0.000027617633552899494
34 0.00005968492932446962
37 0.0011963796423857577
38 0.0013729604595821559
44 0.00015086301495667102
45 0.00000876923174820536
52 0.0011806080461370938
54 0.000160544392965215
59 0.000006462183444711172
60 0.000025848733778844687
74 0.0001314382268441069
97 0.00018061190259367678
98 0.00029888966155459023
103 0.00008541133970179466
119 0.0001544851386881615
167 0.0006370272523515608
172 0.00023913727761189357
174 0.0004111404270832213
180 0.0005052002574614732
195 0.00021509233277500263
221 0.001227053890824424
222 0.0011244565269275424
248 0.0021690105066253344
266 0.0003010819448897304
297 0.0008987801682765725
298 0.0009982446762925661
299 0.0012839279374156445
304 0.0010661575080709474
306 0.0022592723877793235
307 0.0003818350844534872
343 0.000867999321848377
352 0.000514279248876994
354 0.0009910783300010088
356 0.0005266264618316295
555 0.00034358542739842214
589 0.0003818350844534872
697 0.0005878935028388465
702 0.0010707949874704638
775 0.00036481917391093806
1066 0.00048193069598779744
1119 0.000629765283625402
1200 0.0011297522377733888
1328 0.0006973202833102012
1476 0.0006146083728946911
2551 0.0006554485025236457
3430 0.0022740332122769364
3431 0.0011370166061384682
3432 0.000953975571705261
3433 0.0011370166061384682
3434 0.0011370166061384682