0 0.00010360515709016387
6 0.00009064908770164895
10 0.00003138998729041841
20 0.00014256349717722765
26 0.000036721028681413726
27 0.0000066505510505569195
28 0.000009552780696291852
29 0.000010672856571901583
30 0.00008005552081252168
31 0.00003314116026347939
34 0.00005968492932446962
42 0.00029780424319051263
45 0.000023384617995214297
50 0.00004529586521301164
57 0.0005405050727592154
59 0.000012924366889422343
60 0.00006462183444711171
97 0.0000602039675312256
144 0.00020863372840141978
149 0.0012292167457893823
153 0.00022952953988283507
180 0.0002526001287307366
217 0.0011194058203108088
219 0.0007232300299518704
223 0.0002526001287307366
241 0.00093269642762677
259 0.0003407614423411458
275 0.0006649717304210047
276 0.0007394879986854364
301 0.0002517773560482004
302 0.00038363630339787504
519 0.0004221783120451008
554 0.0003600357507382571
1038 0.0010207176122457593
1132 0.00044410039764801966
2621 0.000790558501893244
3435 0.0022740332122769364
3436 0.0011370166061384682
3437 0.0011370166061384682
3438 0.0022740332122769364
3439 0.0011370166061384682