6 0.0001812981754032979
10 0.000020926658193612276
20 0.00014256349717722765
26 0.00002295064292588358
27 0.000013301102101113839
28 0.000014329171044437778
29 0.000016009284857852372
30 0.00016011104162504336
31 0.000016570580131739694
34 0.00011936985864893924
45 0.000011692308997607148
48 0.00028258006022830796
50 0.00004529586521301164
57 0.00018016835758640515
59 0.000006462183444711172
60 0.000025848733778844687
64 0.002376725846065714
69 0.0050109437064047085
74 0.0001314382268441069
76 0.00023762262054737309
78 0.0005309542669637955
84 0.0016484570870177898
93 0.000460498487011427
97 0.0001204079350624512
119 0.000617940554752646
139 0.00037438902313615557
144 0.0006259011852042593
160 0.00043897349683716435
168 0.00004914275771090647
172 0.0009565491104475743
194 0.0013019989827725655
219 0.0003616150149759352
251 0.0003066922772966927
271 0.0004415172276153697
384 0.00047869542676802046
456 0.00040485246840563934
494 0.0007709345372720537
496 0.0003493811814946261
517 0.003779259744723508
572 0.0005224082332437771
601 0.0004176750344063272
618 0.0004885960299787504
654 0.0007745964677483575
716 0.00045485323355897795
782 0.0024880581250814864
795 0.0005353974937352319
913 0.0008222808541664426
1058 0.0007096674962648366
1194 0.0007230035022084448
1200 0.001694628356660083
1304 0.0011191728647928555
1314 0.0010893120988182848
1325 0.0005544595315855724
1784 0.000790558501893244
1785 0.0011297522377733888
1834 0.0008688663374890013
2189 0.0018438251186840733
3440 0.0010215305713900601
3441 0.0008384895369568529