0 0.00010360515709016387
5 0.0001350647307564619
10 0.000010463329096806138
15 0.00011067438687857875
26 0.000018360514340706863
27 0.0000066505510505569195
28 0.000014329171044437778
29 0.000010672856571901583
31 0.000011047053421159797
32 0.00021699417009883517
41 0.00037451852604211916
45 0.000011692308997607148
46 0.0016365888584483623
48 0.00028258006022830796
52 0.00023612160922741876
59 0.000012924366889422343
60 0.000012924366889422343
95 0.00020538889347337336
96 0.00028486772064441167
105 0.005107652856950301
121 0.0002131283281512035
139 0.0001247963410453852
159 0.0002817353899173489
252 0.0004236634738825287
262 0.0010393743127356727
273 0.0003697439993427182
300 0.00015131149740680623
301 0.0002517773560482004
302 0.00038363630339787504
361 0.0004605016093796513
429 0.0004755217854866652
436 0.0018438251186840733
501 0.004064031590293046
644 0.0005399624677752377
645 0.0005353974937352319
706 0.0005878935028388465
707 0.0007375005660187797
719 0.0005544595315855724
738 0.0006750724671448359
746 0.0009060445366416521
747 0.0015418690745441074
748 0.0011370166061384682
749 0.003815902286821044
750 0.0058694267586979695
751 0.0007533803027405932
752 0.0006649717304210047
753 0.0008688663374890013
754 0.0006973202833102012
755 0.0011370166061384682
756 0.0011370166061384682
757 0.0011370166061384682