0 0.00010360515709016387
6 0.00009064908770164895
10 0.00003138998729041841
15 0.00016601158031786812
24 0.00012749924599488326
25 0.00004914275771090647
26 0.00002295064292588358
27 0.000013301102101113839
28 0.000014329171044437778
29 0.000010672856571901583
30 0.00016011104162504336
31 0.000011047053421159797
34 0.00011936985864893924
36 0.00017439542599474
45 0.000005846154498803574
50 0.00004529586521301164
56 0.0010307562821952664
59 0.000006462183444711172
60 0.000038773100668267026
69 0.00655277253914462
71 0.00033256580019006747
80 0.002036203192863419
81 0.0020034242963392697
95 0.00013692592898224894
96 0.00014243386032220583
98 0.0008966689846637708
119 0.0001544851386881615
139 0.0001247963410453852
140 0.0008023810758586712
146 0.0007296383478218761
166 0.0004605016093796513
168 0.00009828551542181294
169 0.0002663490497050791
171 0.0008353500688126544
195 0.00021509233277500263
203 0.0003136839799123262
213 0.00036481917391093806
235 0.000244549715989849
266 0.0003010819448897304
267 0.0005494856956725966
275 0.0006649717304210047
276 0.0003697439993427182
301 0.0002517773560482004
416 0.0006987623629892522
417 0.0003600357507382571
455 0.00093269642762677
475 0.0002526001287307366
515 0.00043897349683716435
517 0.005668889617085262
580 0.0018021482065186032
582 0.0019393209051366106
585 0.0003987932141285859
594 0.0005818342485617932
776 0.0008309364644307748
780 0.0007096674962648366
1067 0.0005544595315855724
1284 0.0007230035022084448
1356 0.001694628356660083
2389 0.0008128063180586093
2946 0.004086122285560241
3068 0.0010215305713900601
3442 0.00838489536956853
3443 0.0011370166061384682
3444 0.0022740332122769364
3445 0.0022740332122769364
3446 0.0011370166061384682