6 0.0001812981754032979
10 0.000020926658193612276
15 0.00016601158031786812
25 0.00004914275771090647
26 0.000009180257170353432
27 0.000026602204202227678
28 0.000019105561392583703
29 0.000021345713143803165
30 0.00016011104162504336
31 0.000022094106842319594
32 0.0001446627800658901
34 0.00023873971729787848
41 0.00018725926302105958
43 0.0001247963410453852
44 0.00015086301495667102
45 0.000005846154498803574
48 0.00014129003011415398
49 0.0002231883932943071
50 0.0001358875956390349
52 0.00023612160922741876
54 0.000160544392965215
59 0.000006462183444711172
60 0.000012924366889422343
74 0.0001314382268441069
76 0.00023762262054737309
93 0.0002302492435057135
95 0.0006846296449112446
96 0.0007121693016110291
97 0.0000602039675312256
98 0.00029888966155459023
100 0.00028855347451293045
103 0.00008541133970179466
119 0.000617940554752646
125 0.00038013792159427004
134 0.00020241617375177045
136 0.00029565439233481325
140 0.0002005952689646678
146 0.00036481917391093806
153 0.00022952953988283507
159 0.0008452061697520468
167 0.0003185136261757804
168 0.00004914275771090647
171 0.0008353500688126544
226 0.0005182941691667408
430 0.00033256580019006747
434 0.00032731777168967243
451 0.0006007160688395344
458 0.0007636701689069744
460 0.0006554485025236457
507 0.0008128063180586093
720 0.0007230035022084448
799 0.0003782900330627366
802 0.0007533803027405932
806 0.0016276887939814758
975 0.009425812036954731
984 0.0007533803027405932
985 0.002442980149893752
986 0.0013299434608420094
1003 0.004192447684784265
1036 0.000867999321848377
1038 0.0005103588061228796
1104 0.0006554485025236457
1403 0.0006649717304210047
1521 0.004703148022710772
2020 0.001581117003786488
2022 0.000953975571705261
2204 0.006027042421924746
2207 0.0008128063180586093
2712 0.0008688663374890013
3447 0.0009060445366416521
3448 0.0008128063180586093
3449 0.0009060445366416521