0 0.00010360515709016387
6 0.00009064908770164895
10 0.000010463329096806138
15 0.00011067438687857875
20 0.00014256349717722765
25 0.00009828551542181294
26 0.000013770385755530148
27 0.000013301102101113839
28 0.000009552780696291852
29 0.000010672856571901583
30 0.00008005552081252168
31 0.00003314116026347939
32 0.0001446627800658901
41 0.00018725926302105958
42 0.00029780424319051263
43 0.0001247963410453852
44 0.00015086301495667102
45 0.00000876923174820536
47 0.0005417782868301434
48 0.00028258006022830796
49 0.0002231883932943071
57 0.0003603367151728103
59 0.000012924366889422343
60 0.000012924366889422343
91 0.00023463399997311992
93 0.000920996974022854
95 0.00047924075143787115
96 0.0004985185111277203
97 0.0000602039675312256
100 0.00014427673725646523
138 0.00029998219746697925
161 0.00032348746208875627
163 0.00029998219746697925
168 0.00004914275771090647
172 0.00047827455522378713
300 0.00045393449222041863
301 0.000755332068144601
335 0.0008384895369568529
342 0.0004885960299787504
417 0.0007200715014765141
434 0.00032731777168967243
437 0.00043897349683716435
482 0.003222465075346662
488 0.0005648761188866944
496 0.0006987623629892522
654 0.0007745964677483575
1397 0.0006750724671448359
1792 0.0007375005660187797
2434 0.0020430611427801203
2653 0.0018120890732833041
3450 0.000953975571705261
3451 0.0022740332122769364