0 0.00010360515709016387
6 0.0001359736315524734
10 0.000010463329096806138
20 0.00014256349717722765
23 0.0001917778078759736
25 0.00009828551542181294
26 0.000009180257170353432
27 0.000013301102101113839
28 0.000009552780696291852
29 0.000010672856571901583
30 0.00008005552081252168
31 0.000016570580131739694
32 0.0001446627800658901
41 0.00018725926302105958
43 0.0001247963410453852
44 0.00015086301495667102
45 0.000005846154498803574
47 0.0002708891434150717
50 0.00004529586521301164
57 0.0005405050727592154
58 0.0011191728647928555
59 0.000006462183444711172
60 0.000012924366889422343
74 0.0001314382268441069
95 0.0005477037159289957
96 0.0005697354412888233
97 0.0001204079350624512
100 0.00014427673725646523
102 0.0003910424617735554
103 0.00017082267940358932
125 0.0009503448039856751
143 0.0005363005372989338
146 0.00036481917391093806
153 0.00045905907976567014
168 0.00004914275771090647
217 0.001567168148435132
219 0.001808075074879676
235 0.000244549715989849
259 0.0013630457693645831
342 0.0004885960299787504
538 0.00037310999523034225
601 0.0004176750344063272
742 0.00040692219849536895
1304 0.0016787592971892833
3452 0.0011370166061384682