5 0.0001350647307564619
6 0.0001812981754032979
10 0.00003138998729041841
13 0.0006249962611345944
24 0.00012749924599488326
25 0.00014742827313271942
26 0.000018360514340706863
27 0.000013301102101113839
28 0.00003343473243702148
29 0.000021345713143803165
31 0.000022094106842319594
32 0.0001446627800658901
34 0.00011936985864893924
36 0.00017439542599474
41 0.00018725926302105958
43 0.0001247963410453852
44 0.00015086301495667102
45 0.00000876923174820536
57 0.0005405050727592154
59 0.000006462183444711172
60 0.000012924366889422343
91 0.0007039019999193597
93 0.0006907477305171405
95 0.00027385185796449787
96 0.00021365079048330874
97 0.0001204079350624512
103 0.00008541133970179466
119 0.001235881109505292
124 0.0006842981779500422
125 0.00038013792159427004
132 0.0003870087270600267
139 0.0001247963410453852
140 0.0002005952689646678
159 0.0004226030848760234
161 0.0006469749241775125
163 0.00029998219746697925
166 0.0009210032187593025
167 0.0006370272523515608
169 0.0002663490497050791
172 0.00023913727761189357
185 0.00023389514674621796
186 0.00040692219849536895
195 0.00021509233277500263
219 0.0003616150149759352
266 0.0003010819448897304
271 0.0008830344552307394
273 0.0003697439993427182
434 0.0006546355433793449
455 0.000466348213813385
460 0.0006554485025236457
483 0.0003800531302520963
584 0.0006973202833102012
607 0.004967672473853856
653 0.01390186139982402
676 0.0005818342485617932
703 0.0009982446762925661
750 0.0025154686108705584
795 0.0010707949874704638
816 0.0004852300340911263
851 0.00046935029736931276
931 0.0008128063180586093
1036 0.000867999321848377
1269 0.0006007160688395344
1356 0.0005648761188866944
1403 0.0013299434608420094
1409 0.0008384895369568529
1694 0.005723853430231566
1868 0.0006075174674600367
1973 0.0007375005660187797
2208 0.000790558501893244
2243 0.0007709345372720537
3449 0.0009060445366416521
3453 0.000953975571705261
3454 0.000953975571705261
3455 0.008172244571120481
3456 0.004086122285560241
3457 0.004086122285560241
3458 0.0020430611427801203
3459 0.005107652856950301
3460 0.004086122285560241
3461 0.0011370166061384682
3462 0.001907951143410522
3463 0.0010215305713900601
3464 0.0010215305713900601
3465 0.0011370166061384682