5 0.0001350647307564619
6 0.00011331135962706119
8 0.0011512462175285675
9 0.0007047129186040493
10 0.00004185331638722455
15 0.00016601158031786812
24 0.00012749924599488326
26 0.000013770385755530148
27 0.0000066505510505569195
28 0.000028658342088875557
29 0.000010672856571901583
31 0.000016570580131739694
32 0.0001446627800658901
36 0.00017439542599474
41 0.00018725926302105958
42 0.00029780424319051263
43 0.0001247963410453852
44 0.00015086301495667102
45 0.00000876923174820536
59 0.000006462183444711172
60 0.000012924366889422343
66 0.004408356985377814
67 0.0006987623629892522
68 0.0008056162688366655
69 0.0034691148736647986
74 0.0001314382268441069
75 0.002780913584505793
76 0.00023762262054737309
77 0.0008779469936743287
78 0.0005309542669637955
80 0.0006787343976211396
81 0.0006678080987797565
82 0.0004991223381462831
93 0.0002302492435057135
95 0.00027385185796449787
96 0.00021365079048330874
97 0.0000602039675312256
103 0.00017082267940358932
119 0.000308970277376323
131 0.0013299434608420094
138 0.0005999643949339585
139 0.0001247963410453852
141 0.0005103588061228796
159 0.00014086769495867446
161 0.00032348746208875627
169 0.0002663490497050791
172 0.00023913727761189357
174 0.0004111404270832213
180 0.0002526001287307366
181 0.007230035022084448
184 0.002718133609924956
188 0.0005182941691667408
189 0.0009510435709733304
195 0.00021509233277500263
196 0.0005309542669637955
200 0.0011332287175207113
201 0.0003782900330627366
202 0.00030783737547859243
213 0.00036481917391093806
222 0.0003748188423091808
266 0.0003010819448897304
299 0.0003209819843539111
302 0.00038363630339787504
354 0.0009910783300010088
361 0.0004605016093796513
365 0.002747428478362983
368 0.0005494856956725966
369 0.0005544595315855724
393 0.00048193069598779744
434 0.00032731777168967243
519 0.0004221783120451008
555 0.0006871708547968443
700 0.0007820849235471108
818 0.002057475909167382
842 0.000570339268307386
916 0.0012928806034244072
931 0.0008128063180586093
940 0.0005544595315855724
960 0.0004724074680904385
1027 0.0007230035022084448
1047 0.0006146083728946911
1048 0.0007096674962648366
1145 0.000790558501893244
1255 0.0007709345372720537
1287 0.0005595864323964277
1318 0.0006649717304210047
1435 0.0007709345372720537
1436 0.0008688663374890013
1477 0.0005494856956725966
1582 0.0013401727475765846
1588 0.000685825303055794
1589 0.0007533803027405932
2037 0.0012757885359843703
2208 0.000790558501893244
3441 0.0008384895369568529
3470 0.0020430611427801203
3471 0.0011370166061384682
3472 0.0011370166061384682
3473 0.0011370166061384682
3474 0.0011370166061384682
3475 0.0011370166061384682
3476 0.0011370166061384682
3477 0.0011370166061384682