0 0.00010360515709016387
5 0.0001350647307564619
6 0.0000679868157762367
8 0.0006907477305171405
9 0.0007047129186040493
10 0.00004185331638722455
15 0.0002213487737571575
24 0.0002549984919897665
25 0.00004914275771090647
26 0.000009180257170353432
27 0.00004655385735389843
28 0.00002388195174072963
29 0.000021345713143803165
31 0.000016570580131739694
32 0.0002893255601317802
34 0.00011936985864893924
36 0.00034879085198948
41 0.0005617777890631787
44 0.00015086301495667102
45 0.000005846154498803574
50 0.0002264793260650582
52 0.0004722432184548375
53 0.0014571808187348043
54 0.00032108878593043
59 0.000012924366889422343
60 0.000012924366889422343
66 0.0031488264181270104
67 0.0024456682704623823
68 0.002819656940928329
69 0.004240029290034754
73 0.0004885960299787504
74 0.0001314382268441069
75 0.0015449519913921072
77 0.00043897349683716435
78 0.0005309542669637955
80 0.0013574687952422793
81 0.0020034242963392697
82 0.001497367014438849
89 0.00033798452589909114
95 0.00041077778694674673
96 0.0004985185111277203
98 0.00029888966155459023
103 0.00017082267940358932
131 0.001994915191263014
136 0.00029565439233481325
139 0.00037438902313615557
151 0.0003393671988105698
159 0.0005634707798346978
161 0.00032348746208875627
163 0.00029998219746697925
167 0.0003185136261757804
169 0.0002663490497050791
174 0.0004111404270832213
178 0.0007709345372720537
180 0.0002526001287307366
181 0.012291059537543562
184 0.010872534439699825
195 0.00043018466555000526
199 0.0007375005660187797
200 0.0019831502556612443
201 0.0007565800661254732
202 0.00030783737547859243
214 0.0007431700718136128
222 0.0003748188423091808
273 0.0003697439993427182
302 0.00038363630339787504
361 0.0004605016093796513
362 0.0005999643949339585
368 0.0005494856956725966
369 0.0005544595315855724
384 0.00047869542676802046
393 0.0009638613919755949
416 0.0003493811814946261
434 0.00032731777168967243
571 0.0007533803027405932
700 0.0003910424617735554
734 0.0005027842686225869
818 0.001371650606111588
853 0.0005494856956725966
916 0.0006464403017122036
1047 0.0006146083728946911
1048 0.0007096674962648366
1255 0.0015418690745441074
1318 0.0006649717304210047
1435 0.0007709345372720537
1436 0.0008688663374890013
1588 0.001371650606111588
1589 0.005273662119184152
1681 0.0008384895369568529
1938 0.0006146083728946911
2037 0.0006378942679921852
2850 0.0008128063180586093
3441 0.0008384895369568529
3470 0.0010215305713900601
3478 0.0010215305713900601
3479 0.0022740332122769364
3480 0.0010215305713900601
3481 0.0011370166061384682
3482 0.0011370166061384682