0 0.00010360515709016387
5 0.0002701294615129238
6 0.0001812981754032979
10 0.00003138998729041841
13 0.0009374943917018915
15 0.00011067438687857875
24 0.0006374962299744162
25 0.00014742827313271942
26 0.000027540771511060296
27 0.00001995165315167076
28 0.000028658342088875557
29 0.00002668214142975396
30 0.00008005552081252168
31 0.000022094106842319594
32 0.00021699417009883517
34 0.00005968492932446962
41 0.00018725926302105958
43 0.0001247963410453852
44 0.00015086301495667102
45 0.000002923077249401787
46 0.0016365888584483623
47 0.0002708891434150717
48 0.0004238700903424619
49 0.0002231883932943071
50 0.00004529586521301164
52 0.00023612160922741876
54 0.0004816331788956449
57 0.0007206734303456206
59 0.000025848733778844687
60 0.000012924366889422343
65 0.00279808928288031
72 0.0003697439993427182
74 0.0001314382268441069
75 0.00030899039827842145
76 0.0009504904821894923
93 0.0002302492435057135
95 0.00020538889347337336
96 0.00021365079048330874
97 0.0000602039675312256
98 0.00029888966155459023
99 0.0007230035022084448
100 0.00014427673725646523
103 0.00008541133970179466
119 0.0001544851386881615
121 0.0002131283281512035
124 0.00045619878530002813
125 0.00038013792159427004
139 0.00037438902313615557
140 0.0002005952689646678
159 0.00014086769495867446
164 0.00033123821444378676
172 0.00023913727761189357
176 0.0004576534865273853
188 0.0015548825075002222
195 0.00021509233277500263
203 0.0009410519397369785
214 0.0004954467145424086
217 0.002462692804683779
223 0.0027786014160381027
255 0.00047827455522378713
264 0.000570339268307386
266 0.0003010819448897304
299 0.0003209819843539111
300 0.002118360963695287
301 0.0002517773560482004
312 0.0004885960299787504
328 0.0003260311928669616
331 0.0003136839799123262
362 0.00029998219746697925
374 0.0006220145312703716
416 0.0006987623629892522
434 0.00032731777168967243
456 0.0008097049368112787
470 0.00044672424919219483
482 0.0012084244032549982
496 0.0003493811814946261
517 0.0023620373404521925
644 0.0005399624677752377
645 0.0005353974937352319
703 0.0009982446762925661
730 0.0006554485025236457
742 0.0012207665954861067
774 0.0017825443845492855
797 0.0009510435709733304
960 0.000944814936180877
966 0.0006464403017122036
1252 0.000570339268307386
1283 0.0031597587709897763
1285 0.0018120890732833041
2311 0.0010215305713900601
2399 0.0010215305713900601
2446 0.0010215305713900601
3483 0.000953975571705261
3484 0.0034110498184154047
3485 0.0011370166061384682
3486 0.0011370166061384682