5 0.0001350647307564619
6 0.0001359736315524734
8 0.000460498487011427
10 0.00005231664548403069
13 0.0009374943917018915
15 0.000055337193439289376
18 0.0003172930263603734
20 0.0002851269943544553
24 0.0003824977379846497
25 0.00004914275771090647
26 0.000013770385755530148
27 0.000026602204202227678
28 0.00002388195174072963
29 0.000021345713143803165
30 0.00008005552081252168
31 0.000027617633552899494
32 0.0002893255601317802
36 0.00017439542599474
41 0.0005617777890631787
43 0.0001247963410453852
44 0.00015086301495667102
45 0.000005846154498803574
50 0.00009059173042602328
54 0.0008027219648260749
56 0.00034358542739842214
59 0.000019386550334133513
60 0.000012924366889422343
74 0.0001314382268441069
76 0.00023762262054737309
87 0.00036808616347914477
91 0.0023463399997311995
95 0.00047924075143787115
96 0.0004985185111277203
97 0.0000602039675312256
100 0.00014427673725646523
103 0.00008541133970179466
122 0.00030783737547859243
124 0.00022809939265001406
125 0.00038013792159427004
132 0.00019350436353001335
133 0.0009742634189479845
134 0.0008096646950070818
138 0.00029998219746697925
139 0.000623981705226926
146 0.00036481917391093806
159 0.0005634707798346978
160 0.00043897349683716435
161 0.0009704623862662688
168 0.00009828551542181294
171 0.0008353500688126544
175 0.00028530254609905744
185 0.00023389514674621796
217 0.004029860953118911
223 0.001768200901115156
234 0.00038363630339787504
255 0.0016739609432832548
266 0.0003010819448897304
275 0.0013299434608420094
290 0.0005648761188866944
300 0.0016644264714748686
311 0.00033798452589909114
312 0.0009771920599575008
394 0.0008688663374890013
416 0.0003493811814946261
456 0.00040485246840563934
497 0.00044672424919219483
530 0.0002736737953600468
567 0.0007096674962648366
599 0.0024956116907314152
613 0.0008353500688126544
691 0.001150908910193625
703 0.0004991223381462831
734 0.0005027842686225869
797 0.002377608927433326
853 0.0005494856956725966
1072 0.0005544595315855724
1103 0.00046935029736931276
1342 0.0007230035022084448
1577 0.000685825303055794
1887 0.000953975571705261
2239 0.0007709345372720537
2243 0.0007709345372720537
2414 0.0008128063180586093
3487 0.006822099636830809
3488 0.004548066424553873
3489 0.0011370166061384682
3490 0.0009060445366416521
3491 0.0010215305713900601