0 0.00020721031418032774
2 0.0003632093920196124
4 0.003206308646779724
5 0.0001350647307564619
6 0.00009064908770164895
7 0.0028309141009672375
8 0.000920996974022854
9 0.006694772726738468
10 0.00005231664548403069
11 0.0013323011929440589
13 0.001874988783403783
17 0.0007312969865046622
18 0.0003172930263603734
23 0.0003835556157519472
24 0.00012749924599488326
25 0.00004914275771090647
26 0.000018360514340706863
27 0.000013301102101113839
28 0.000009552780696291852
29 0.000016009284857852372
30 0.00016011104162504336
31 0.000016570580131739694
34 0.00011936985864893924
36 0.00017439542599474
37 0.002791552498900101
38 0.0018306139461095412
39 0.0008688663374890013
40 0.0017377326749780026
41 0.00018725926302105958
45 0.000011692308997607148
47 0.0002708891434150717
48 0.0004238700903424619
50 0.00004529586521301164
53 0.0014571808187348043
59 0.000032310917223555856
60 0.000038773100668267026
84 0.0005494856956725966
97 0.0000602039675312256
100 0.00028855347451293045
122 0.00030783737547859243
132 0.00058051309059004
133 0.00032475447298266157
138 0.0014999109873348963
139 0.0002495926820907704
143 0.0002681502686494669
159 0.00014086769495867446
160 0.00307281447786015
168 0.00004914275771090647
171 0.0008353500688126544
189 0.0009510435709733304
203 0.0009410519397369785
219 0.0007232300299518704
247 0.0003148783300420517
360 0.0005309542669637955
372 0.0003553858360236491
392 0.00047869542676802046
417 0.0007200715014765141
442 0.00036481917391093806
589 0.0007636701689069744
601 0.0008353500688126544
613 0.0004176750344063272
758 0.0018120890732833041
759 0.0008384895369568529
760 0.0034110498184154047
761 0.000953975571705261
762 0.0034110498184154047
763 0.0034110498184154047
764 0.0010215305713900601
765 0.0034110498184154047
766 0.0006378942679921852
767 0.0008138443969907379
768 0.0022740332122769364
769 0.0022740332122769364
770 0.00612918342834036
771 0.0011370166061384682
772 0.000953975571705261
773 0.0011370166061384682
774 0.001188362923032857
775 0.0007296383478218761
776 0.0004154682322153874
777 0.0022740332122769364
778 0.0008128063180586093