6 0.00009064908770164895
10 0.00006277997458083683
15 0.000055337193439289376
20 0.00014256349717722765
24 0.00012749924599488326
25 0.00009828551542181294
26 0.000013770385755530148
27 0.0000332527552527846
28 0.000019105561392583703
29 0.000010672856571901583
31 0.00003314116026347939
32 0.0002893255601317802
34 0.00017905478797340885
36 0.00017439542599474
45 0.000005846154498803574
49 0.0002231883932943071
54 0.00032108878593043
57 0.0005405050727592154
59 0.000019386550334133513
60 0.000012924366889422343
75 0.0009269711948352643
80 0.0013574687952422793
81 0.001335616197559513
93 0.0011512462175285675
95 0.00020538889347337336
96 0.00021365079048330874
97 0.00018061190259367678
108 0.0002542579645943101
109 0.005727526266802308
119 0.000308970277376323
120 0.0013946405666204024
121 0.000426256656302407
136 0.0005913087846696265
159 0.0008452061697520468
168 0.00004914275771090647
189 0.0004755217854866652
200 0.0008499215381405333
252 0.001270990421647586
286 0.0006973202833102012
384 0.004308258840912184
393 0.00048193069598779744
416 0.0003493811814946261
434 0.00032731777168967243
446 0.0012530251032189816
546 0.0007709345372720537
601 0.0004176750344063272
619 0.0005446560494091424
624 0.0019277227839511898
635 0.0015548825075002222
657 0.0009060445366416521
738 0.0006750724671448359
739 0.0006750724671448359
831 0.0012440290625407432
933 0.0005224082332437771
1066 0.0009638613919755949
1147 0.0014750011320375594
1582 0.00044672424919219483
2279 0.015092811665223351
2358 0.001907951143410522
3492 0.011236836285290661
3493 0.000953975571705261