0 0.00020721031418032774
5 0.0005402589230258477
10 0.000020926658193612276
15 0.00016601158031786812
24 0.0002549984919897665
25 0.00009828551542181294
26 0.000009180257170353432
27 0.00001995165315167076
28 0.000028658342088875557
29 0.00002668214142975396
31 0.0000055235267105798985
32 0.0002893255601317802
36 0.00017439542599474
41 0.0005617777890631787
45 0.000005846154498803574
48 0.00014129003011415398
50 0.00004529586521301164
52 0.00023612160922741876
53 0.0011657446549878435
54 0.00032108878593043
59 0.000012924366889422343
60 0.000006462183444711172
67 0.0003493811814946261
75 0.00030899039827842145
80 0.0003393671988105698
81 0.00033390404938987825
93 0.000460498487011427
95 0.00027385185796449787
96 0.00028486772064441167
121 0.0006393849844536105
124 0.00022809939265001406
132 0.00019350436353001335
140 0.0002005952689646678
148 0.00039487277137447156
159 0.0002817353899173489
169 0.0002663490497050791
185 0.0009355805869848718
186 0.0024415331909722134
195 0.00043018466555000526
202 0.00030783737547859243
232 0.0005182941691667408
279 0.0006464403017122036
297 0.001797560336553145
298 0.0019964893525851323
299 0.0035308018278930224
308 0.0005309542669637955
328 0.0003260311928669616
416 0.0010481435444838782
434 0.00032731777168967243
470 0.00044672424919219483
475 0.0002526001287307366
496 0.0027950494519570087
509 0.0009573908535360409
519 0.0004221783120451008
540 0.0011297522377733888
691 0.00038363630339787504
933 0.0010448164664875542
940 0.0005544595315855724
1103 0.00046935029736931276
1308 0.0007375005660187797
1734 0.0006378942679921852
1854 0.0005818342485617932
2441 0.007631804573642088
3144 0.0016769790739137058
3494 0.00612918342834036
3495 0.002718133609924956
3496 0.0008128063180586093
3497 0.0010215305713900601
3498 0.0011370166061384682