0 0.00010360515709016387
6 0.0000679868157762367
10 0.00004185331638722455
15 0.000055337193439289376
17 0.00024376566216822076
20 0.00014256349717722765
25 0.00004914275771090647
26 0.000009180257170353432
27 0.00001995165315167076
28 0.000014329171044437778
29 0.000016009284857852372
30 0.00008005552081252168
31 0.000027617633552899494
32 0.0001446627800658901
34 0.00005968492932446962
36 0.00017439542599474
45 0.000005846154498803574
48 0.00014129003011415398
53 0.0008743084912408826
59 0.000012924366889422343
60 0.000012924366889422343
71 0.0013302632007602699
91 0.0007039019999193597
92 0.00036481917391093806
93 0.0006907477305171405
95 0.00020538889347337336
96 0.00021365079048330874
119 0.0001544851386881615
121 0.000426256656302407
125 0.00019006896079713502
140 0.0002005952689646678
144 0.0008345349136056791
149 0.0006146083728946911
153 0.00045905907976567014
180 0.0002526001287307366
186 0.0012207665954861067
265 0.0009688341498936509
847 0.00226014090822178
1578 0.0024384189541758277
1888 0.006502450544468874
1925 0.0006220145312703716
2043 0.0005759876441280593
3511 0.011370166061384683
3512 0.0056850830306923415
3513 0.0010215305713900601
3514 0.0010215305713900601
3515 0.0011370166061384682