2 0.001089628176058837
5 0.0001350647307564619
6 0.00015863590347788565
10 0.00005231664548403069
15 0.0002213487737571575
17 0.00024376566216822076
20 0.00014256349717722765
25 0.00004914275771090647
26 0.000009180257170353432
27 0.000026602204202227678
28 0.000009552780696291852
29 0.000010672856571901583
30 0.00016011104162504336
31 0.000016570580131739694
32 0.0001446627800658901
34 0.00011936985864893924
45 0.000005846154498803574
50 0.0001358875956390349
59 0.000012924366889422343
60 0.00012924366889422343
89 0.00033798452589909114
91 0.00046926799994623984
92 0.0007296383478218761
93 0.0002302492435057135
95 0.00027385185796449787
96 0.00028486772064441167
100 0.0004328302117693956
103 0.00008541133970179466
108 0.0002542579645943101
144 0.0010431686420070989
168 0.00004914275771090647
169 0.0002663490497050791
175 0.0005706050921981149
177 0.00044410039764801966
185 0.00023389514674621796
216 0.0006075174674600367
224 0.0005182941691667408
255 0.00023913727761189357
265 0.00024220853747341272
372 0.0003553858360236491
429 0.0004755217854866652
512 0.00044672424919219483
613 0.0004176750344063272
751 0.0015067606054811865
778 0.0008128063180586093
793 0.0011519752882561186
805 0.0251636822055559
847 0.0015067606054811865
1008 0.015931301202180205
1242 0.0005648761188866944
1590 0.015639594074802022
1861 0.0017377326749780026
2215 0.014496712586266433
2302 0.0008688663374890013
3516 0.0011370166061384682
3517 0.004548066424553873
3518 0.0056850830306923415