5 0.0001350647307564619
6 0.00011331135962706119
8 0.0011512462175285675
10 0.000020926658193612276
20 0.00014256349717722765
25 0.00009828551542181294
26 0.000027540771511060296
27 0.000013301102101113839
28 0.000004776390348145926
29 0.000005336428285950791
30 0.00008005552081252168
31 0.00003314116026347939
34 0.00005968492932446962
45 0.000014615386247008935
47 0.0005417782868301434
50 0.00004529586521301164
54 0.0004816331788956449
57 0.00018016835758640515
59 0.000019386550334133513
60 0.00005169746755768937
74 0.0001314382268441069
93 0.0002302492435057135
100 0.00014427673725646523
139 0.0001247963410453852
140 0.0004011905379293356
144 0.00041726745680283956
149 0.0006146083728946911
153 0.00022952953988283507
155 0.000629765283625402
168 0.00009828551542181294
169 0.0007990471491152373
172 0.00023913727761189357
180 0.0005052002574614732
213 0.00036481917391093806
217 0.002686573968745941
223 0.0002526001287307366
234 0.00038363630339787504
255 0.00023913727761189357
276 0.0007394879986854364
300 0.0007565574870340312
301 0.0002517773560482004
328 0.0003260311928669616
417 0.0007200715014765141
449 0.0034144535728114237
482 0.00040280813441833274
488 0.0005648761188866944
519 0.0004221783120451008
554 0.0003600357507382571
727 0.0005494856956725966
775 0.00036481917391093806
780 0.0021290024887945097
802 0.0007533803027405932
913 0.001233421281249664
1038 0.0005103588061228796
1171 0.0005182941691667408
1251 0.01430142799946084
1252 0.001140678536614772
1285 0.0009060445366416521
1868 0.0006075174674600367
2072 0.0010215305713900601
2776 0.0020430611427801203
2924 0.0014460070044168896
3527 0.006822099636830809
3528 0.006822099636830809
3529 0.0011370166061384682
3530 0.0022740332122769364