6 0.00011331135962706119
10 0.00003138998729041841
23 0.0003835556157519472
24 0.0006374962299744162
26 0.000013770385755530148
27 0.000013301102101113839
28 0.00002388195174072963
29 0.00002668214142975396
30 0.00024016656243756505
31 0.00003314116026347939
34 0.00011936985864893924
45 0.000011692308997607148
50 0.00004529586521301164
57 0.0009008417879320257
59 0.000006462183444711172
60 0.000025848733778844687
71 0.0006651316003801349
76 0.00047524524109474617
91 0.00046926799994623984
92 0.00036481917391093806
95 0.00006846296449112447
96 0.00007121693016110292
97 0.0002408158701249024
100 0.00014427673725646523
119 0.000308970277376323
124 0.00045619878530002813
125 0.00019006896079713502
134 0.00020241617375177045
143 0.0005363005372989338
153 0.00022952953988283507
154 0.0007533803027405932
159 0.00014086769495867446
167 0.0003185136261757804
168 0.00004914275771090647
169 0.0002663490497050791
175 0.00028530254609905744
185 0.00023389514674621796
186 0.00040692219849536895
217 0.0011194058203108088
255 0.0016739609432832548
265 0.00024220853747341272
271 0.0008830344552307394
300 0.0006052459896272249
301 0.0025177735604820038
304 0.0024877008521655437
305 0.002824380594433472
362 0.001199928789867917
416 0.0003493811814946261
417 0.0007200715014765141
442 0.00036481917391093806
457 0.0012757885359843703
475 0.0007578003861922098
483 0.0007601062605041926
530 0.0002736737953600468
635 0.0005182941691667408
671 0.0003910424617735554
676 0.0005818342485617932
775 0.00036481917391093806
966 0.0019393209051366106
1036 0.0004339996609241885
1038 0.0005103588061228796
1301 0.0008688663374890013
1559 0.0012150349349200735
1703 0.001581117003786488
2267 0.00453022268320826
3493 0.000953975571705261
3531 0.0020430611427801203
3532 0.0011370166061384682
3533 0.0010215305713900601
3534 0.000953975571705261
3535 0.0010215305713900601
3536 0.0011370166061384682
3537 0.015918232485938554
3538 0.0022740332122769364