5 0.0001350647307564619
6 0.00004532454385082448
8 0.000460498487011427
10 0.00005231664548403069
15 0.00016601158031786812
18 0.0003172930263603734
24 0.00012749924599488326
25 0.00004914275771090647
26 0.000018360514340706863
27 0.000026602204202227678
28 0.000014329171044437778
29 0.00002668214142975396
31 0.000016570580131739694
34 0.00005968492932446962
36 0.00069758170397896
41 0.00037451852604211916
45 0.00000876923174820536
48 0.00014129003011415398
49 0.0002231883932943071
57 0.00018016835758640515
59 0.000006462183444711172
60 0.000025848733778844687
67 0.0006987623629892522
68 0.0024168488065099965
69 0.002312743249109866
71 0.00033256580019006747
72 0.0007394879986854364
75 0.0012359615931136858
91 0.00046926799994623984
92 0.0007296383478218761
98 0.0005977793231091805
119 0.000617940554752646
121 0.0002131283281512035
122 0.0006156747509571849
129 0.0004724074680904385
139 0.0002495926820907704
157 0.001371650606111588
159 0.0002817353899173489
160 0.0008779469936743287
168 0.00004914275771090647
172 0.00023913727761189357
192 0.0007375005660187797
201 0.0003782900330627366
202 0.00030783737547859243
266 0.0003010819448897304
271 0.0004415172276153697
304 0.0014215433440945965
306 0.001882726989816103
326 0.0005399624677752377
398 0.0003632093920196124
442 0.0007296383478218761
449 0.0012804200898042838
496 0.0003493811814946261
519 0.0004221783120451008
530 0.0002736737953600468
539 0.0010989713913451932
540 0.0005648761188866944
602 0.0009910783300010088
639 0.00045485323355897795
741 0.0006750724671448359
779 0.001907951143410522
780 0.0007096674962648366
781 0.015918232485938554
782 0.0006220145312703716
783 0.0006649717304210047
784 0.014781215879800086
785 0.0006973202833102012
786 0.001140678536614772
787 0.0014460070044168896
788 0.0009060445366416521
789 0.0008384895369568529
790 0.0006649717304210047
791 0.0011370166061384682
792 0.000953975571705261
793 0.0011519752882561186
794 0.0011370166061384682
795 0.0005353974937352319
796 0.0011370166061384682
797 0.0004755217854866652