2 0.0003632093920196124
3 0.00044939008413828627
4 0.0004007885808474655
6 0.00022662271925412238
9 0.0007047129186040493
10 0.00006277997458083683
15 0.000055337193439289376
20 0.00014256349717722765
23 0.0001917778078759736
25 0.00009828551542181294
26 0.000009180257170353432
27 0.00004655385735389843
28 0.000014329171044437778
29 0.000016009284857852372
30 0.00008005552081252168
31 0.00003314116026347939
34 0.00005968492932446962
36 0.00052318627798422
37 0.0011963796423857577
38 0.002288267432636927
41 0.00018725926302105958
43 0.0001247963410453852
44 0.00015086301495667102
45 0.000005846154498803574
48 0.0005651601204566159
50 0.00004529586521301164
54 0.00032108878593043
57 0.00018016835758640515
59 0.000012924366889422343
60 0.000012924366889422343
74 0.0003943146805323207
75 0.004016875177619479
76 0.00047524524109474617
77 0.0017558939873486574
93 0.0002302492435057135
95 0.00047924075143787115
96 0.0004985185111277203
97 0.0002408158701249024
103 0.00017082267940358932
110 0.0003600357507382571
117 0.0015418288327399105
134 0.00020241617375177045
141 0.0005103588061228796
148 0.0011846183141234145
158 0.0007530907959264412
159 0.0008452061697520468
162 0.0003800531302520963
163 0.00029998219746697925
168 0.00004914275771090647
180 0.0007578003861922098
190 0.0005494856956725966
194 0.0004339996609241885
200 0.0005666143587603556
203 0.0003136839799123262
214 0.0002477233572712043
234 0.00038363630339787504
252 0.00021183173694126436
255 0.00023913727761189357
262 0.0003464581042452242
303 0.0004090179636081414
324 0.0006554485025236457
327 0.00047869542676802046
328 0.0003260311928669616
343 0.002169998304620943
367 0.0005759876441280593
370 0.0004221783120451008
372 0.0003553858360236491
436 0.0006146083728946911
482 0.0008056162688366655
493 0.0005759876441280593
530 0.0005473475907200936
599 0.0009982446762925661
601 0.0012530251032189816
619 0.0010893120988182848
635 0.0010365883383334816
700 0.0003910424617735554
702 0.010172552380969405
716 0.0022742661677948896
799 0.002648030231439156
806 0.0024415331909722134
870 0.0012150349349200735
882 0.0008128063180586093
923 0.000570339268307386
930 0.0005648761188866944
966 0.0006464403017122036
975 0.0016633785947567173
976 0.0007375005660187797
985 0.0019543841199150015
1049 0.001259530567250804
1104 0.001966345507570937
1171 0.0005182941691667408
1910 0.008128063180586093
2528 0.0008384895369568529
3539 0.01819226569821549
3540 0.009096132849107746
3541 0.0011370166061384682
3542 0.0008128063180586093
3543 0.0034110498184154047
3544 0.0056850830306923415
3545 0.0011370166061384682
3546 0.006822099636830809
3547 0.0011370166061384682
3548 0.0011370166061384682
3549 0.0010215305713900601