0 0.00010360515709016387
5 0.0001350647307564619
6 0.00009064908770164895
10 0.000010463329096806138
14 0.0005291341910073765
20 0.00014256349717722765
22 0.0005595864323964277
24 0.00012749924599488326
25 0.00004914275771090647
26 0.000009180257170353432
27 0.00001995165315167076
28 0.000014329171044437778
29 0.000021345713143803165
30 0.00016011104162504336
31 0.000011047053421159797
32 0.0001446627800658901
36 0.00017439542599474
41 0.00018725926302105958
43 0.0001247963410453852
44 0.00015086301495667102
45 0.00000876923174820536
48 0.00014129003011415398
50 0.00009059173042602328
52 0.0011806080461370938
53 0.0008743084912408826
54 0.0011238107507565048
59 0.000006462183444711172
60 0.000006462183444711172
74 0.0001314382268441069
95 0.0006161666804201201
96 0.0006409523714499261
97 0.0001204079350624512
98 0.001195558646218361
100 0.00014427673725646523
103 0.00017082267940358932
133 0.0009742634189479845
134 0.00020241617375177045
136 0.00029565439233481325
139 0.0002495926820907704
161 0.0006469749241775125
162 0.0003800531302520963
168 0.00004914275771090647
169 0.0002663490497050791
170 0.00043897349683716435
185 0.0011694757337310899
219 0.001808075074879676
233 0.00038915983010845493
235 0.000244549715989849
259 0.0017038072117057288
300 0.0006052459896272249
301 0.0005035547120964008
309 0.006319517541979553
311 0.00033798452589909114
327 0.0028721725606081225
428 0.0007375005660187797
530 0.0002736737953600468
538 0.00037310999523034225
611 0.0005309542669637955
671 0.0003910424617735554
734 0.0020111370744903476
740 0.0005595864323964277
808 0.000570339268307386
1000 0.0007533803027405932
1132 0.0013323011929440589
3550 0.0020430611427801203
3551 0.0011370166061384682
3552 0.0011370166061384682
3553 0.0011370166061384682