0 0.00010360515709016387
6 0.0001359736315524734
8 0.000460498487011427
10 0.00003138998729041841
20 0.00014256349717722765
26 0.000009180257170353432
27 0.000026602204202227678
28 0.00002388195174072963
29 0.000021345713143803165
30 0.00008005552081252168
31 0.000022094106842319594
32 0.0001446627800658901
41 0.00018725926302105958
43 0.0001247963410453852
44 0.00015086301495667102
45 0.00000876923174820536
50 0.00009059173042602328
51 0.0026120411662188853
52 0.0014167296553645125
53 0.0008743084912408826
54 0.0008027219648260749
55 0.000904198535777999
57 0.0003603367151728103
59 0.000006462183444711172
60 0.000012924366889422343
74 0.0001314382268441069
76 0.0009504904821894923
91 0.00046926799994623984
92 0.00036481917391093806
95 0.0006161666804201201
96 0.0006409523714499261
97 0.00036122380518735357
100 0.00014427673725646523
103 0.000256234019105384
134 0.00020241617375177045
139 0.0001247963410453852
144 0.0012518023704085185
146 0.00036481917391093806
168 0.00004914275771090647
180 0.0005052002574614732
194 0.0004339996609241885
195 0.0008603693311000105
213 0.00036481917391093806
214 0.0002477233572712043
219 0.0003616150149759352
223 0.0002526001287307366
234 0.0007672726067957501
252 0.0008473269477650574
255 0.0014348236656713614
256 0.0015798793854948881
362 0.0008999465924009378
512 0.00044672424919219483
554 0.0003600357507382571
555 0.0013743417095936886
601 0.0004176750344063272
664 0.0010215305713900601
775 0.00036481917391093806
816 0.0004852300340911263
833 0.002026113986087854
834 0.0019136828039765554
902 0.0005544595315855724
951 0.0006973202833102012
1051 0.0006750724671448359
1086 0.0005446560494091424
1132 0.00044410039764801966
1785 0.0005648761188866944
1963 0.0006973202833102012
2336 0.0015798793854948881
3198 0.0008688663374890013
3243 0.0010215305713900601
3550 0.0010215305713900601
3554 0.000953975571705261
3555 0.0011370166061384682
3556 0.004548066424553873