10 0.0000837066327744491
20 0.00014256349717722765
24 0.00012749924599488326
26 0.000009180257170353432
27 0.00001995165315167076
28 0.000009552780696291852
29 0.000010672856571901583
30 0.00008005552081252168
31 0.000011047053421159797
32 0.0001446627800658901
34 0.00005968492932446962
45 0.00000876923174820536
50 0.00004529586521301164
56 0.0017179271369921107
59 0.000006462183444711172
60 0.000012924366889422343
76 0.00023762262054737309
91 0.00046926799994623984
95 0.00041077778694674673
96 0.00042730158096661747
97 0.000301019837656128
100 0.00014427673725646523
103 0.00008541133970179466
124 0.0006842981779500422
125 0.00019006896079713502
127 0.0006220145312703716
133 0.00032475447298266157
134 0.00020241617375177045
139 0.0001247963410453852
163 0.00029998219746697925
164 0.00033123821444378676
168 0.00009828551542181294
172 0.0007174118328356807
185 0.0007016854402386539
213 0.00036481917391093806
219 0.0003616150149759352
255 0.0014348236656713614
292 0.0007709345372720537
300 0.0022696724611020935
307 0.0003818350844534872
311 0.0006759690517981823
362 0.00029998219746697925
457 0.0006378942679921852
458 0.0007636701689069744
530 0.0002736737953600468
601 0.0004176750344063272
691 0.00038363630339787504
797 0.002377608927433326
943 0.003548337481324183
1086 0.0005446560494091424
1154 0.0013946405666204024
1301 0.0008688663374890013
1582 0.0013401727475765846
2235 0.000790558501893244
3531 0.0020430611427801203
3533 0.0010215305713900601
3557 0.0020430611427801203
3558 0.0011370166061384682
3559 0.0034110498184154047
3560 0.0034110498184154047