6 0.00009064908770164895
10 0.000020926658193612276
15 0.00011067438687857875
17 0.00024376566216822076
25 0.00014742827313271942
26 0.000009180257170353432
27 0.00001995165315167076
28 0.000014329171044437778
29 0.000016009284857852372
30 0.00016011104162504336
31 0.000022094106842319594
32 0.0001446627800658901
42 0.00029780424319051263
43 0.0001247963410453852
44 0.00015086301495667102
45 0.000005846154498803574
46 0.00032731777168967243
48 0.00014129003011415398
49 0.0002231883932943071
50 0.00009059173042602328
54 0.00064217757186086
59 0.000019386550334133513
60 0.000012924366889422343
74 0.0001314382268441069
93 0.0002302492435057135
95 0.00047924075143787115
96 0.0004985185111277203
97 0.0000602039675312256
125 0.00019006896079713502
132 0.00019350436353001335
133 0.0006495089459653231
136 0.00029565439233481325
137 0.000570339268307386
139 0.000623981705226926
144 0.00020863372840141978
151 0.0006787343976211396
153 0.00045905907976567014
159 0.0002817353899173489
161 0.0006469749241775125
162 0.0003800531302520963
170 0.00043897349683716435
197 0.000570339268307386
214 0.0017340635008984298
217 0.0004477623281243235
219 0.0003616150149759352
223 0.0007578003861922098
259 0.0003407614423411458
299 0.0003209819843539111
300 0.00045393449222041863
301 0.0005035547120964008
302 0.0007672726067957501
311 0.00033798452589909114
326 0.0005399624677752377
331 0.0003136839799123262
390 0.001175787005677693
416 0.0003493811814946261
452 0.0005399624677752377
538 0.00037310999523034225
555 0.00034358542739842214
612 0.0006750724671448359
701 0.0034220356098443156
742 0.0008138443969907379
743 0.0003800531302520963
776 0.0004154682322153874
923 0.001140678536614772
933 0.0005224082332437771
960 0.0004724074680904385
1075 0.0013299434608420094
1171 0.0010365883383334816
1248 0.0005353974937352319
1300 0.0008688663374890013
1338 0.004525082111985424
1463 0.0021690105066253344
2058 0.0006973202833102012
2327 0.0025857612068488143
2336 0.001053252923663259
2967 0.0009060445366416521
3198 0.0017377326749780026
3561 0.0025154686108705584
3562 0.0022740332122769364
3563 0.0011370166061384682