6 0.0000679868157762367
10 0.00005231664548403069
14 0.00026456709550368824
15 0.00011067438687857875
20 0.00014256349717722765
25 0.00004914275771090647
26 0.000009180257170353432
27 0.00001995165315167076
28 0.000014329171044437778
29 0.000016009284857852372
30 0.00024016656243756505
31 0.00003314116026347939
32 0.0001446627800658901
34 0.00005968492932446962
36 0.00017439542599474
45 0.000005846154498803574
50 0.00009059173042602328
54 0.000160544392965215
59 0.000012924366889422343
60 0.000012924366889422343
76 0.00023762262054737309
91 0.00046926799994623984
95 0.00047924075143787115
96 0.0004985185111277203
97 0.00018061190259367678
100 0.00014427673725646523
102 0.0003910424617735554
108 0.0002542579645943101
121 0.0006393849844536105
122 0.0006156747509571849
125 0.00019006896079713502
133 0.00032475447298266157
134 0.00020241617375177045
136 0.00029565439233481325
139 0.00037438902313615557
140 0.0004011905379293356
144 0.0006259011852042593
146 0.00036481917391093806
153 0.00045905907976567014
162 0.0003800531302520963
166 0.0013815048281389537
168 0.00004914275771090647
180 0.0002526001287307366
185 0.00023389514674621796
196 0.0015928628008913862
213 0.00036481917391093806
214 0.002724956929983247
219 0.0010848450449278055
223 0.0007578003861922098
235 0.000244549715989849
255 0.0023913727761189357
259 0.0010222843270234372
300 0.0007565574870340312
311 0.00033798452589909114
362 0.0020998753822688548
437 0.00043897349683716435
456 0.0008097049368112787
475 0.0002526001287307366
530 0.0002736737953600468
554 0.0003600357507382571
593 0.0007533803027405932
942 0.0006464403017122036
1088 0.0013299434608420094
1134 0.000790558501893244
3564 0.00306459171417018
3565 0.0010215305713900601
3566 0.0008384895369568529
3567 0.0008128063180586093