0 0.00010360515709016387
6 0.00009064908770164895
10 0.000020926658193612276
20 0.00014256349717722765
24 0.00012749924599488326
25 0.00004914275771090647
26 0.000009180257170353432
27 0.00001995165315167076
28 0.000009552780696291852
29 0.000010672856571901583
30 0.00016011104162504336
31 0.00003314116026347939
32 0.0001446627800658901
43 0.0001247963410453852
44 0.00015086301495667102
45 0.000005846154498803574
48 0.00028258006022830796
50 0.00004529586521301164
57 0.00018016835758640515
59 0.000006462183444711172
60 0.000012924366889422343
74 0.0001314382268441069
95 0.00041077778694674673
96 0.00042730158096661747
97 0.0000602039675312256
103 0.00008541133970179466
133 0.00032475447298266157
139 0.0001247963410453852
144 0.0008345349136056791
153 0.00022952953988283507
159 0.00014086769495867446
161 0.00032348746208875627
168 0.00004914275771090647
170 0.00043897349683716435
172 0.00047827455522378713
214 0.0012386167863560214
219 0.0003616150149759352
223 0.0005052002574614732
233 0.0007783196602169099
235 0.0007336491479695469
239 0.000685825303055794
252 0.000635495210823793
259 0.0003407614423411458
276 0.0003697439993427182
300 0.00015131149740680623
301 0.0005035547120964008
302 0.0007672726067957501
311 0.00033798452589909114
342 0.0009771920599575008
409 0.0010215305713900601
413 0.0005941814615164285
434 0.00032731777168967243
530 0.0002736737953600468
669 0.0005941814615164285
740 0.0005595864323964277
776 0.0008309364644307748
840 0.0005027842686225869
923 0.000570339268307386
1000 0.0007533803027405932
1065 0.0004415172276153697
1066 0.00048193069598779744
1069 0.0003968214617715378
1072 0.0005544595315855724
1160 0.0007096674962648366
1171 0.0005182941691667408
1192 0.0005648761188866944
1241 0.0008128063180586093
1594 0.0006554485025236457
1631 0.0008128063180586093
2336 0.0015798793854948881
2504 0.0008384895369568529
2893 0.0009060445366416521
3328 0.000953975571705261
3564 0.0010215305713900601
3568 0.0011370166061384682
3569 0.0011370166061384682
3570 0.0011370166061384682
3571 0.0011370166061384682
3572 0.0011370166061384682
3573 0.000953975571705261
3574 0.0011370166061384682
3575 0.0010215305713900601
3576 0.0011370166061384682