6 0.00004532454385082448
10 0.000020926658193612276
17 0.0004875313243364415
20 0.00014256349717722765
25 0.00004914275771090647
26 0.000009180257170353432
27 0.00001995165315167076
28 0.000009552780696291852
29 0.000010672856571901583
30 0.00016011104162504336
31 0.00004418821368463919
32 0.0001446627800658901
34 0.00017905478797340885
45 0.000005846154498803574
57 0.00018016835758640515
59 0.000006462183444711172
60 0.000012924366889422343
91 0.00046926799994623984
95 0.00027385185796449787
96 0.00028486772064441167
121 0.0002131283281512035
139 0.0001247963410453852
144 0.00041726745680283956
168 0.00004914275771090647
180 0.0005052002574614732
214 0.0004954467145424086
221 0.0004090179636081414
222 0.0003748188423091808
227 0.0005224082332437771
247 0.0003148783300420517
456 0.00040485246840563934
458 0.0003818350844534872
483 0.0003800531302520963
485 0.0008688663374890013
512 0.0008934484983843897
530 0.0002736737953600468
573 0.0004885960299787504
1562 0.0006220145312703716
1563 0.0006075174674600367
2775 0.0007230035022084448
3561 0.0025154686108705584
3579 0.0011370166061384682
3580 0.0011370166061384682
3581 0.0011370166061384682
3582 0.0034110498184154047
3583 0.0011370166061384682
3584 0.0011370166061384682
3585 0.0011370166061384682