6 0.0001359736315524734
10 0.00003138998729041841
17 0.00024376566216822076
20 0.00014256349717722765
23 0.0001917778078759736
25 0.00004914275771090647
26 0.000009180257170353432
27 0.00001995165315167076
28 0.000014329171044437778
29 0.000016009284857852372
30 0.0003202220832500867
31 0.00004418821368463919
32 0.0001446627800658901
34 0.00005968492932446962
36 0.00017439542599474
42 0.00029780424319051263
43 0.0004991853641815408
44 0.00015086301495667102
45 0.000005846154498803574
50 0.00004529586521301164
54 0.000160544392965215
57 0.00018016835758640515
59 0.000012924366889422343
60 0.000012924366889422343
74 0.0001314382268441069
91 0.00023463399997311992
95 0.00041077778694674673
96 0.00042730158096661747
97 0.0001204079350624512
121 0.000426256656302407
122 0.00030783737547859243
124 0.0013685963559000845
125 0.00019006896079713502
133 0.0009742634189479845
136 0.00029565439233481325
139 0.0004991853641815408
142 0.0004520992678889995
143 0.0002681502686494669
153 0.00022952953988283507
161 0.0006469749241775125
162 0.0003800531302520963
167 0.0003185136261757804
168 0.00004914275771090647
170 0.00043897349683716435
180 0.0002526001287307366
185 0.0007016854402386539
211 0.0005446560494091424
213 0.00036481917391093806
217 0.0022388116406216177
223 0.0010104005149229464
252 0.0004236634738825287
255 0.0011956863880594679
262 0.0006929162084904484
276 0.0007394879986854364
278 0.0004991223381462831
300 0.0007565574870340312
301 0.001510664136289202
302 0.0007672726067957501
311 0.00033798452589909114
362 0.0008999465924009378
456 0.0008097049368112787
519 0.0008443566240902016
530 0.0002736737953600468
585 0.0003987932141285859
654 0.0007745964677483575
700 0.0003910424617735554
834 0.0025515770719687406
840 0.0005027842686225869
1036 0.0004339996609241885
1066 0.00048193069598779744
1088 0.0006649717304210047
1134 0.000790558501893244
1338 0.0038786418102732213
1340 0.0006750724671448359
1477 0.0005494856956725966
1582 0.0008934484983843897
1721 0.005030937221741117
1925 0.0018660435938111148
2303 0.000685825303055794
2414 0.0008128063180586093
3561 0.0016769790739137058
3567 0.0008128063180586093
3586 0.0011370166061384682
3587 0.0011370166061384682
3588 0.0011370166061384682
3589 0.000953975571705261