5 0.0001350647307564619
6 0.0000679868157762367
10 0.00004185331638722455
14 0.0007937012865110646
15 0.00011067438687857875
25 0.00004914275771090647
26 0.00003213090009623701
27 0.000013301102101113839
28 0.000009552780696291852
29 0.000010672856571901583
31 0.000016570580131739694
34 0.00023873971729787848
45 0.000020461540745812507
47 0.0002708891434150717
50 0.00009059173042602328
57 0.00018016835758640515
59 0.000032310917223555856
60 0.00007754620133653405
67 0.0003493811814946261
77 0.0008779469936743287
81 0.00033390404938987825
90 0.0003600357507382571
91 0.00046926799994623984
100 0.00028855347451293045
103 0.00008541133970179466
108 0.0005085159291886202
119 0.000308970277376323
125 0.000570206882391405
134 0.00020241617375177045
139 0.00037438902313615557
153 0.00022952953988283507
159 0.00014086769495867446
164 0.0016561910722189337
168 0.00004914275771090647
169 0.0002663490497050791
174 0.0004111404270832213
185 0.0004677902934924359
199 0.0007375005660187797
211 0.001633968148227427
214 0.0002477233572712043
224 0.0005182941691667408
225 0.0016061924812056955
226 0.0010365883383334816
252 0.0008473269477650574
265 0.00048441707494682545
328 0.0003260311928669616
377 0.0015067606054811865
446 0.0004176750344063272
464 0.002824380594433472
475 0.0007578003861922098
496 0.0003493811814946261
530 0.0002736737953600468
547 0.0006554485025236457
611 0.001061908533927591
774 0.001188362923032857
798 0.003548337481324183
799 0.0003782900330627366
800 0.0010215305713900601
801 0.0009060445366416521
802 0.0007533803027405932
803 0.000953975571705261
804 0.0010215305713900601
805 0.0005353974937352319
806 0.0008138443969907379
807 0.0007709345372720537
808 0.001140678536614772
809 0.003815902286821044
810 0.0011370166061384682
811 0.000685825303055794
812 0.0037669015137029665
813 0.017003662657885856
814 0.0009060445366416521
815 0.009193775142510541
816 0.0004852300340911263
817 0.002606599012467004
818 0.0034291265152789703
819 0.0056850830306923415
820 0.000629765283625402
821 0.0011370166061384682
822 0.0009060445366416521
823 0.00695093069991201
824 0.00715071399973042
825 0.0008384895369568529
826 0.001581117003786488
827 0.0007533803027405932
828 0.0008688663374890013