0 0.00020721031418032774
6 0.00009064908770164895
10 0.000010463329096806138
20 0.00014256349717722765
23 0.0003835556157519472
25 0.00004914275771090647
26 0.000009180257170353432
27 0.00001995165315167076
28 0.000009552780696291852
29 0.000010672856571901583
30 0.00016011104162504336
31 0.000049711740395219085
32 0.0001446627800658901
34 0.00011936985864893924
45 0.000011692308997607148
47 0.0005417782868301434
50 0.00004529586521301164
59 0.000006462183444711172
60 0.000012924366889422343
95 0.00041077778694674673
96 0.00042730158096661747
100 0.00014427673725646523
102 0.0007820849235471108
146 0.0007296383478218761
168 0.00004914275771090647
180 0.0002526001287307366
219 0.0003616150149759352
252 0.0004236634738825287
259 0.0003407614423411458
262 0.0006929162084904484
300 0.00015131149740680623
301 0.0002517773560482004
370 0.0004221783120451008
446 0.0008353500688126544
530 0.0002736737953600468
538 0.0007462199904606845
554 0.0003600357507382571
1304 0.0005595864323964277
2084 0.0006554485025236457
3561 0.0008384895369568529
3566 0.0008384895369568529
3590 0.0011370166061384682
3591 0.0010215305713900601
3592 0.00306459171417018