6 0.00009064908770164895
10 0.000010463329096806138
25 0.00014742827313271942
26 0.000009180257170353432
27 0.00001995165315167076
28 0.000014329171044437778
29 0.000016009284857852372
30 0.00016011104162504336
31 0.000022094106842319594
32 0.0001446627800658901
36 0.00017439542599474
42 0.00029780424319051263
43 0.0001247963410453852
44 0.00015086301495667102
45 0.000005846154498803574
46 0.00032731777168967243
48 0.00014129003011415398
49 0.0002231883932943071
50 0.00009059173042602328
54 0.000160544392965215
57 0.001261178503104836
59 0.000012924366889422343
60 0.000012924366889422343
72 0.0003697439993427182
74 0.0001314382268441069
95 0.00047924075143787115
96 0.0004985185111277203
97 0.0001204079350624512
103 0.00017082267940358932
122 0.0006156747509571849
125 0.00038013792159427004
139 0.0002495926820907704
151 0.0006787343976211396
153 0.00045905907976567014
159 0.00014086769495867446
164 0.00033123821444378676
168 0.00004914275771090647
176 0.0009153069730547706
197 0.000570339268307386
214 0.002477233572712043
223 0.0005052002574614732
255 0.0016739609432832548
265 0.00048441707494682545
299 0.0003209819843539111
300 0.0009078689844408373
362 0.0008999465924009378
385 0.0005182941691667408
390 0.001175787005677693
434 0.00032731777168967243
456 0.0008097049368112787
530 0.0002736737953600468
646 0.000953975571705261
654 0.00038729823387417876
743 0.0003800531302520963
866 0.0017377326749780026
1134 0.000790558501893244
1248 0.0005353974937352319
1304 0.0016787592971892833
2087 0.0037669015137029665
2967 0.0009060445366416521
3561 0.0025154686108705584
3565 0.0010215305713900601