5 0.0002701294615129238
6 0.0001359736315524734
10 0.00004185331638722455
15 0.0002213487737571575
23 0.0001917778078759736
24 0.0002549984919897665
25 0.00004914275771090647
26 0.000009180257170353432
27 0.000026602204202227678
28 0.00003343473243702148
29 0.000037354998001655535
30 0.00008005552081252168
31 0.000027617633552899494
32 0.0001446627800658901
34 0.00017905478797340885
36 0.00017439542599474
41 0.00018725926302105958
42 0.0005956084863810253
43 0.0002495926820907704
44 0.00030172602991334203
45 0.000005846154498803574
50 0.00009059173042602328
56 0.0006871708547968443
59 0.000012924366889422343
60 0.000012924366889422343
74 0.0001314382268441069
95 0.0008215555738934935
96 0.000783386231772132
97 0.0001204079350624512
100 0.00014427673725646523
107 0.0005595864323964277
108 0.0022883216813487906
119 0.00046345541606448445
121 0.000426256656302407
122 0.0015391868773929622
124 0.0013685963559000845
132 0.0003870087270600267
143 0.0002681502686494669
144 0.0012518023704085185
153 0.00022952953988283507
164 0.0006624764288875735
168 0.00004914275771090647
172 0.00047827455522378713
174 0.0004111404270832213
188 0.008292706706667853
200 0.0005666143587603556
217 0.002686573968745941
223 0.0002526001287307366
224 0.0020731766766669633
225 0.0005353974937352319
264 0.0034220356098443156
266 0.0003010819448897304
269 0.0007230035022084448
271 0.0004415172276153697
279 0.0006464403017122036
291 0.000685825303055794
300 0.0018157379688816745
304 0.0021323150161418948
306 0.0022592723877793235
430 0.00033256580019006747
442 0.00036481917391093806
457 0.0012757885359843703
464 0.001694628356660083
483 0.0003800531302520963
506 0.001581117003786488
530 0.0002736737953600468
538 0.00037310999523034225
554 0.0003600357507382571
575 0.00047869542676802046
580 0.0024028642753581375
680 0.0005309542669637955
718 0.0005759876441280593
726 0.0006554485025236457
865 0.000904198535777999
1269 0.0006007160688395344
1337 0.0005353974937352319
1412 0.0005648761188866944
1476 0.0012292167457893823
1482 0.0007709345372720537
1520 0.000570339268307386
1915 0.0009060445366416521
2313 0.0020919608499306037
2651 0.000790558501893244
3308 0.0008128063180586093
3593 0.0011370166061384682
3594 0.0011370166061384682
3595 0.000953975571705261
3596 0.0009060445366416521
3597 0.0011370166061384682
3598 0.0022740332122769364
3599 0.0020430611427801203
3600 0.0011370166061384682