6 0.0000679868157762367
15 0.00011067438687857875
17 0.00024376566216822076
25 0.00004914275771090647
26 0.00002295064292588358
27 0.000026602204202227678
28 0.000004776390348145926
29 0.000005336428285950791
30 0.00008005552081252168
31 0.000022094106842319594
42 0.00029780424319051263
43 0.0001247963410453852
44 0.00015086301495667102
45 0.000014615386247008935
50 0.00004529586521301164
52 0.000944486436909675
56 0.00034358542739842214
59 0.000032310917223555856
60 0.00005169746755768937
90 0.0003600357507382571
92 0.00036481917391093806
97 0.0000602039675312256
121 0.0002131283281512035
124 0.00022809939265001406
132 0.0003870087270600267
140 0.0004011905379293356
146 0.00036481917391093806
153 0.00022952953988283507
168 0.00004914275771090647
169 0.0002663490497050791
180 0.0002526001287307366
217 0.0006716434921864852
241 0.000466348213813385
246 0.0005399624677752377
252 0.00021183173694126436
262 0.0006929162084904484
299 0.0006419639687078222
300 0.0009078689844408373
301 0.0010071094241928015
308 0.0005309542669637955
311 0.00033798452589909114
331 0.0009410519397369785
380 0.0004755217854866652
416 0.0003493811814946261
470 0.00044672424919219483
519 0.0004221783120451008
601 0.0004176750344063272
686 0.0017110178049221578
687 0.001013056993043927
786 0.001140678536614772
833 0.0005065284965219635
855 0.0006649717304210047
1304 0.0005595864323964277
2084 0.0013108970050472915
2484 0.014309633575578915
2665 0.003615017511042224
3612 0.0011370166061384682
3613 0.0011370166061384682
3614 0.05116574727623107