6 0.0000679868157762367
10 0.00003138998729041841
14 0.0005291341910073765
15 0.0007193835147107618
17 0.00024376566216822076
25 0.00004914275771090647
26 0.000009180257170353432
27 0.000013301102101113839
28 0.000014329171044437778
29 0.000016009284857852372
31 0.000016570580131739694
32 0.00007233139003294505
34 0.00011936985864893924
36 0.00034879085198948
45 0.000005846154498803574
49 0.0002231883932943071
50 0.00009059173042602328
57 0.0005405050727592154
59 0.000006462183444711172
60 0.000012924366889422343
90 0.0003600357507382571
91 0.00046926799994623984
97 0.0000602039675312256
100 0.00014427673725646523
110 0.0003600357507382571
119 0.0001544851386881615
125 0.000570206882391405
130 0.00036808616347914477
132 0.00019350436353001335
133 0.00032475447298266157
134 0.0004048323475035409
139 0.0002495926820907704
141 0.002551794030614398
144 0.00041726745680283956
148 0.00039487277137447156
153 0.00022952953988283507
154 0.0007533803027405932
159 0.0004226030848760234
161 0.00032348746208875627
165 0.0014080508921079382
168 0.00014742827313271942
172 0.00023913727761189357
175 0.00028530254609905744
177 0.00044410039764801966
195 0.00043018466555000526
200 0.0002833071793801778
203 0.0003136839799123262
240 0.0005065284965219635
265 0.00024220853747341272
281 0.0006378942679921852
304 0.0010661575080709474
339 0.012758970153071992
414 0.0006075174674600367
416 0.0006987623629892522
430 0.00033256580019006747
469 0.00048193069598779744
470 0.00044672424919219483
490 0.0005648761188866944
491 0.0005544595315855724
492 0.000685825303055794
496 0.0003493811814946261
512 0.00044672424919219483
530 0.0002736737953600468
542 0.010343044827395257
550 0.00040280813441833274
602 0.0009910783300010088
612 0.0006750724671448359
642 0.02003348700581048
674 0.0009060445366416521
676 0.0005818342485617932
681 0.0017110178049221578
713 0.0011089190631711448
752 0.005319773843368038
776 0.0016618729288615495
855 0.0006649717304210047
893 0.0006554485025236457
1108 0.0006554485025236457
1137 0.0007533803027405932
1142 0.001611232537673331
1242 0.0005648761188866944
1266 0.000629765283625402
1312 0.0006649717304210047
1412 0.0005648761188866944
1497 0.0021690105066253344
1555 0.002606599012467004
1556 0.0008688663374890013
1724 0.0005878935028388465
1767 0.0007096674962648366
2344 0.0010215305713900601
2353 0.0010215305713900601
2580 0.0008688663374890013
2731 0.00395279250946622
2927 0.0010215305713900601
3229 0.002718133609924956
3255 0.0010215305713900601
3615 0.0011370166061384682
3616 0.008172244571120481
3617 0.0010215305713900601
3618 0.0011370166061384682
3619 0.0011370166061384682