6 0.00009064908770164895
10 0.00003138998729041841
15 0.00016601158031786812
24 0.0003824977379846497
25 0.00004914275771090647
26 0.000018360514340706863
27 0.000013301102101113839
28 0.000009552780696291852
29 0.000010672856571901583
31 0.000027617633552899494
34 0.00017905478797340885
36 0.00017439542599474
45 0.000011692308997607148
48 0.00028258006022830796
50 0.00004529586521301164
53 0.0008743084912408826
55 0.0004520992678889995
59 0.000025848733778844687
60 0.000038773100668267026
76 0.00047524524109474617
81 0.0006678080987797565
100 0.00014427673725646523
103 0.00008541133970179466
108 0.0007627738937829303
119 0.0001544851386881615
122 0.00030783737547859243
125 0.00019006896079713502
132 0.00019350436353001335
137 0.000570339268307386
138 0.0005999643949339585
145 0.0004991223381462831
158 0.0003765453979632206
159 0.0002817353899173489
163 0.00029998219746697925
164 0.00033123821444378676
166 0.0009210032187593025
168 0.00009828551542181294
185 0.00023389514674621796
194 0.0004339996609241885
195 0.0012905539966500158
200 0.0002833071793801778
240 0.0005065284965219635
266 0.0006021638897794608
267 0.0005494856956725966
300 0.00045393449222041863
303 0.0008180359272162828
305 0.0005648761188866944
307 0.0003818350844534872
361 0.0013815048281389537
451 0.0006007160688395344
589 0.0003818350844534872
613 0.0004176750344063272
617 0.0018438251186840733
713 0.0005544595315855724
1065 0.0004415172276153697
1142 0.0008056162688366655
1582 0.0013401727475765846
1853 0.0058694267586979695
2003 0.0014193349925296732
2096 0.015402757122908084
2161 0.0006378942679921852
3501 0.0007709345372720537
3620 0.017055249092077025
3621 0.0010215305713900601
3622 0.01430142799946084
3623 0.0034110498184154047
3624 0.0010215305713900601
3625 0.0011370166061384682
3626 0.0011370166061384682