0 0.00020721031418032774
6 0.0000679868157762367
8 0.0006907477305171405
10 0.00003138998729041841
15 0.00011067438687857875
23 0.0001917778078759736
24 0.00012749924599488326
25 0.00004914275771090647
26 0.000013770385755530148
27 0.00001995165315167076
28 0.000019105561392583703
29 0.00002668214142975396
31 0.000027617633552899494
32 0.0001446627800658901
34 0.00011936985864893924
41 0.00018725926302105958
42 0.0005956084863810253
43 0.0002495926820907704
44 0.00030172602991334203
45 0.000005846154498803574
50 0.00009059173042602328
59 0.000012924366889422343
60 0.000012924366889422343
74 0.0001314382268441069
91 0.00046926799994623984
95 0.0009584815028757423
96 0.0009258200920943377
97 0.0000602039675312256
100 0.00028855347451293045
103 0.00008541133970179466
121 0.0002131283281512035
122 0.00030783737547859243
125 0.00019006896079713502
136 0.00029565439233481325
139 0.0002495926820907704
153 0.00045905907976567014
158 0.0003765453979632206
159 0.00014086769495867446
162 0.0003800531302520963
168 0.00009828551542181294
195 0.00043018466555000526
201 0.0007565800661254732
217 0.0011194058203108088
223 0.0015156007723844196
247 0.0003148783300420517
300 0.0006052459896272249
301 0.000755332068144601
302 0.0019181815169893753
324 0.0006554485025236457
331 0.0012547359196493047
454 0.00038363630339787504
458 0.0007636701689069744
475 0.0002526001287307366
519 0.0004221783120451008
555 0.00034358542739842214
767 0.00040692219849536895
839 0.0009510435709733304
849 0.000685825303055794
1036 0.0004339996609241885
1088 0.001994915191263014
1105 0.00226014090822178
2058 0.0013946405666204024
3627 0.0011370166061384682
3628 0.0011370166061384682
3629 0.0011370166061384682