6 0.00011331135962706119
10 0.000020926658193612276
15 0.00016601158031786812
23 0.0001917778078759736
24 0.00012749924599488326
25 0.00019657103084362587
26 0.000018360514340706863
27 0.000013301102101113839
28 0.000014329171044437778
29 0.000016009284857852372
30 0.00008005552081252168
31 0.000027617633552899494
45 0.000011692308997607148
49 0.0002231883932943071
50 0.00009059173042602328
57 0.0003603367151728103
59 0.000025848733778844687
60 0.000038773100668267026
82 0.002994734028877698
90 0.0003600357507382571
91 0.00046926799994623984
93 0.0002302492435057135
100 0.00028855347451293045
121 0.0002131283281512035
125 0.00019006896079713502
126 0.011778578976341476
132 0.00019350436353001335
138 0.00029998219746697925
139 0.0001247963410453852
144 0.00020863372840141978
145 0.003493856367023981
153 0.00022952953988283507
159 0.0002817353899173489
168 0.00009828551542181294
214 0.0002477233572712043
243 0.0007709345372720537
252 0.0004236634738825287
265 0.00024220853747341272
369 0.0016633785947567173
470 0.00044672424919219483
475 0.0002526001287307366
496 0.0003493811814946261
509 0.00047869542676802046
515 0.001316920490511493
544 0.0005353974937352319
549 0.0005759876441280593
550 0.00040280813441833274
593 0.0007533803027405932
624 0.0009638613919755949
812 0.0007533803027405932
818 0.002743301212223176
864 0.0009060445366416521
881 0.000629765283625402
940 0.0005544595315855724
1036 0.0004339996609241885
1038 0.0005103588061228796
1047 0.003073041864473456
1108 0.0006554485025236457
1142 0.00040280813441833274
1234 0.0008384895369568529
1243 0.0005878935028388465
1313 0.0016769790739137058
1671 0.012164128724846018
1851 0.000953975571705261
1874 0.000629765283625402
1891 0.0007230035022084448
1946 0.000953975571705261
1994 0.0012150349349200735
2161 0.008930519751890591
2279 0.012577343054352794
2395 0.0010215305713900601
2575 0.0010215305713900601
2651 0.000790558501893244
3630 0.000953975571705261
3631 0.014781215879800086
3632 0.0011370166061384682
3633 0.0010215305713900601
3634 0.0011370166061384682
3635 0.002861926715115783
3636 0.0011370166061384682
3637 0.0011370166061384682
3638 0.0011370166061384682
3639 0.0011370166061384682
3640 0.0020430611427801203
3641 0.00612918342834036
3642 0.0011370166061384682
3643 0.0010215305713900601
3644 0.0011370166061384682