0 0.00020721031418032774
5 0.0001350647307564619
6 0.00009064908770164895
10 0.00006277997458083683
13 0.0009374943917018915
14 0.0005291341910073765
15 0.00033202316063573624
17 0.0007312969865046622
20 0.00014256349717722765
23 0.0001917778078759736
25 0.00009828551542181294
26 0.000009180257170353432
27 0.0000332527552527846
28 0.000014329171044437778
29 0.00002668214142975396
31 0.000027617633552899494
32 0.0001446627800658901
34 0.00011936985864893924
41 0.00018725926302105958
42 0.00029780424319051263
43 0.0001247963410453852
44 0.00015086301495667102
45 0.000005846154498803574
47 0.0002708891434150717
50 0.0001358875956390349
51 0.0010448164664875542
54 0.000160544392965215
59 0.000012924366889422343
60 0.000012924366889422343
74 0.0001314382268441069
76 0.00047524524109474617
90 0.0003600357507382571
95 0.0006846296449112446
96 0.0006409523714499261
97 0.0002408158701249024
108 0.0002542579645943101
119 0.000308970277376323
122 0.00030783737547859243
124 0.0006842981779500422
125 0.00038013792159427004
132 0.002128547998830147
133 0.00032475447298266157
139 0.000623981705226926
144 0.0029208721976198763
146 0.00036481917391093806
153 0.00045905907976567014
159 0.0008452061697520468
164 0.001324952857775147
168 0.00014742827313271942
171 0.0004176750344063272
172 0.00023913727761189357
174 0.0004111404270832213
180 0.0002526001287307366
194 0.000867999321848377
195 0.00021509233277500263
215 0.0005446560494091424
217 0.0022388116406216177
222 0.0003748188423091808
223 0.001768200901115156
234 0.0007672726067957501
241 0.00093269642762677
251 0.0003066922772966927
252 0.0010591586847063217
255 0.0047827455522378715
262 0.0010393743127356727
265 0.00024220853747341272
271 0.0004415172276153697
300 0.001361803476661256
307 0.0007636701689069744
331 0.0003136839799123262
360 0.0005309542669637955
362 0.0005999643949339585
391 0.0004605016093796513
448 0.0012928806034244072
463 0.0006075174674600367
512 0.00044672424919219483
555 0.002405097991788955
725 0.000685825303055794
742 0.00040692219849536895
743 0.0003800531302520963
795 0.0005353974937352319
802 0.0015067606054811865
813 0.000629765283625402
936 0.0013108970050472915
942 0.0012928806034244072
1049 0.000629765283625402
1086 0.0005446560494091424
1171 0.0015548825075002222
1342 0.0007230035022084448
1874 0.000629765283625402
2023 0.0018660435938111148
2207 0.006502450544468874
2647 0.000953975571705261
2651 0.009486702022718927
3199 0.0009060445366416521
3271 0.0010215305713900601
3526 0.000953975571705261
3554 0.000953975571705261
3645 0.0011370166061384682
3646 0.0011370166061384682
3647 0.0056850830306923415
3648 0.0011370166061384682
3649 0.0011370166061384682
3650 0.0011370166061384682
3651 0.0011370166061384682
3652 0.0011370166061384682
3653 0.0011370166061384682
3654 0.0011370166061384682