0 0.00010360515709016387
5 0.0005402589230258477
6 0.00015863590347788565
10 0.000010463329096806138
25 0.00009828551542181294
26 0.000009180257170353432
27 0.00001995165315167076
28 0.000014329171044437778
29 0.000016009284857852372
30 0.00016011104162504336
31 0.000016570580131739694
32 0.00021699417009883517
34 0.00011936985864893924
36 0.00017439542599474
42 0.00029780424319051263
43 0.0001247963410453852
44 0.00015086301495667102
45 0.000005846154498803574
46 0.00032731777168967243
48 0.00014129003011415398
49 0.0002231883932943071
50 0.00004529586521301164
54 0.0004816331788956449
59 0.000012924366889422343
60 0.000012924366889422343
72 0.001848719996713591
74 0.0001314382268441069
75 0.0006179807965568429
76 0.00047524524109474617
80 0.0003393671988105698
81 0.00033390404938987825
95 0.0003423148224556223
96 0.00035608465080551457
97 0.00018061190259367678
103 0.00017082267940358932
108 0.0002542579645943101
125 0.00019006896079713502
136 0.00029565439233481325
148 0.00039487277137447156
153 0.00022952953988283507
164 0.0006624764288875735
168 0.00004914275771090647
172 0.00023913727761189357
188 0.002591470845833704
195 0.00043018466555000526
217 0.0022388116406216177
223 0.0020208010298458927
300 0.001361803476661256
301 0.0025177735604820038
302 0.002685454123785125
331 0.0009410519397369785
362 0.00029998219746697925
398 0.0003632093920196124
446 0.0004176750344063272
700 0.0007820849235471108
813 0.000629765283625402
829 0.0006220145312703716
830 0.003815902286821044
831 0.0006220145312703716
832 0.0006146083728946911
833 0.0015195854895658904
834 0.0012757885359843703
835 0.0016769790739137058
836 0.0010215305713900601
837 0.000953975571705261
838 0.0011370166061384682