5 0.0001350647307564619
6 0.00002266227192541224
8 0.0002302492435057135
9 0.00035235645930202465
10 0.00007324330367764296
15 0.000055337193439289376
25 0.00004914275771090647
26 0.000013770385755530148
27 0.0000066505510505569195
28 0.000014329171044437778
31 0.0000055235267105798985
34 0.00005968492932446962
36 0.00034879085198948
42 0.0005956084863810253
45 0.00000876923174820536
51 0.0010448164664875542
56 0.00034358542739842214
59 0.000012924366889422343
60 0.000012924366889422343
71 0.0006651316003801349
74 0.0001314382268441069
78 0.002123817067855182
89 0.0006759690517981823
146 0.00036481917391093806
159 0.00014086769495867446
200 0.0002833071793801778
275 0.0006649717304210047
277 0.0021979427826903865
328 0.0003260311928669616
391 0.0009210032187593025
429 0.0004755217854866652
430 0.0009976974005702023
446 0.0004176750344063272
475 0.0002526001287307366
703 0.001497367014438849
711 0.0020252174014345073
775 0.0007296383478218761
782 0.0006220145312703716
812 0.00452028181644356
833 0.0005065284965219635
851 0.00046935029736931276
865 0.0004520992678889995
1132 0.0008882007952960393
1142 0.00040280813441833274
1634 0.0007230035022084448
1642 0.0006146083728946911
1653 0.001907951143410522
1776 0.0024384189541758277
1979 0.0005818342485617932
2098 0.000790558501893244
2397 0.002861926715115783
2873 0.0018120890732833041
3655 0.0009060445366416521
3656 0.0011370166061384682
3657 0.0011370166061384682
3658 0.0022740332122769364
3659 0.0020430611427801203
3660 0.0022740332122769364
3661 0.0011370166061384682