6 0.00009064908770164895
8 0.000920996974022854
10 0.00005231664548403069
23 0.0001917778078759736
25 0.00014742827313271942
26 0.000013770385755530148
27 0.0000066505510505569195
28 0.000009552780696291852
29 0.000010672856571901583
31 0.000011047053421159797
34 0.00023873971729787848
36 0.00017439542599474
45 0.00000876923174820536
48 0.00028258006022830796
56 0.00034358542739842214
59 0.000006462183444711172
60 0.000025848733778844687
93 0.000460498487011427
103 0.000256234019105384
129 0.003779259744723508
134 0.00020241617375177045
139 0.00037438902313615557
151 0.0006787343976211396
169 0.0002663490497050791
203 0.0003136839799123262
240 0.0005065284965219635
247 0.0006297566600841033
452 0.0005399624677752377
529 0.00044939008413828627
530 0.0002736737953600468
555 0.00034358542739842214
611 0.0005309542669637955
619 0.0005446560494091424
667 0.0013501449342896718
713 0.0016633785947567173
720 0.0007230035022084448
735 0.005347633153647857
738 0.0006750724671448359
743 0.0003800531302520963
744 0.0005544595315855724
853 0.0005494856956725966
930 0.0005648761188866944
1176 0.0006464403017122036
1403 0.002659886921684019
1571 0.0006378942679921852
1658 0.0009060445366416521
1680 0.0009060445366416521
1973 0.0007375005660187797
2339 0.0053965417609043755
2454 0.0008384895369568529
2756 0.000953975571705261
3053 0.0010215305713900601
3343 0.010872534439699825
3662 0.0020430611427801203
3663 0.0056850830306923415
3664 0.0020430611427801203
3665 0.0010215305713900601
3666 0.0011370166061384682
3667 0.0010215305713900601
3668 0.00715071399973042
3669 0.008172244571120481
3670 0.0010215305713900601