0 0.00020721031418032774
5 0.0002701294615129238
6 0.00009064908770164895
10 0.000010463329096806138
15 0.00016601158031786812
25 0.00009828551542181294
26 0.000018360514340706863
27 0.00001995165315167076
28 0.000014329171044437778
29 0.000010672856571901583
31 0.000016570580131739694
45 0.000014615386247008935
49 0.0002231883932943071
50 0.00004529586521301164
52 0.00023612160922741876
54 0.00032108878593043
59 0.000006462183444711172
60 0.000038773100668267026
72 0.0003697439993427182
75 0.00030899039827842145
78 0.0005309542669637955
80 0.0003393671988105698
81 0.00033390404938987825
158 0.0003765453979632206
160 0.00043897349683716435
162 0.0003800531302520963
200 0.0002833071793801778
214 0.0009908934290848172
217 0.0011194058203108088
300 0.00030262299481361246
398 0.0003632093920196124
635 0.0005182941691667408
716 0.00045485323355897795
734 0.0005027842686225869
742 0.00040692219849536895
799 0.0011348700991882098
806 0.0008138443969907379
868 0.0012440290625407432
930 0.0005648761188866944
934 0.0014193349925296732
973 0.003389256713320166
974 0.0017636805085165395
975 0.0011089190631711448
985 0.0004885960299787504
986 0.0013299434608420094
1177 0.0006220145312703716
1315 0.0008688663374890013
1625 0.0006554485025236457
1947 0.0008688663374890013
2892 0.0008128063180586093
3187 0.0010215305713900601
3671 0.0010215305713900601