0 0.00020721031418032774
5 0.0001350647307564619
6 0.0001359736315524734
10 0.000020926658193612276
15 0.000055337193439289376
17 0.00024376566216822076
20 0.00014256349717722765
23 0.0001917778078759736
25 0.00009828551542181294
26 0.00003213090009623701
27 0.0000066505510505569195
28 0.000014329171044437778
29 0.000010672856571901583
31 0.000016570580131739694
34 0.00005968492932446962
36 0.00017439542599474
43 0.0001247963410453852
45 0.00002923077249401787
46 0.0013092710867586897
47 0.0005417782868301434
48 0.00014129003011415398
49 0.0002231883932943071
50 0.00004529586521301164
54 0.0004816331788956449
60 0.00005169746755768937
96 0.00007121693016110292
97 0.0001204079350624512
103 0.00008541133970179466
116 0.0005353974937352319
121 0.0002131283281512035
129 0.000944814936180877
136 0.00029565439233481325
139 0.0001247963410453852
140 0.0004011905379293356
185 0.0004677902934924359
188 0.0010365883383334816
204 0.0007230035022084448
217 0.005373147937491882
223 0.0002526001287307366
277 0.0010989713913451932
289 0.0007096674962648366
290 0.0005648761188866944
291 0.000685825303055794
300 0.00045393449222041863
301 0.000755332068144601
312 0.0009771920599575008
331 0.0006273679598246524
350 0.0010707949874704638
372 0.0010661575080709474
430 0.00033256580019006747
509 0.0009573908535360409
530 0.0002736737953600468
549 0.0005759876441280593
555 0.00034358542739842214
635 0.0005182941691667408
654 0.00038729823387417876
671 0.0003910424617735554
679 0.001371650606111588
680 0.0005309542669637955
707 0.0007375005660187797
736 0.000570339268307386
799 0.0003782900330627366
865 0.0004520992678889995
920 0.0008128063180586093
934 0.0014193349925296732
935 0.0016769790739137058
945 0.0006750724671448359
974 0.003527361017033079
1026 0.0008688663374890013
1108 0.0006554485025236457
1241 0.0008128063180586093
1252 0.000570339268307386
1615 0.0006649717304210047
1808 0.0012014321376790688
1900 0.0007533803027405932
1915 0.0009060445366416521
1979 0.0005818342485617932
2013 0.0008384895369568529
3330 0.00306459171417018
3672 0.0072483562931332166
3673 0.0010215305713900601
3674 0.0008688663374890013
3675 0.0020430611427801203
3676 0.0011370166061384682