0 0.00010360515709016387
1 0.0005494856956725966
2 0.001089628176058837
3 0.00044939008413828627
4 0.0024047314850847933
6 0.0000679868157762367
8 0.000920996974022854
9 0.0017617822965101235
10 0.000020926658193612276
15 0.00016601158031786812
20 0.00014256349717722765
24 0.00012749924599488326
26 0.000013770385755530148
27 0.0000066505510505569195
28 0.000014329171044437778
29 0.000021345713143803165
31 0.000022094106842319594
34 0.00011936985864893924
36 0.00017439542599474
45 0.000011692308997607148
50 0.00004529586521301164
54 0.000160544392965215
59 0.000012924366889422343
60 0.000025848733778844687
74 0.0001314382268441069
119 0.00046345541606448445
130 0.00036808616347914477
168 0.00004914275771090647
170 0.00043897349683716435
227 0.0005224082332437771
247 0.0009446349901261551
266 0.0003010819448897304
586 0.0017279629323841779
702 0.0010707949874704638
721 0.0006146083728946911
1864 0.0007709345372720537
3432 0.000953975571705261
3668 0.00715071399973042
3669 0.008172244571120481
3670 0.0010215305713900601
3677 0.0011370166061384682
3678 0.001907951143410522
3679 0.0011370166061384682
3680 0.003815902286821044
3681 0.0011370166061384682
3682 0.0022740332122769364