0 0.00010360515709016387
9 0.0007047129186040493
10 0.000010463329096806138
15 0.000055337193439289376
20 0.00014256349717722765
24 0.000509996983979533
25 0.00014742827313271942
26 0.000013770385755530148
28 0.000004776390348145926
29 0.000010672856571901583
42 0.0005956084863810253
45 0.00000876923174820536
48 0.00014129003011415398
49 0.0004463767865886142
56 0.00034358542739842214
57 0.00018016835758640515
59 0.000006462183444711172
60 0.000012924366889422343
78 0.001061908533927591
79 0.0028799382206402967
88 0.0009060445366416521
89 0.00033798452589909114
90 0.0003600357507382571
103 0.00008541133970179466
116 0.0005353974937352319
121 0.0002131283281512035
135 0.0005446560494091424
136 0.00029565439233481325
148 0.0019743638568723576
159 0.0008452061697520468
168 0.00004914275771090647
185 0.00023389514674621796
192 0.0007375005660187797
212 0.000629765283625402
231 0.002057475909167382
235 0.000244549715989849
252 0.0008473269477650574
262 0.001385832416980897
265 0.0007266256124202381
303 0.0004090179636081414
304 0.0003553858360236491
306 0.0015061815918528823
325 0.00043897349683716435
328 0.0003260311928669616
365 0.006593828348071159
370 0.0004221783120451008
380 0.0004755217854866652
384 0.0019147817070720818
393 0.0009638613919755949
430 0.0006651316003801349
452 0.0005399624677752377
454 0.0007672726067957501
458 0.0007636701689069744
475 0.0002526001287307366
483 0.0003800531302520963
515 0.00043897349683716435
530 0.0002736737953600468
585 0.0003987932141285859
618 0.002931576179872502
619 0.0005446560494091424
623 0.0004605016093796513
624 0.0014457920879633922
660 0.0017377326749780026
667 0.0006750724671448359
712 0.0006464403017122036
735 0.0005941814615164285
736 0.006273731951381246
744 0.0005544595315855724
767 0.00040692219849536895
782 0.0006220145312703716
811 0.000685825303055794
839 0.0004755217854866652
848 0.0005446560494091424
867 0.0010055685372451738
897 0.0005494856956725966
898 0.0005027842686225869
900 0.001053252923663259
901 0.0005759876441280593
902 0.0005544595315855724
903 0.0005818342485617932
904 0.0006007160688395344
905 0.0005878935028388465
906 0.000570339268307386
907 0.0005878935028388465
908 0.0005818342485617932
909 0.0005941814615164285
910 0.000570339268307386
911 0.0005759876441280593
921 0.0005759876441280593
1068 0.0005103588061228796
1132 0.00044410039764801966
1176 0.0006464403017122036
1194 0.0007230035022084448
1325 0.0005544595315855724
1337 0.0005353974937352319
1433 0.0023716755056797318
1447 0.000953975571705261
1472 0.0007096674962648366
1540 0.001371650606111588
1721 0.0008384895369568529
1785 0.0005648761188866944
1806 0.001371650606111588
1945 0.0007533803027405932
1994 0.0006075174674600367
2098 0.000790558501893244
2655 0.0008688663374890013
2904 0.00838489536956853
3567 0.0008128063180586093
3655 0.0009060445366416521
3683 0.0011370166061384682
3684 0.000953975571705261
3685 0.0011370166061384682
3686 0.0011370166061384682
3687 0.006677829001936826
3688 0.0011370166061384682
3689 0.0011370166061384682
3690 0.0011370166061384682
3691 0.0022740332122769364
3692 0.0011370166061384682
3693 0.0011370166061384682