0 0.00020721031418032774
5 0.0001350647307564619
6 0.00011331135962706119
10 0.000020926658193612276
15 0.00016601158031786812
26 0.000009180257170353432
27 0.0000066505510505569195
28 0.00002388195174072963
29 0.000016009284857852372
31 0.000011047053421159797
34 0.00017905478797340885
36 0.00017439542599474
44 0.00015086301495667102
45 0.00000876923174820536
54 0.000160544392965215
58 0.0011191728647928555
59 0.000006462183444711172
60 0.000012924366889422343
75 0.0006179807965568429
83 0.0008384895369568529
91 0.00023463399997311992
107 0.0005595864323964277
109 0.004582021013441846
139 0.0001247963410453852
140 0.0002005952689646678
141 0.0010207176122457593
143 0.0002681502686494669
144 0.0006259011852042593
168 0.00004914275771090647
196 0.0005309542669637955
200 0.0008499215381405333
232 0.0005182941691667408
384 0.0009573908535360409
454 0.0007672726067957501
512 0.00044672424919219483
569 0.000685825303055794
589 0.0015273403378139488
654 0.00038729823387417876
697 0.001175787005677693
934 0.0028386699850593464
935 0.0033539581478274115
1242 0.0005648761188866944
1491 0.0006649717304210047
1890 0.0007230035022084448
3694 0.0011370166061384682
3695 0.0011370166061384682
3696 0.0011370166061384682
3697 0.0010215305713900601
3698 0.0010215305713900601