2 0.003632093920196124
6 0.00004532454385082448
10 0.000010463329096806138
22 0.0005595864323964277
24 0.0002549984919897665
26 0.000013770385755530148
27 0.000013301102101113839
28 0.00002388195174072963
29 0.000032018569715704745
31 0.000016570580131739694
34 0.00017905478797340885
36 0.00017439542599474
45 0.000011692308997607148
46 0.0026185421735173795
48 0.0004238700903424619
49 0.0002231883932943071
50 0.00009059173042602328
54 0.00064217757186086
59 0.000006462183444711172
60 0.000025848733778844687
71 0.00033256580019006747
95 0.00013692592898224894
96 0.00014243386032220583
134 0.00020241617375177045
139 0.0002495926820907704
155 0.000629765283625402
165 0.00046935029736931276
168 0.00004914275771090647
172 0.00023913727761189357
195 0.0006452769983250079
217 0.0004477623281243235
227 0.0005224082332437771
239 0.000685825303055794
265 0.0007266256124202381
289 0.0007096674962648366
304 0.0003553858360236491
306 0.001882726989816103
328 0.0003260311928669616
414 0.0006075174674600367
434 0.00032731777168967243
475 0.0010104005149229464
496 0.0006987623629892522
499 0.0005648761188866944
519 0.0004221783120451008
540 0.0005648761188866944
574 0.0006750724671448359
624 0.0009638613919755949
668 0.005941814615164285
669 0.0029709073075821425
811 0.000685825303055794
853 0.0010989713913451932
1069 0.0003968214617715378
1248 0.0005353974937352319
1356 0.0005648761188866944
1525 0.005030937221741117
1582 0.00044672424919219483
1892 0.0006649717304210047
2327 0.0019393209051366106
2998 0.0009060445366416521
3142 0.0010215305713900601
3699 0.000953975571705261
3700 0.0022740332122769364
3701 0.0011370166061384682
3702 0.0022740332122769364
3703 0.0022740332122769364
3704 0.0034110498184154047
3705 0.003815902286821044
3706 0.0011370166061384682
3707 0.0022740332122769364
3708 0.0010215305713900601