0 0.00020721031418032774
6 0.00009064908770164895
10 0.000020926658193612276
13 0.0009374943917018915
20 0.00014256349717722765
24 0.0008924947219641826
25 0.00004914275771090647
26 0.000013770385755530148
27 0.0000332527552527846
28 0.000028658342088875557
29 0.000021345713143803165
31 0.00003314116026347939
34 0.00011936985864893924
36 0.00017439542599474
45 0.00000876923174820536
50 0.00018118346085204656
54 0.000160544392965215
59 0.000019386550334133513
60 0.000025848733778844687
74 0.0001314382268441069
100 0.0004328302117693956
122 0.0009235121264357772
143 0.0002681502686494669
144 0.00020863372840141978
153 0.00045905907976567014
159 0.00014086769495867446
168 0.00004914275771090647
175 0.0011412101843962298
180 0.0005052002574614732
186 0.0024415331909722134
217 0.001567168148435132
241 0.000466348213813385
252 0.000635495210823793
262 0.0003464581042452242
266 0.0003010819448897304
273 0.0003697439993427182
300 0.0010591804818476434
304 0.0010661575080709474
306 0.00640127176537475
370 0.0004221783120451008
414 0.0006075174674600367
601 0.0008353500688126544
865 0.0004520992678889995
934 0.003548337481324183
1304 0.0005595864323964277
1520 0.000570339268307386
1923 0.00612918342834036
2084 0.0006554485025236457
2180 0.0010215305713900601
2433 0.000953975571705261
2815 0.00306459171417018
3709 0.0022740332122769364
3710 0.006822099636830809
3711 0.0022740332122769364
3712 0.0022740332122769364
3713 0.0011370166061384682
3714 0.0022740332122769364
3715 0.0011370166061384682
3716 0.0022740332122769364
3717 0.0011370166061384682
3718 0.0011370166061384682
3719 0.004548066424553873
3720 0.0011370166061384682