6 0.00009064908770164895
10 0.000020926658193612276
15 0.00016601158031786812
20 0.00014256349717722765
24 0.0002549984919897665
25 0.00004914275771090647
26 0.000013770385755530148
27 0.000013301102101113839
28 0.00003343473243702148
29 0.000032018569715704745
31 0.00003314116026347939
34 0.00017905478797340885
36 0.00069758170397896
45 0.000005846154498803574
50 0.00004529586521301164
59 0.000006462183444711172
60 0.000025848733778844687
74 0.0002628764536882138
80 0.0003393671988105698
97 0.0000602039675312256
107 0.0005595864323964277
109 0.0007636701689069744
119 0.000617940554752646
123 0.0011636684971235863
130 0.00036808616347914477
148 0.0007897455427489431
159 0.0004226030848760234
164 0.00033123821444378676
168 0.00009828551542181294
188 0.0005182941691667408
189 0.0014265653564599955
195 0.00043018466555000526
200 0.0008499215381405333
265 0.00024220853747341272
273 0.0003697439993427182
293 0.001013056993043927
304 0.0010661575080709474
360 0.0005309542669637955
372 0.0003553858360236491
384 0.0019147817070720818
398 0.0007264187840392248
458 0.0003818350844534872
524 0.0006220145312703716
654 0.0007745964677483575
799 0.0022697401983764196
806 0.0020346109924768447
808 0.000570339268307386
865 0.000904198535777999
940 0.0005544595315855724
1284 0.0021690105066253344
1337 0.0005353974937352319
1393 0.0005878935028388465
1491 0.0006649717304210047
1585 0.0007096674962648366
1643 0.0014750011320375594
1647 0.0008384895369568529
1801 0.0007375005660187797
2848 0.003475465349956005
3152 0.00453022268320826
3655 0.022651113416041303
3721 0.0011370166061384682
3722 0.009096132849107746
3723 0.009096132849107746
3724 0.0022740332122769364
3725 0.01250718266752315
3726 0.0020430611427801203
3727 0.00953975571705261
3728 0.0022740332122769364
3729 0.0034110498184154047
3730 0.007959116242969277
3731 0.0011370166061384682
3732 0.0010215305713900601
3733 0.000953975571705261
3734 0.0011370166061384682
3735 0.0022740332122769364
3736 0.0022740332122769364
3737 0.0011370166061384682
3738 0.0011370166061384682
3739 0.0011370166061384682
3740 0.0011370166061384682
3741 0.0011370166061384682
3742 0.0008128063180586093