0 0.00010360515709016387
5 0.0005402589230258477
10 0.00006277997458083683
15 0.00011067438687857875
21 0.0006220145312703716
25 0.00019657103084362587
26 0.000009180257170353432
27 0.00001995165315167076
28 0.000014329171044437778
29 0.000021345713143803165
30 0.00008005552081252168
31 0.0000055235267105798985
32 0.0002893255601317802
33 0.0014265653564599955
34 0.00005968492932446962
42 0.0005956084863810253
44 0.00030172602991334203
45 0.000005846154498803574
48 0.00014129003011415398
49 0.0002231883932943071
50 0.00018118346085204656
52 0.004250188966093537
53 0.0029143616374696086
54 0.0004816331788956449
59 0.000025848733778844687
60 0.000006462183444711172
75 0.0018539423896705286
84 0.0005494856956725966
100 0.00014427673725646523
107 0.0016787592971892833
108 0.0002542579645943101
122 0.00030783737547859243
132 0.00058051309059004
133 0.0009742634189479845
140 0.0012035716137880068
142 0.0022604963394449976
164 0.0009937146433313601
168 0.00009828551542181294
169 0.0002663490497050791
203 0.0003136839799123262
297 0.0008987801682765725
298 0.0019964893525851323
299 0.0028888378591852
304 0.0007107716720472983
311 0.0010139535776972734
360 0.0005309542669637955
362 0.0008999465924009378
481 0.000867999321848377
515 0.0008779469936743287
544 0.0010707949874704638
602 0.0004955391650005044
654 0.00038729823387417876
839 0.0009510435709733304
840 0.0010055685372451738
841 0.0011370166061384682
842 0.000570339268307386
843 0.0007375005660187797
844 0.0011370166061384682
845 0.0011370166061384682
846 0.0006378942679921852