6 0.00004532454385082448
10 0.00004185331638722455
13 0.0003124981305672972
14 0.00026456709550368824
15 0.0002766859671964469
20 0.00014256349717722765
24 0.00012749924599488326
26 0.000009180257170353432
27 0.000013301102101113839
28 0.000004776390348145926
29 0.000010672856571901583
31 0.000011047053421159797
34 0.00011936985864893924
45 0.00000876923174820536
59 0.000006462183444711172
60 0.000012924366889422343
91 0.00046926799994623984
97 0.0000602039675312256
103 0.000256234019105384
109 0.0003818350844534872
110 0.0003600357507382571
134 0.00020241617375177045
140 0.0002005952689646678
159 0.0004226030848760234
167 0.0003185136261757804
172 0.00047827455522378713
174 0.0004111404270832213
185 0.0004677902934924359
190 0.0016484570870177898
200 0.0002833071793801778
245 0.0006146083728946911
246 0.0005399624677752377
303 0.001227053890824424
305 0.0011297522377733888
430 0.00033256580019006747
437 0.00043897349683716435
442 0.00036481917391093806
456 0.0008097049368112787
475 0.0002526001287307366
524 0.0006220145312703716
530 0.0002736737953600468
613 0.0004176750344063272
619 0.0005446560494091424
671 0.0003910424617735554
681 0.001140678536614772
742 0.00040692219849536895
799 0.0018914501653136831
805 0.0005353974937352319
806 0.004883066381944427
809 0.000953975571705261
823 0.0008688663374890013
975 0.0022178381263422897
985 0.0004885960299787504
1238 0.000790558501893244
1242 0.0011297522377733888
1438 0.0006750724671448359
1521 0.008230509039743851
1616 0.0008688663374890013
1801 0.0007375005660187797
1808 0.0006007160688395344
1816 0.004192447684784265
2215 0.0009060445366416521
2436 0.000790558501893244
2477 0.0024384189541758277
2478 0.001188362923032857
3036 0.0008128063180586093
3370 0.0008128063180586093
3655 0.002718133609924956
3743 0.006822099636830809
3744 0.0008384895369568529
3745 0.0010215305713900601
3746 0.0011370166061384682
3747 0.0011370166061384682
3748 0.0009060445366416521
3749 0.0010215305713900601
3750 0.0011370166061384682
3751 0.0010215305713900601
3752 0.0011370166061384682