6 0.00009064908770164895
10 0.00003138998729041841
15 0.0002766859671964469
26 0.000013770385755530148
27 0.00001995165315167076
28 0.00003821112278516741
29 0.00002668214142975396
31 0.000022094106842319594
32 0.00021699417009883517
34 0.00011936985864893924
36 0.00034879085198948
45 0.00000876923174820536
52 0.00023612160922741876
59 0.000012924366889422343
60 0.000012924366889422343
64 0.0005941814615164285
71 0.0013302632007602699
75 0.0006179807965568429
76 0.00047524524109474617
80 0.0013574687952422793
81 0.0010017121481696349
84 0.0005494856956725966
95 0.00020538889347337336
96 0.00021365079048330874
108 0.0005085159291886202
116 0.0005353974937352319
117 0.00038545720818497763
122 0.00030783737547859243
124 0.00022809939265001406
131 0.0006649717304210047
136 0.00029565439233481325
143 0.0002681502686494669
145 0.0004991223381462831
146 0.00036481917391093806
159 0.00014086769495867446
160 0.001316920490511493
162 0.0011401593907562888
168 0.00009828551542181294
171 0.0008353500688126544
185 0.00023389514674621796
189 0.002377608927433326
195 0.00043018466555000526
200 0.0016998430762810667
217 0.00022388116406216174
220 0.0005399624677752377
292 0.0007709345372720537
328 0.0003260311928669616
362 0.00029998219746697925
372 0.0007107716720472983
380 0.0009510435709733304
385 0.0005182941691667408
398 0.001089628176058837
434 0.00032731777168967243
439 0.0005266264618316295
446 0.0004176750344063272
475 0.0002526001287307366
530 0.0005473475907200936
654 0.0007745964677483575
700 0.0003910424617735554
716 0.0009097064671179559
736 0.001140678536614772
806 0.0016276887939814758
814 0.0009060445366416521
853 0.0005494856956725966
865 0.000904198535777999
973 0.0011297522377733888
974 0.0005878935028388465
1142 0.0008056162688366655
1143 0.0008384895369568529
1177 0.0006220145312703716
1192 0.0005648761188866944
1258 0.000953975571705261
1571 0.0006378942679921852
1976 0.0006649717304210047
2312 0.0006750724671448359
2390 0.01185837752839866
2771 0.0007709345372720537
3753 0.0056850830306923415
3754 0.0011370166061384682
3755 0.0011370166061384682
3756 0.0011370166061384682
3757 0.0011370166061384682
3758 0.0011370166061384682
3759 0.0010215305713900601
3760 0.0011370166061384682