0 0.0003108154712704916
6 0.00011331135962706119
15 0.0002213487737571575
20 0.00014256349717722765
25 0.00009828551542181294
26 0.000009180257170353432
27 0.0000066505510505569195
28 0.000019105561392583703
29 0.000016009284857852372
31 0.000022094106842319594
34 0.00005968492932446962
45 0.000005846154498803574
48 0.00014129003011415398
50 0.00004529586521301164
52 0.0007083648276822562
53 0.0002914361637469609
54 0.00032108878593043
59 0.000006462183444711172
60 0.000012924366889422343
71 0.0006651316003801349
75 0.00030899039827842145
78 0.002123817067855182
80 0.0006787343976211396
81 0.0006678080987797565
95 0.00006846296449112447
96 0.00007121693016110292
98 0.00029888966155459023
103 0.00008541133970179466
143 0.0005363005372989338
195 0.0006452769983250079
210 0.0005494856956725966
217 0.0004477623281243235
224 0.0005182941691667408
225 0.0005353974937352319
226 0.0010365883383334816
251 0.0003066922772966927
259 0.0003407614423411458
299 0.0006419639687078222
300 0.0006052459896272249
350 0.0037477824561466225
434 0.00032731777168967243
454 0.00038363630339787504
464 0.0005648761188866944
584 0.004183921699861207
851 0.00046935029736931276
870 0.0012150349349200735
930 0.0011297522377733888
934 0.0028386699850593464
1180 0.007625184691727993
1310 0.0008688663374890013
1456 0.0007709345372720537
3462 0.001907951143410522
3671 0.0010215305713900601
3697 0.0010215305713900601
3761 0.0011370166061384682
3762 0.0011370166061384682
3763 0.0011370166061384682
3764 0.0011370166061384682
3765 0.0011370166061384682
3766 0.0011370166061384682
3767 0.0011370166061384682
3768 0.0011370166061384682
3769 0.0011370166061384682
3770 0.0034110498184154047
3771 0.0011370166061384682
3772 0.0011370166061384682
3773 0.0011370166061384682
3774 0.0011370166061384682
3775 0.0011370166061384682
3776 0.0011370166061384682
3777 0.0011370166061384682
3778 0.004548066424553873
3779 0.0034110498184154047
3780 0.0011370166061384682
3781 0.0011370166061384682