0 0.00010360515709016387
5 0.0002701294615129238
6 0.00004532454385082448
8 0.000460498487011427
10 0.00005231664548403069
15 0.0004980347409536044
17 0.00024376566216822076
18 0.0003172930263603734
25 0.00009828551542181294
26 0.000018360514340706863
27 0.00001995165315167076
28 0.000009552780696291852
29 0.000010672856571901583
30 0.00016011104162504336
31 0.000016570580131739694
34 0.00023873971729787848
36 0.00017439542599474
41 0.00018725926302105958
42 0.0005956084863810253
45 0.000011692308997607148
47 0.0005417782868301434
50 0.00018118346085204656
57 0.00018016835758640515
59 0.000012924366889422343
60 0.000038773100668267026
67 0.0006987623629892522
68 0.0008056162688366655
69 0.006167315330959642
80 0.0003393671988105698
81 0.001335616197559513
97 0.0000602039675312256
100 0.0005771069490258609
108 0.0002542579645943101
119 0.0001544851386881615
124 0.00022809939265001406
132 0.00019350436353001335
136 0.00029565439233481325
140 0.0008023810758586712
141 0.0005103588061228796
169 0.0007990471491152373
172 0.00023913727761189357
175 0.0005706050921981149
200 0.0002833071793801778
201 0.0003782900330627366
203 0.0003136839799123262
252 0.00021183173694126436
262 0.0003464581042452242
267 0.0005494856956725966
304 0.0017769291801182456
306 0.001882726989816103
368 0.0005494856956725966
369 0.0022178381263422897
519 0.0016887132481804032
525 0.0006220145312703716
589 0.002291010506720923
635 0.0010365883383334816
700 0.0007820849235471108
783 0.003324858652105023
793 0.0005759876441280593
865 0.0004520992678889995
1312 0.003989830382526028
1837 0.000790558501893244
2543 0.000629765283625402
3784 0.002606599012467004
3785 0.007959116242969277
3786 0.000953975571705261