6 0.0001812981754032979
10 0.00005231664548403069
13 0.0003124981305672972
14 0.00026456709550368824
15 0.000055337193439289376
22 0.0005595864323964277
25 0.00004914275771090647
26 0.000009180257170353432
27 0.00001995165315167076
28 0.000014329171044437778
29 0.000010672856571901583
30 0.00008005552081252168
31 0.000027617633552899494
32 0.0001446627800658901
33 0.0014265653564599955
34 0.00023873971729787848
42 0.00029780424319051263
43 0.0001247963410453852
44 0.00015086301495667102
45 0.000005846154498803574
48 0.00028258006022830796
59 0.000012924366889422343
60 0.000012924366889422343
74 0.0001314382268441069
89 0.0006759690517981823
92 0.00036481917391093806
93 0.0002302492435057135
97 0.0001204079350624512
110 0.0007200715014765141
119 0.00046345541606448445
125 0.00038013792159427004
132 0.00019350436353001335
139 0.0001247963410453852
140 0.0006017858068940034
168 0.00004914275771090647
172 0.0014348236656713614
185 0.0004677902934924359
203 0.0003136839799123262
219 0.0003616150149759352
220 0.0005399624677752377
235 0.004157345171827433
259 0.0003407614423411458
266 0.0003010819448897304
434 0.00032731777168967243
455 0.001399044641440155
456 0.0020242623420281968
506 0.000790558501893244
542 0.0006464403017122036
554 0.0003600357507382571
613 0.0004176750344063272
751 0.0007533803027405932
793 0.0005759876441280593
798 0.0028386699850593464
847 0.0007533803027405932
1036 0.000867999321848377
1065 0.0004415172276153697
1158 0.0015067606054811865
1161 0.0013299434608420094
1334 0.0007709345372720537
1356 0.0005648761188866944
1498 0.004769877858526305
1853 0.004192447684784265
2230 0.0009060445366416521
2251 0.0008384895369568529
3787 0.000953975571705261
3788 0.0034110498184154047