5 0.0002701294615129238
6 0.00011331135962706119
10 0.00004185331638722455
14 0.00026456709550368824
15 0.0002213487737571575
24 0.00012749924599488326
25 0.00014742827313271942
26 0.000013770385755530148
27 0.000053204408404455356
28 0.000014329171044437778
29 0.000021345713143803165
30 0.00008005552081252168
31 0.000027617633552899494
32 0.00021699417009883517
33 0.003328652498406656
34 0.00023873971729787848
36 0.00017439542599474
41 0.00018725926302105958
42 0.00029780424319051263
44 0.00015086301495667102
45 0.000005846154498803574
46 0.00032731777168967243
48 0.00014129003011415398
49 0.0002231883932943071
50 0.0002717751912780698
59 0.000012924366889422343
60 0.000012924366889422343
76 0.00047524524109474617
89 0.00033798452589909114
93 0.0002302492435057135
97 0.0000602039675312256
100 0.00014427673725646523
101 0.0005353974937352319
102 0.0007820849235471108
103 0.00008541133970179466
119 0.00046345541606448445
132 0.0003870087270600267
139 0.0002495926820907704
140 0.0008023810758586712
151 0.0006787343976211396
157 0.000685825303055794
159 0.0008452061697520468
167 0.0003185136261757804
175 0.0005706050921981149
179 0.0020111370744903476
194 0.002169998304620943
220 0.0010799249355504753
243 0.002312803611816161
339 0.007655382091843195
390 0.001175787005677693
434 0.00032731777168967243
446 0.0004176750344063272
499 0.0005648761188866944
542 0.010343044827395257
543 0.009966489903058172
550 0.001611232537673331
723 0.0007709345372720537
743 0.0003800531302520963
754 0.0006973202833102012
772 0.000953975571705261
847 0.0007533803027405932
1065 0.0004415172276153697
1266 0.000629765283625402
1656 0.0008688663374890013
2003 0.011354679940237386
2233 0.0009060445366416521
2347 0.010426396049868015
2793 0.0010215305713900601
3789 0.00612918342834036
3790 0.0011370166061384682
3791 0.0022740332122769364
3792 0.0011370166061384682
3793 0.0022740332122769364
3794 0.0011370166061384682
3795 0.0010215305713900601