5 0.0002701294615129238
6 0.0001359736315524734
10 0.000020926658193612276
15 0.00033202316063573624
20 0.00014256349717722765
26 0.000013770385755530148
27 0.000026602204202227678
28 0.00003343473243702148
29 0.000010672856571901583
30 0.00016011104162504336
31 0.000011047053421159797
32 0.0001446627800658901
34 0.00005968492932446962
36 0.00017439542599474
45 0.00000876923174820536
46 0.00032731777168967243
48 0.00014129003011415398
49 0.0002231883932943071
50 0.00004529586521301164
59 0.000012924366889422343
60 0.000012924366889422343
67 0.0010481435444838782
68 0.001611232537673331
69 0.004240029290034754
75 0.0006179807965568429
77 0.00043897349683716435
78 0.0005309542669637955
95 0.00047924075143787115
96 0.0004985185111277203
97 0.0000602039675312256
98 0.0020922276308821316
99 0.0007230035022084448
101 0.0005353974937352319
102 0.0003910424617735554
119 0.000308970277376323
134 0.00020241617375177045
136 0.00029565439233481325
139 0.0007487780462723111
145 0.0004991223381462831
169 0.0002663490497050791
172 0.00023913727761189357
175 0.00028530254609905744
188 0.0010365883383334816
192 0.0007375005660187797
198 0.0006464403017122036
200 0.0002833071793801778
224 0.0010365883383334816
234 0.00038363630339787504
266 0.0006021638897794608
370 0.0008443566240902016
416 0.0006987623629892522
434 0.00032731777168967243
450 0.000685825303055794
530 0.0002736737953600468
554 0.0003600357507382571
589 0.0011455052533604615
618 0.0009771920599575008
798 0.004258004977589019
799 0.0003782900330627366
805 0.0005353974937352319
806 0.0012207665954861067
1142 0.00040280813441833274
1184 0.000790558501893244
1287 0.002238345729585711
1314 0.0010893120988182848
1318 0.0006649717304210047
1525 0.0008384895369568529
1750 0.0008384895369568529
2086 0.000953975571705261
2161 0.0044652598759452955
2459 0.0018120890732833041
3796 0.0010215305713900601
3797 0.0010215305713900601
3798 0.0022740332122769364