0 0.00010360515709016387
5 0.0004051941922693857
10 0.000010463329096806138
15 0.0002213487737571575
20 0.00014256349717722765
25 0.00004914275771090647
26 0.000009180257170353432
27 0.0000332527552527846
28 0.000009552780696291852
29 0.000016009284857852372
31 0.000011047053421159797
32 0.0001446627800658901
34 0.00017905478797340885
45 0.000005846154498803574
50 0.0001358875956390349
52 0.00023612160922741876
53 0.0008743084912408826
59 0.000006462183444711172
60 0.000006462183444711172
87 0.00036808616347914477
89 0.00033798452589909114
93 0.000460498487011427
95 0.00020538889347337336
96 0.00021365079048330874
97 0.0000602039675312256
140 0.0006017858068940034
195 0.00021509233277500263
219 0.0003616150149759352
234 0.00038363630339787504
297 0.0008987801682765725
298 0.0009982446762925661
299 0.0035308018278930224
300 0.0006052459896272249
301 0.0010071094241928015
308 0.0005309542669637955
391 0.0004605016093796513
496 0.005939480085408643
601 0.0004176750344063272
619 0.0005446560494091424
654 0.0007745964677483575
676 0.0005818342485617932
816 0.0009704600681822526
847 0.00452028181644356
848 0.002723280247045712
849 0.000685825303055794
850 0.0008128063180586093
851 0.0009387005947386255
852 0.00612918342834036
853 0.0005494856956725966
854 0.0008384895369568529
855 0.0006649717304210047
856 0.0006750724671448359
857 0.0006750724671448359
858 0.0010215305713900601
859 0.0008128063180586093
860 0.0008384895369568529
861 0.0011370166061384682
862 0.0011370166061384682
863 0.0011370166061384682