6 0.00004532454385082448
10 0.000010463329096806138
14 0.00026456709550368824
15 0.00011067438687857875
25 0.00004914275771090647
26 0.000009180257170353432
27 0.00001995165315167076
28 0.000009552780696291852
29 0.000010672856571901583
30 0.00008005552081252168
31 0.000011047053421159797
32 0.0001446627800658901
45 0.000005846154498803574
46 0.00032731777168967243
48 0.00028258006022830796
49 0.0002231883932943071
50 0.00004529586521301164
53 0.0005828723274939218
59 0.000006462183444711172
60 0.000012924366889422343
67 0.0003493811814946261
72 0.0007394879986854364
93 0.0002302492435057135
95 0.00027385185796449787
96 0.00028486772064441167
103 0.00017082267940358932
110 0.0003600357507382571
139 0.0001247963410453852
141 0.0005103588061228796
144 0.00041726745680283956
146 0.00036481917391093806
151 0.0003393671988105698
159 0.00014086769495867446
167 0.0003185136261757804
172 0.00023913727761189357
277 0.0005494856956725966
430 0.00033256580019006747
444 0.0005878935028388465
469 0.00048193069598779744
530 0.0002736737953600468
539 0.0005494856956725966
643 0.0018120890732833041
723 0.0007709345372720537
753 0.006082064362423009
835 0.0016769790739137058
849 0.000685825303055794
850 0.0008128063180586093
1337 0.0005353974937352319
1496 0.0013946405666204024
1911 0.0007096674962648366
1912 0.0008128063180586093
3799 0.0024384189541758277
3800 0.0034110498184154047
3801 0.005436267219849912
3802 0.00612918342834036
3803 0.000953975571705261
3804 0.0009060445366416521
3805 0.0034110498184154047
3806 0.0011370166061384682
3807 0.000953975571705261
3808 0.0010215305713900601