2 0.0003632093920196124
6 0.0000679868157762367
7 0.0014154570504836188
9 0.00035235645930202465
10 0.00004185331638722455
14 0.00026456709550368824
15 0.0002213487737571575
17 0.00024376566216822076
18 0.0003172930263603734
24 0.0002549984919897665
25 0.00004914275771090647
26 0.00002295064292588358
27 0.00001995165315167076
28 0.000014329171044437778
29 0.000016009284857852372
31 0.000022094106842319594
34 0.00011936985864893924
36 0.00017439542599474
37 0.0007975864282571718
45 0.000014615386247008935
50 0.00004529586521301164
51 0.0020896329329751083
52 0.00023612160922741876
53 0.0005828723274939218
57 0.0005405050727592154
59 0.000012924366889422343
60 0.000038773100668267026
65 0.00279808928288031
74 0.0001314382268441069
78 0.0005309542669637955
90 0.0003600357507382571
93 0.0002302492435057135
95 0.00006846296449112447
103 0.000512468038210768
130 0.00036808616347914477
134 0.0006072485212553113
140 0.0008023810758586712
144 0.0012518023704085185
163 0.00029998219746697925
168 0.00004914275771090647
169 0.0002663490497050791
194 0.0013019989827725655
213 0.0010944575217328141
234 0.00038363630339787504
235 0.000489099431979698
276 0.0007394879986854364
328 0.0003260311928669616
343 0.002169998304620943
392 0.0009573908535360409
395 0.003189471339960926
439 0.0005266264618316295
440 0.0009267985345579925
449 0.0008536133932028559
475 0.0002526001287307366
481 0.0004339996609241885
517 0.007086112021356578
519 0.0004221783120451008
530 0.0002736737953600468
582 0.005171522413697629
607 0.0007096674962648366
654 0.00038729823387417876
671 0.0007820849235471108
702 0.01124334736843987
750 0.0008384895369568529
820 0.000629765283625402
851 0.00046935029736931276
1111 0.0014750011320375594
1114 0.0014193349925296732
1195 0.003854672686360269
1282 0.0038812167210990067
1283 0.0031597587709897763
1521 0.0005878935028388465
1774 0.004967672473853856
1808 0.0006007160688395344
1979 0.0005818342485617932
2161 0.0006378942679921852
3370 0.0008128063180586093
3505 0.000953975571705261
3799 0.0008128063180586093
3809 0.0010215305713900601
3810 0.0010215305713900601
3811 0.00306459171417018
3812 0.002718133609924956
3813 0.0011370166061384682