2 0.0003632093920196124
7 0.0014154570504836188
9 0.00035235645930202465
10 0.00003138998729041841
14 0.00026456709550368824
15 0.00016601158031786812
17 0.00024376566216822076
18 0.0003172930263603734
24 0.0002549984919897665
25 0.00004914275771090647
26 0.000013770385755530148
27 0.00001995165315167076
28 0.000004776390348145926
29 0.000005336428285950791
31 0.000011047053421159797
34 0.00011936985864893924
45 0.000011692308997607148
48 0.00014129003011415398
51 0.0020896329329751083
57 0.0005405050727592154
59 0.000012924366889422343
60 0.000025848733778844687
65 0.00186539285525354
78 0.0005309542669637955
90 0.0003600357507382571
93 0.0002302492435057135
103 0.000512468038210768
130 0.00036808616347914477
134 0.0006072485212553113
140 0.0008023810758586712
144 0.0012518023704085185
163 0.00029998219746697925
168 0.00004914275771090647
169 0.0002663490497050791
194 0.0004339996609241885
213 0.00036481917391093806
234 0.00038363630339787504
235 0.000489099431979698
276 0.0007394879986854364
278 0.0004991223381462831
343 0.001735998643696754
392 0.0009573908535360409
395 0.0025515770719687406
440 0.0009267985345579925
449 0.0008536133932028559
475 0.0002526001287307366
481 0.0004339996609241885
517 0.005668889617085262
530 0.0002736737953600468
582 0.0025857612068488143
607 0.0007096674962648366
671 0.0003910424617735554
702 0.00856635989976371
750 0.0008384895369568529
851 0.00046935029736931276
1111 0.0014750011320375594
1114 0.0014193349925296732
1195 0.003083738149088215
1282 0.0038812167210990067
1283 0.002106505847326518
1521 0.0005878935028388465
1774 0.0028386699850593464
1808 0.0006007160688395344
1979 0.0005818342485617932
2161 0.0006378942679921852
3370 0.0008128063180586093
3799 0.0008128063180586093
3809 0.0010215305713900601
3810 0.0010215305713900601
3811 0.00306459171417018
3812 0.002718133609924956