0 0.00010360515709016387
6 0.0000679868157762367
10 0.000010463329096806138
20 0.00014256349717722765
23 0.0001917778078759736
24 0.0002549984919897665
25 0.00009828551542181294
26 0.000009180257170353432
27 0.00001995165315167076
28 0.000009552780696291852
29 0.000010672856571901583
30 0.00016011104162504336
31 0.000027617633552899494
32 0.0001446627800658901
34 0.00011936985864893924
45 0.000005846154498803574
47 0.0002708891434150717
50 0.00004529586521301164
59 0.000006462183444711172
60 0.000012924366889422343
95 0.0005477037159289957
96 0.0005697354412888233
111 0.0004724074680904385
146 0.00036481917391093806
159 0.00014086769495867446
168 0.00004914275771090647
175 0.00028530254609905744
177 0.00044410039764801966
216 0.0006075174674600367
221 0.0008180359272162828
222 0.0007496376846183616
227 0.0010448164664875542
233 0.00038915983010845493
419 0.0007533803027405932
475 0.0002526001287307366
1086 0.0005446560494091424
1312 0.0006649717304210047
3799 0.0008128063180586093
3814 0.0020430611427801203
3828 0.0011370166061384682
3829 0.0011370166061384682
3830 0.0011370166061384682
3831 0.0011370166061384682
3832 0.0022740332122769364