0 0.000828841256721311
6 0.00004532454385082448
10 0.00003138998729041841
14 0.00026456709550368824
15 0.00016601158031786812
20 0.00014256349717722765
24 0.00012749924599488326
26 0.000009180257170353432
27 0.000026602204202227678
28 0.00002388195174072963
29 0.000037354998001655535
30 0.00008005552081252168
31 0.000022094106842319594
32 0.00021699417009883517
34 0.00005968492932446962
42 0.0008934127295715378
43 0.0002495926820907704
44 0.000452589044870013
45 0.00000876923174820536
50 0.0001358875956390349
52 0.0023612160922741876
53 0.0011657446549878435
54 0.0011238107507565048
57 0.00018016835758640515
59 0.000006462183444711172
60 0.000012924366889422343
72 0.0003697439993427182
74 0.0003943146805323207
87 0.0011042584904374343
91 0.00046926799994623984
94 0.0004885960299787504
95 0.0006161666804201201
96 0.0006409523714499261
97 0.000301019837656128
98 0.00029888966155459023
100 0.00028855347451293045
103 0.000256234019105384
108 0.0002542579645943101
122 0.0033862111302645167
130 0.00036808616347914477
132 0.0003870087270600267
139 0.0001247963410453852
143 0.0005363005372989338
151 0.0003393671988105698
163 0.0008999465924009378
165 0.003754802378954502
168 0.00004914275771090647
169 0.0002663490497050791
176 0.0004576534865273853
185 0.00023389514674621796
186 0.00040692219849536895
189 0.0009510435709733304
195 0.00021509233277500263
213 0.00036481917391093806
214 0.00520219050269529
221 0.0004090179636081414
222 0.0003748188423091808
224 0.0005182941691667408
252 0.0004236634738825287
255 0.0009565491104475743
266 0.0012043277795589216
273 0.0003697439993427182
304 0.0017769291801182456
305 0.0005648761188866944
306 0.003765453979632206
309 0.004213011694653036
314 0.0012928806034244072
362 0.0005999643949339585
365 0.0016484570870177898
446 0.0012530251032189816
462 0.0005941814615164285
483 0.0003800531302520963
496 0.0003493811814946261
567 0.0007096674962648366
619 0.0010893120988182848
716 0.0018194129342359118
727 0.0005494856956725966
740 0.002797932161982139
775 0.0007296383478218761
811 0.000685825303055794
840 0.0005027842686225869
851 0.005632203568431753
865 0.0004520992678889995
930 0.0005648761188866944
1013 0.0010989713913451932
1020 0.003251225272234437
1066 0.00048193069598779744
1119 0.000629765283625402
1122 0.000685825303055794
1123 0.000685825303055794
1472 0.0007096674962648366
1548 0.0007230035022084448
1767 0.0007096674962648366
1888 0.0024384189541758277
2035 0.015183073546377341
2389 0.0008128063180586093
3501 0.0007709345372720537
3833 0.0008128063180586093
3834 0.0008688663374890013