0 0.00020721031418032774
5 0.0001350647307564619
6 0.0001359736315524734
10 0.0001360232782584798
14 0.0005291341910073765
15 0.0002766859671964469
24 0.00012749924599488326
25 0.00004914275771090647
26 0.000009180257170353432
27 0.00001995165315167076
28 0.00002388195174072963
29 0.00004269142628760633
30 0.00008005552081252168
31 0.000022094106842319594
32 0.00021699417009883517
34 0.00011936985864893924
45 0.000011692308997607148
47 0.0002708891434150717
48 0.00014129003011415398
49 0.0002231883932943071
50 0.00009059173042602328
52 0.0004722432184548375
53 0.0005828723274939218
59 0.000019386550334133513
60 0.000012924366889422343
65 0.00466348213813385
91 0.00023463399997311992
93 0.0002302492435057135
95 0.0005477037159289957
96 0.0005697354412888233
97 0.0000602039675312256
98 0.0005977793231091805
100 0.00014427673725646523
103 0.00008541133970179466
119 0.000308970277376323
124 0.0009123975706000563
133 0.0006495089459653231
139 0.0004991853641815408
140 0.0002005952689646678
163 0.00029998219746697925
166 0.0004605016093796513
168 0.00009828551542181294
169 0.0005326980994101582
172 0.00023913727761189357
175 0.00028530254609905744
215 0.0010893120988182848
222 0.0007496376846183616
232 0.0005182941691667408
241 0.00093269642762677
245 0.0006146083728946911
246 0.01133921182327999
252 0.001270990421647586
273 0.0003697439993427182
299 0.0009629459530617334
300 0.0007565574870340312
301 0.001510664136289202
331 0.0003136839799123262
380 0.0004755217854866652
389 0.00045485323355897795
437 0.00043897349683716435
446 0.0004176750344063272
475 0.0005052002574614732
517 0.006613704553266138
539 0.0005494856956725966
554 0.0003600357507382571
580 0.005406444619555809
585 0.0019939660706429297
612 0.0013501449342896718
687 0.0005065284965219635
691 0.00038363630339787504
709 0.001371650606111588
743 0.0011401593907562888
775 0.002553734217376566
936 0.0006554485025236457
1304 0.003917105026774994
2235 0.000790558501893244
2478 0.0005941814615164285
3113 0.0018120890732833041
3835 0.0011370166061384682
3836 0.0011370166061384682