0 0.00020721031418032774
2 0.001089628176058837
3 0.00044939008413828627
4 0.000801577161694931
5 0.0001350647307564619
6 0.00011331135962706119
7 0.004246371151450856
9 0.0007047129186040493
10 0.00005231664548403069
11 0.0026646023858881178
15 0.00033202316063573624
23 0.0001917778078759736
26 0.000009180257170353432
27 0.0000332527552527846
28 0.000028658342088875557
29 0.000021345713143803165
30 0.00008005552081252168
31 0.000022094106842319594
32 0.00021699417009883517
34 0.0002984246466223481
37 0.0003987932141285859
38 0.0004576534865273853
43 0.0001247963410453852
44 0.00015086301495667102
45 0.00000876923174820536
48 0.00028258006022830796
50 0.00009059173042602328
59 0.000019386550334133513
60 0.000012924366889422343
72 0.0011092319980281545
74 0.0002628764536882138
84 0.0016484570870177898
93 0.0002302492435057135
95 0.0006846296449112446
96 0.000783386231772132
97 0.0001204079350624512
100 0.00014427673725646523
103 0.000256234019105384
110 0.0003600357507382571
122 0.0006156747509571849
144 0.0008345349136056791
160 0.0021948674841858217
161 0.00032348746208875627
168 0.00009828551542181294
169 0.0005326980994101582
171 0.0012530251032189816
172 0.00023913727761189357
202 0.00030783737547859243
235 0.000244549715989849
247 0.0003148783300420517
255 0.0035870591641784036
266 0.0003010819448897304
273 0.0003697439993427182
331 0.0009410519397369785
343 0.00911399287940796
352 0.000514279248876994
356 0.0005266264618316295
357 0.0007375005660187797
362 0.00029998219746697925
437 0.00043897349683716435
538 0.00037310999523034225
539 0.0010989713913451932
554 0.0003600357507382571
586 0.0005759876441280593
635 0.0005182941691667408
654 0.00038729823387417876
797 0.0038041742838933216
820 0.000629765283625402
931 0.0008128063180586093
1117 0.0018120890732833041
1308 0.0007375005660187797
2212 0.001907951143410522
3759 0.0010215305713900601
3837 0.0011370166061384682
3838 0.0010215305713900601
3839 0.0011370166061384682
3840 0.0022740332122769364