0 0.00020721031418032774
5 0.0001350647307564619
10 0.000010463329096806138
15 0.00011067438687857875
20 0.00014256349717722765
21 0.0006220145312703716
23 0.0003835556157519472
24 0.0002549984919897665
25 0.00019657103084362587
26 0.000009180257170353432
27 0.0000066505510505569195
28 0.000009552780696291852
29 0.000010672856571901583
31 0.000060758793816378885
32 0.0001446627800658901
34 0.0002984246466223481
45 0.000005846154498803574
47 0.0002708891434150717
48 0.00028258006022830796
59 0.000012924366889422343
60 0.000012924366889422343
76 0.0014257357232842385
93 0.0002302492435057135
95 0.00013692592898224894
96 0.00014243386032220583
97 0.0000602039675312256
102 0.0003910424617735554
103 0.00017082267940358932
121 0.0006393849844536105
132 0.00058051309059004
133 0.00032475447298266157
134 0.0004048323475035409
139 0.0002495926820907704
142 0.0004520992678889995
163 0.0005999643949339585
164 0.0016561910722189337
185 0.00023389514674621796
220 0.0005399624677752377
247 0.0018892699802523102
252 0.002753812580236436
255 0.00047827455522378713
262 0.002771664833961794
300 0.0012104919792544498
301 0.0017624414923374024
370 0.0004221783120451008
497 0.0008934484983843897
538 0.00037310999523034225
611 0.0005309542669637955
734 0.0005027842686225869
743 0.0003800531302520963
774 0.0005941814615164285
797 0.0004755217854866652
816 0.0004852300340911263
864 0.0009060445366416521
865 0.000904198535777999
866 0.0008688663374890013