0 0.00010360515709016387
5 0.0001350647307564619
6 0.0000679868157762367
8 0.000460498487011427
10 0.00003138998729041841
15 0.0002766859671964469
26 0.000013770385755530148
27 0.000026602204202227678
28 0.000028658342088875557
29 0.000016009284857852372
31 0.000022094106842319594
32 0.00021699417009883517
34 0.00011936985864893924
42 0.00029780424319051263
43 0.0001247963410453852
44 0.00015086301495667102
45 0.00000876923174820536
50 0.0001358875956390349
58 0.0005595864323964277
59 0.000006462183444711172
60 0.000012924366889422343
74 0.0001314382268441069
75 0.0024719231862273716
81 0.0006678080987797565
87 0.00036808616347914477
93 0.0002302492435057135
95 0.00027385185796449787
96 0.00028486772064441167
97 0.0001204079350624512
103 0.000256234019105384
108 0.0002542579645943101
109 0.002291010506720923
119 0.0001544851386881615
121 0.0002131283281512035
138 0.0005999643949339585
144 0.0010431686420070989
145 0.002994734028877698
151 0.0006787343976211396
159 0.0005634707798346978
268 0.0007709345372720537
269 0.0014460070044168896
271 0.0004415172276153697
273 0.0003697439993427182
361 0.0004605016093796513
362 0.00029998219746697925
372 0.0003553858360236491
384 0.0009573908535360409
393 0.003373514871914582
456 0.00040485246840563934
496 0.0003493811814946261
501 0.008940869498644703
505 0.007631804573642088
607 0.0021290024887945097
635 0.0005182941691667408
892 0.0005595864323964277
1044 0.0005648761188866944
1066 0.00048193069598779744
1270 0.0036241781465666083
1938 0.0006146083728946911
1979 0.0005818342485617932
2780 0.000790558501893244
2986 0.007631804573642088
3220 0.0008384895369568529
3845 0.009193775142510541
3846 0.0009060445366416521
3847 0.000953975571705261