0 0.00020721031418032774
5 0.0001350647307564619
6 0.00015863590347788565
10 0.00017787659464570436
15 0.000442697547514315
24 0.0002549984919897665
26 0.000018360514340706863
27 0.000026602204202227678
28 0.000014329171044437778
29 0.000016009284857852372
30 0.00008005552081252168
31 0.000022094106842319594
32 0.00021699417009883517
36 0.00017439542599474
45 0.00000876923174820536
47 0.0005417782868301434
48 0.00028258006022830796
50 0.00004529586521301164
59 0.000006462183444711172
60 0.000012924366889422343
74 0.0005257529073764276
75 0.00030899039827842145
87 0.00036808616347914477
91 0.00046926799994623984
95 0.0006161666804201201
96 0.0006409523714499261
97 0.0000602039675312256
100 0.00014427673725646523
121 0.0010656416407560177
133 0.0012990178919306463
144 0.00041726745680283956
159 0.0002817353899173489
160 0.0043897349683716435
168 0.00004914275771090647
171 0.0004176750344063272
172 0.00023913727761189357
175 0.00028530254609905744
177 0.00044410039764801966
188 0.0010365883383334816
211 0.0010893120988182848
213 0.00036481917391093806
215 0.001633968148227427
225 0.0005353974937352319
246 0.005399624677752376
255 0.00023913727761189357
273 0.0003697439993427182
327 0.0009573908535360409
331 0.0009410519397369785
362 0.00029998219746697925
393 0.00048193069598779744
398 0.0007264187840392248
456 0.0008097049368112787
1142 0.00040280813441833274
1304 0.0016787592971892833
1548 0.0007230035022084448
3848 0.0017377326749780026