5 0.0001350647307564619
10 0.00003138998729041841
15 0.0002213487737571575
24 0.0002549984919897665
26 0.000009180257170353432
27 0.00001995165315167076
28 0.000014329171044437778
29 0.000010672856571901583
31 0.000016570580131739694
32 0.00021699417009883517
34 0.00005968492932446962
45 0.00000876923174820536
50 0.00009059173042602328
59 0.000006462183444711172
60 0.000012924366889422343
73 0.0004885960299787504
87 0.0007361723269582895
90 0.0003600357507382571
94 0.0004885960299787504
95 0.00027385185796449787
96 0.00028486772064441167
97 0.0001204079350624512
100 0.00028855347451293045
103 0.00008541133970179466
136 0.00029565439233481325
168 0.00004914275771090647
172 0.0007174118328356807
202 0.00030783737547859243
233 0.0007783196602169099
235 0.0007336491479695469
273 0.0007394879986854364
300 0.00045393449222041863
301 0.000755332068144601
302 0.001150908910193625
429 0.0014265653564599955
497 0.00044672424919219483
529 0.00044939008413828627
636 0.0007533803027405932
734 0.0005027842686225869
985 0.0004885960299787504
1193 0.001061908533927591
1451 0.0006146083728946911
1477 0.0005494856956725966
2570 0.0005595864323964277
3079 0.0016256126361172186
3146 0.006677829001936826
3501 0.0007709345372720537
3849 0.0022740332122769364
3850 0.011370166061384683