5 0.0001350647307564619
6 0.00004532454385082448
8 0.000460498487011427
10 0.000020926658193612276
13 0.0003124981305672972
15 0.000055337193439289376
26 0.000018360514340706863
27 0.000013301102101113839
28 0.000009552780696291852
29 0.000037354998001655535
31 0.0000055235267105798985
36 0.00017439542599474
45 0.000005846154498803574
52 0.0004722432184548375
54 0.000160544392965215
55 0.000904198535777999
56 0.00034358542739842214
59 0.000006462183444711172
60 0.000025848733778844687
67 0.0003493811814946261
68 0.00040280813441833274
69 0.0050109437064047085
76 0.0009504904821894923
97 0.0000602039675312256
98 0.00029888966155459023
108 0.0005085159291886202
117 0.00038545720818497763
119 0.000308970277376323
122 0.00030783737547859243
134 0.00020241617375177045
139 0.0001247963410453852
140 0.0002005952689646678
146 0.00036481917391093806
158 0.0003765453979632206
165 0.0028161017842158764
166 0.0004605016093796513
168 0.00004914275771090647
175 0.00028530254609905744
180 0.0002526001287307366
201 0.0015131601322509465
240 0.0005065284965219635
255 0.0019130982208951485
264 0.000570339268307386
299 0.0003209819843539111
311 0.00033798452589909114
328 0.0003260311928669616
351 0.00458813951766552
360 0.0005309542669637955
370 0.0004221783120451008
375 0.004192447684784265
378 0.0009060445366416521
379 0.000953975571705261
387 0.0009060445366416521
440 0.0009267985345579925
454 0.00038363630339787504
458 0.0007636701689069744
499 0.0005648761188866944
517 0.005196482148994824
538 0.00037310999523034225
550 0.0008056162688366655
580 0.0018021482065186032
582 0.0025857612068488143
618 0.0019543841199150015
640 0.0008384895369568529
681 0.001140678536614772
782 0.0006220145312703716
797 0.0004755217854866652
913 0.0004111404270832213
973 0.002824380594433472
1132 0.0008882007952960393
1314 0.0005446560494091424
1634 0.0007230035022084448
1808 0.0018021482065186032
1837 0.00395279250946622
3351 0.0007375005660187797
3851 0.000953975571705261
3852 0.0010215305713900601
3853 0.0010215305713900601