0 0.00010360515709016387
4 0.0004007885808474655
6 0.00022662271925412238
9 0.0024664952151141725
10 0.000020926658193612276
13 0.0012499925222691887
17 0.00024376566216822076
20 0.00014256349717722765
24 0.0002549984919897665
25 0.00009828551542181294
26 0.000004590128585176716
27 0.000013301102101113839
28 0.00002388195174072963
29 0.000016009284857852372
30 0.00016011104162504336
31 0.000027617633552899494
34 0.00017905478797340885
36 0.00052318627798422
37 0.0015951728565143436
38 0.0009153069730547706
42 0.0005956084863810253
45 0.00001753846349641072
49 0.0002231883932943071
53 0.0005828723274939218
56 0.0006871708547968443
59 0.000006462183444711172
60 0.000012924366889422343
74 0.0002628764536882138
97 0.0001204079350624512
103 0.000256234019105384
111 0.000944814936180877
119 0.000308970277376323
124 0.00022809939265001406
134 0.0004048323475035409
135 0.0010893120988182848
136 0.00029565439233481325
138 0.0005999643949339585
139 0.0002495926820907704
144 0.00041726745680283956
154 0.0007533803027405932
159 0.0005634707798346978
161 0.00032348746208875627
162 0.0007601062605041926
163 0.00029998219746697925
168 0.00004914275771090647
172 0.00023913727761189357
185 0.00023389514674621796
234 0.00038363630339787504
235 0.0007336491479695469
247 0.0006297566600841033
248 0.0014460070044168896
249 0.0025515770719687406
250 0.0029394675141942326
251 0.0006133845545933855
252 0.00021183173694126436
265 0.0007266256124202381
270 0.0008384895369568529
289 0.0007096674962648366
300 0.00045393449222041863
301 0.000755332068144601
306 0.0015061815918528823
307 0.0003818350844534872
325 0.0008779469936743287
339 0.0005103588061228796
342 0.0004885960299787504
343 0.0030379976264693193
347 0.0007709345372720537
352 0.0015428377466309817
380 0.0009510435709733304
398 0.0003632093920196124
413 0.001188362923032857
429 0.0004755217854866652
430 0.0006651316003801349
435 0.0008882007952960393
442 0.0007296383478218761
454 0.00038363630339787504
458 0.0003818350844534872
512 0.00044672424919219483
530 0.0002736737953600468
573 0.0004885960299787504
585 0.0003987932141285859
589 0.0003818350844534872
594 0.0005818342485617932
623 0.0009210032187593025
672 0.0005182941691667408
702 0.006424769924822782
775 0.00036481917391093806
790 0.0006649717304210047
820 0.001259530567250804
848 0.0005446560494091424
867 0.0015083528058677605
897 0.0005494856956725966
898 0.0005027842686225869
901 0.0005759876441280593
902 0.0005544595315855724
903 0.0005818342485617932
904 0.0006007160688395344
905 0.0005878935028388465
906 0.000570339268307386
907 0.0005878935028388465
908 0.0005818342485617932
909 0.0005941814615164285
910 0.000570339268307386
911 0.0005759876441280593
912 0.0009573908535360409
913 0.0004111404270832213
1033 0.0017377326749780026
1071 0.0007533803027405932
1159 0.0008384895369568529
1161 0.0006649717304210047
1172 0.0008384895369568529
1173 0.008688663374890014
1175 0.000953975571705261
1180 0.002723280247045712
1215 0.0010215305713900601
1264 0.0012150349349200735
1328 0.0013946405666204024
1397 0.0006750724671448359
1415 0.0007096674962648366
1562 0.0006220145312703716
1563 0.0006075174674600367
1785 0.0022595044755467776
1826 0.0010215305713900601
1994 0.0006075174674600367
2043 0.0011519752882561186
2602 0.0007375005660187797
3505 0.000953975571705261
3687 0.006677829001936826
3857 0.0034110498184154047
3858 0.0022740332122769364
3859 0.0011370166061384682
3860 0.0011370166061384682
3861 0.0011370166061384682
3862 0.0011370166061384682
3863 0.004548066424553873
3864 0.0022740332122769364
3865 0.006822099636830809
3866 0.0010215305713900601
3867 0.0022740332122769364