0 0.00020721031418032774
2 0.0014528375680784495
4 0.000801577161694931
6 0.0001812981754032979
9 0.002114138755812148
10 0.000010463329096806138
14 0.00026456709550368824
15 0.000055337193439289376
23 0.0001917778078759736
25 0.00004914275771090647
26 0.000009180257170353432
27 0.000026602204202227678
28 0.000019105561392583703
29 0.000032018569715704745
30 0.00008005552081252168
31 0.000016570580131739694
32 0.0001446627800658901
34 0.00011936985864893924
36 0.00017439542599474
41 0.00018725926302105958
42 0.00029780424319051263
43 0.0001247963410453852
44 0.00015086301495667102
45 0.000014615386247008935
46 0.0006546355433793449
48 0.00028258006022830796
49 0.0002231883932943071
50 0.0001358875956390349
52 0.00023612160922741876
56 0.00034358542739842214
57 0.00018016835758640515
59 0.000006462183444711172
60 0.000012924366889422343
74 0.0002628764536882138
90 0.0003600357507382571
95 0.0007530926094023691
96 0.000783386231772132
97 0.0001204079350624512
100 0.00014427673725646523
103 0.00008541133970179466
119 0.000308970277376323
124 0.0009123975706000563
125 0.00038013792159427004
134 0.00020241617375177045
139 0.0001247963410453852
143 0.0002681502686494669
144 0.00041726745680283956
151 0.0006787343976211396
153 0.00022952953988283507
159 0.0005634707798346978
160 0.0008779469936743287
166 0.0009210032187593025
170 0.0008779469936743287
175 0.00028530254609905744
177 0.00044410039764801966
180 0.0002526001287307366
197 0.000570339268307386
219 0.0010848450449278055
233 0.00038915983010845493
235 0.000244549715989849
240 0.0005065284965219635
248 0.0007230035022084448
249 0.0012757885359843703
250 0.001175787005677693
299 0.0003209819843539111
300 0.00015131149740680623
343 0.002169998304620943
354 0.0004955391650005044
390 0.001175787005677693
442 0.00036481917391093806
512 0.00044672424919219483
530 0.0002736737953600468
538 0.00037310999523034225
601 0.0004176750344063272
702 0.003212384962411391
727 0.0005494856956725966
807 0.0007709345372720537
923 0.0028516963415369297
1171 0.002591470845833704
1181 0.0005266264618316295
1248 0.0005353974937352319
1328 0.0006973202833102012
1864 0.003854672686360269
2025 0.0008128063180586093
2043 0.0005759876441280593
2332 0.000953975571705261
2391 0.0010215305713900601
2475 0.0007096674962648366
3351 0.0007375005660187797
3854 0.0010215305713900601
3868 0.0011370166061384682