2 0.0003632093920196124
6 0.00022662271925412238
10 0.00004185331638722455
15 0.00011067438687857875
17 0.00024376566216822076
21 0.0006220145312703716
24 0.0003824977379846497
25 0.00019657103084362587
26 0.000004590128585176716
27 0.000026602204202227678
28 0.000028658342088875557
29 0.000016009284857852372
30 0.00016011104162504336
31 0.00004418821368463919
34 0.00011936985864893924
36 0.00017439542599474
44 0.00030172602991334203
45 0.00000876923174820536
47 0.0002708891434150717
48 0.00014129003011415398
49 0.0002231883932943071
54 0.0011238107507565048
59 0.000006462183444711172
60 0.000012924366889422343
67 0.0017469059074731303
68 0.0012084244032549982
75 0.0037078847793410572
76 0.00047524524109474617
77 0.001316920490511493
78 0.0005309542669637955
80 0.0010181015964317096
81 0.0010017121481696349
82 0.0019964893525851323
89 0.00033798452589909114
93 0.000460498487011427
95 0.00006846296449112447
97 0.00036122380518735357
103 0.000256234019105384
108 0.0005085159291886202
119 0.00046345541606448445
121 0.0002131283281512035
122 0.003694048505743109
124 0.0013685963559000845
135 0.0038125923458639964
136 0.00029565439233481325
141 0.0005103588061228796
144 0.0010431686420070989
145 0.0004991223381462831
159 0.0008452061697520468
167 0.0006370272523515608
168 0.00004914275771090647
179 0.0005027842686225869
180 0.0007578003861922098
185 0.0004677902934924359
200 0.0005666143587603556
202 0.00030783737547859243
235 0.000489099431979698
247 0.0003148783300420517
252 0.007414110792944253
265 0.00024220853747341272
300 0.00030262299481361246
301 0.004531992408867607
306 0.0007530907959264412
325 0.001316920490511493
327 0.0009573908535360409
361 0.0009210032187593025
393 0.00048193069598779744
430 0.00033256580019006747
452 0.0005399624677752377
475 0.0002526001287307366
549 0.0005759876441280593
550 0.0012084244032549982
589 0.0003818350844534872
618 0.0004885960299787504
623 0.0009210032187593025
668 0.002376725846065714
669 0.004753451692131428
672 0.0005182941691667408
714 0.0005027842686225869
722 0.00612918342834036
729 0.0006075174674600367
733 0.00715071399973042
747 0.0015418690745441074
842 0.000570339268307386
848 0.0005446560494091424
867 0.0010055685372451738
868 0.009952232500325946
869 0.0022740332122769364
870 0.0006075174674600367
871 0.0007375005660187797
872 0.000953975571705261
873 0.0010215305713900601
874 0.0008128063180586093
875 0.000953975571705261
876 0.0007375005660187797
877 0.0011370166061384682
878 0.0006378942679921852
879 0.0010215305713900601
880 0.0011370166061384682
881 0.001259530567250804
882 0.0008128063180586093
883 0.001907951143410522
884 0.0011370166061384682
885 0.007959116242969277
886 0.0011370166061384682
887 0.0011370166061384682
888 0.0011370166061384682
889 0.0009060445366416521
890 0.0009060445366416521
891 0.004548066424553873
892 0.0005595864323964277
893 0.0013108970050472915
894 0.0009060445366416521
895 0.00612918342834036
896 0.004548066424553873
897 0.0005494856956725966
898 0.0010055685372451738
899 0.0013946405666204024
900 0.0005266264618316295
901 0.0005759876441280593
902 0.0005544595315855724
903 0.0005818342485617932
904 0.0006007160688395344
905 0.0005878935028388465
906 0.000570339268307386
907 0.0005878935028388465
908 0.0005818342485617932
909 0.0005941814615164285
910 0.000570339268307386
911 0.0005759876441280593
912 0.0009573908535360409
913 0.0004111404270832213
914 0.0008384895369568529
915 0.004548066424553873