6 0.00009064908770164895
10 0.000020926658193612276
23 0.0001917778078759736
25 0.00004914275771090647
26 0.000009180257170353432
27 0.00001995165315167076
28 0.000014329171044437778
29 0.000021345713143803165
30 0.00008005552081252168
31 0.000016570580131739694
32 0.0001446627800658901
34 0.00005968492932446962
41 0.00018725926302105958
42 0.00029780424319051263
43 0.0001247963410453852
44 0.00015086301495667102
45 0.000014615386247008935
46 0.0006546355433793449
48 0.00028258006022830796
49 0.0002231883932943071
50 0.00009059173042602328
52 0.00023612160922741876
57 0.0003603367151728103
59 0.000006462183444711172
60 0.000012924366889422343
74 0.0001314382268441069
76 0.00023762262054737309
95 0.0007530926094023691
96 0.000783386231772132
97 0.00018061190259367678
100 0.00014427673725646523
121 0.0002131283281512035
125 0.00038013792159427004
129 0.000944814936180877
134 0.00020241617375177045
139 0.0001247963410453852
151 0.0006787343976211396
153 0.00022952953988283507
159 0.00014086769495867446
185 0.00023389514674621796
195 0.0006452769983250079
197 0.000570339268307386
213 0.00036481917391093806
217 0.0011194058203108088
223 0.0005052002574614732
235 0.000489099431979698
252 0.00021183173694126436
255 0.0011956863880594679
256 0.001053252923663259
265 0.0007266256124202381
278 0.0004991223381462831
299 0.0003209819843539111
354 0.0009910783300010088
390 0.001175787005677693
430 0.00033256580019006747
452 0.0005399624677752377
457 0.0006378942679921852
459 0.000570339268307386
483 0.0007601062605041926
515 0.00043897349683716435
525 0.0006220145312703716
555 0.00034358542739842214
767 0.00040692219849536895
832 0.0006146083728946911
833 0.002026113986087854
834 0.0019136828039765554
942 0.0006464403017122036
1103 0.00046935029736931276
1136 0.0008384895369568529
1142 0.00040280813441833274
1173 0.003475465349956005
1248 0.0005353974937352319
2043 0.0005759876441280593
3405 0.0010215305713900601
3869 0.006822099636830809
3870 0.0010215305713900601
3871 0.0011370166061384682
3872 0.0011370166061384682
3873 0.0011370166061384682
3874 0.0011370166061384682
3875 0.0022740332122769364
3876 0.0011370166061384682
3877 0.0010215305713900601
3878 0.0010215305713900601
3879 0.0011370166061384682
3880 0.0011370166061384682
3881 0.006822099636830809
3882 0.0011370166061384682