6 0.00009064908770164895
10 0.00004185331638722455
15 0.0002213487737571575
17 0.00024376566216822076
23 0.0001917778078759736
25 0.00004914275771090647
26 0.000009180257170353432
27 0.00003990330630334152
28 0.000014329171044437778
29 0.000021345713143803165
30 0.00008005552081252168
31 0.000016570580131739694
32 0.0001446627800658901
34 0.00005968492932446962
41 0.00018725926302105958
42 0.00029780424319051263
43 0.0001247963410453852
44 0.00015086301495667102
45 0.000005846154498803574
50 0.00018118346085204656
56 0.00034358542739842214
59 0.000006462183444711172
60 0.000012924366889422343
67 0.0006987623629892522
74 0.0001314382268441069
75 0.0006179807965568429
76 0.00047524524109474617
91 0.00046926799994623984
95 0.0007530926094023691
96 0.0007121693016110291
97 0.0000602039675312256
100 0.0005771069490258609
103 0.00017082267940358932
108 0.0002542579645943101
119 0.0001544851386881615
124 0.0015966957485500984
125 0.00038013792159427004
132 0.0003870087270600267
134 0.00020241617375177045
153 0.00022952953988283507
159 0.0011269415596693957
164 0.00033123821444378676
168 0.00009828551542181294
185 0.0014033708804773077
195 0.00021509233277500263
211 0.0005446560494091424
233 0.0007783196602169099
235 0.000244549715989849
265 0.002422085374734127
278 0.0004991223381462831
313 0.0006378942679921852
339 0.0005103588061228796
362 0.00029998219746697925
413 0.0005941814615164285
446 0.0004176750344063272
475 0.0002526001287307366
498 0.000953975571705261
515 0.001316920490511493
516 0.0006378942679921852
530 0.0002736737953600468
611 0.001061908533927591
635 0.0005182941691667408
671 0.0003910424617735554
723 0.0007709345372720537
767 0.00040692219849536895
774 0.001188362923032857
799 0.0003782900330627366
816 0.0004852300340911263
822 0.014496712586266433
826 0.0023716755056797318
1075 0.0006649717304210047
1173 0.0017377326749780026
1525 0.0008384895369568529
2024 0.0053965417609043755
2025 0.0008128063180586093
2029 0.003083738149088215
2218 0.0008384895369568529
2278 0.0008688663374890013
2312 0.0006750724671448359
2870 0.0007230035022084448
2881 0.000953975571705261
2904 0.010061874443482234
3616 0.0010215305713900601
3870 0.00306459171417018
3883 0.0011370166061384682
3884 0.0022740332122769364
3885 0.0010215305713900601
3886 0.010233149455246214
3887 0.0011370166061384682
3888 0.0011370166061384682
3889 0.000953975571705261
3890 0.000953975571705261