0 0.0004144206283606555
4 0.0020039429042373277
6 0.0001812981754032979
7 0.0007077285252418094
9 0.00035235645930202465
10 0.00003138998729041841
13 0.0003124981305672972
17 0.0004875313243364415
24 0.0002549984919897665
25 0.00009828551542181294
26 0.000018360514340706863
27 0.00001995165315167076
28 0.00003821112278516741
29 0.00004269142628760633
30 0.00024016656243756505
31 0.00005523526710579899
34 0.00023873971729787848
36 0.00017439542599474
37 0.0011963796423857577
38 0.0004576534865273853
41 0.00018725926302105958
43 0.0004991853641815408
45 0.000011692308997607148
50 0.00004529586521301164
57 0.0003603367151728103
59 0.000012924366889422343
60 0.000038773100668267026
90 0.0003600357507382571
100 0.00014427673725646523
108 0.0002542579645943101
119 0.000617940554752646
125 0.00019006896079713502
143 0.0002681502686494669
145 0.0009982446762925661
153 0.00022952953988283507
168 0.00004914275771090647
172 0.00023913727761189357
175 0.00028530254609905744
186 0.0016276887939814758
189 0.0004755217854866652
200 0.0008499215381405333
217 0.0006716434921864852
221 0.001227053890824424
222 0.0011244565269275424
251 0.0003066922772966927
252 0.0008473269477650574
256 0.0005266264618316295
300 0.0006052459896272249
302 0.0007672726067957501
303 0.001227053890824424
304 0.0014215433440945965
306 0.004518544775558647
372 0.0003553858360236491
416 0.0010481435444838782
459 0.000570339268307386
469 0.0019277227839511898
479 0.0031488264181270104
482 0.0024168488065099965
483 0.0007601062605041926
488 0.0005648761188866944
489 0.0006146083728946911
493 0.0005759876441280593
529 0.00044939008413828627
555 0.00034358542739842214
639 0.00045485323355897795
676 0.0005818342485617932
865 0.0004520992678889995
868 0.0006220145312703716
1009 0.0009060445366416521
1013 0.0005494856956725966
1863 0.0007709345372720537
2803 0.0009060445366416521
3280 0.0010215305713900601
3891 0.0011370166061384682
3892 0.0010215305713900601
3893 0.002718133609924956