0 0.00010360515709016387
6 0.0001359736315524734
15 0.000055337193439289376
22 0.0005595864323964277
23 0.0001917778078759736
25 0.00014742827313271942
26 0.000009180257170353432
27 0.00001995165315167076
28 0.00003821112278516741
29 0.000005336428285950791
30 0.00008005552081252168
31 0.0000055235267105798985
34 0.00005968492932446962
45 0.000005846154498803574
50 0.00004529586521301164
53 0.0005828723274939218
57 0.0003603367151728103
59 0.000006462183444711172
60 0.00005169746755768937
67 0.0006987623629892522
68 0.0008056162688366655
69 0.0015418288327399105
72 0.0003697439993427182
77 0.0017558939873486574
78 0.0005309542669637955
93 0.0002302492435057135
95 0.00020538889347337336
96 0.00028486772064441167
97 0.0000602039675312256
98 0.001195558646218361
100 0.00014427673725646523
101 0.0005353974937352319
119 0.000308970277376323
134 0.00020241617375177045
137 0.000570339268307386
148 0.0015794910854978863
157 0.000685825303055794
159 0.0005634707798346978
164 0.00033123821444378676
167 0.0003185136261757804
175 0.00028530254609905744
203 0.0003136839799123262
265 0.00024220853747341272
279 0.0025857612068488143
299 0.0003209819843539111
365 0.0005494856956725966
367 0.0005759876441280593
416 0.0003493811814946261
483 0.0007601062605041926
507 0.0008128063180586093
517 0.0014172224042713155
550 0.00040280813441833274
572 0.0005224082332437771
618 0.001465788089936251
639 0.00045485323355897795
671 0.0003910424617735554
700 0.0003910424617735554
743 0.0007601062605041926
1086 0.0010893120988182848
1192 0.002824380594433472
1193 0.0005309542669637955
1287 0.0011191728647928555
1483 0.0007709345372720537
1776 0.01219209477087914
1891 0.0007230035022084448
2046 0.0016769790739137058
3894 0.006938410835448483
3895 0.0056850830306923415
3896 0.0034110498184154047
3897 0.0034110498184154047
3898 0.009096132849107746
3899 0.0011370166061384682
3900 0.0011370166061384682
3901 0.0011370166061384682
3902 0.0011370166061384682
3903 0.0011370166061384682
3904 0.0011370166061384682
3905 0.0011370166061384682
3906 0.0011370166061384682
3907 0.0011370166061384682
3908 0.0011370166061384682