1 0.0005494856956725966
2 0.0003632093920196124
4 0.0004007885808474655
6 0.00009064908770164895
7 0.0014154570504836188
10 0.00003138998729041841
11 0.003996903578832177
13 0.0006249962611345944
15 0.000055337193439289376
18 0.0003172930263603734
23 0.0001917778078759736
25 0.00014742827313271942
26 0.000009180257170353432
27 0.000026602204202227678
28 0.000014329171044437778
29 0.000021345713143803165
30 0.00008005552081252168
31 0.000011047053421159797
32 0.0001446627800658901
34 0.00005968492932446962
36 0.00017439542599474
37 0.0015951728565143436
41 0.00037451852604211916
43 0.0001247963410453852
44 0.00030172602991334203
45 0.000005846154498803574
46 0.00032731777168967243
48 0.00028258006022830796
49 0.0004463767865886142
50 0.0001358875956390349
57 0.00018016835758640515
59 0.000006462183444711172
60 0.000012924366889422343
72 0.0003697439993427182
74 0.0002628764536882138
75 0.0009269711948352643
76 0.0007128678616421193
84 0.0005494856956725966
91 0.00023463399997311992
95 0.0007530926094023691
96 0.000783386231772132
97 0.0000602039675312256
100 0.00014427673725646523
103 0.00017082267940358932
108 0.0005085159291886202
117 0.00038545720818497763
119 0.0001544851386881615
121 0.0002131283281512035
132 0.00019350436353001335
133 0.00032475447298266157
139 0.0001247963410453852
151 0.0010181015964317096
158 0.0003765453979632206
160 0.00043897349683716435
162 0.0007601062605041926
167 0.0003185136261757804
175 0.00028530254609905744
194 0.0004339996609241885
197 0.000570339268307386
203 0.0003136839799123262
235 0.000244549715989849
299 0.0003209819843539111
303 0.0004090179636081414
307 0.0007636701689069744
331 0.0003136839799123262
343 0.006943994574787016
389 0.00045485323355897795
390 0.001175787005677693
434 0.00032731777168967243
488 0.0005648761188866944
489 0.0006146083728946911
493 0.0011519752882561186
516 0.0006378942679921852
544 0.0005353974937352319
577 0.0058179627154098315
586 0.0005759876441280593
588 0.0021690105066253344
589 0.0007636701689069744
697 0.0005878935028388465
702 0.0010707949874704638
716 0.0009097064671179559
775 0.00036481917391093806
799 0.0011348700991882098
806 0.0016276887939814758
816 0.0004852300340911263
820 0.000629765283625402
851 0.00046935029736931276
893 0.001966345507570937
960 0.0004724074680904385
973 0.00508388506998025
974 0.002351574011355386
975 0.0027722976579278623
976 0.0007375005660187797
985 0.001465788089936251
1104 0.0006554485025236457
1111 0.0014750011320375594
1117 0.0018120890732833041
1132 0.00044410039764801966
1142 0.00040280813441833274
1248 0.0005353974937352319
1337 0.0005353974937352319
2141 0.003486601416551006
2919 0.0009060445366416521
3120 0.0018120890732833041
3635 0.007631804573642088
3909 0.0011370166061384682
3910 0.011738853517395939
3911 0.002718133609924956
3912 0.0011370166061384682
3913 0.0034110498184154047