0 0.00010360515709016387
6 0.00011331135962706119
10 0.000020926658193612276
24 0.00012749924599488326
25 0.00009828551542181294
26 0.000018360514340706863
27 0.000013301102101113839
28 0.000014329171044437778
29 0.000010672856571901583
30 0.00016011104162504336
31 0.000022094106842319594
45 0.000011692308997607148
50 0.00009059173042602328
54 0.000160544392965215
57 0.0003603367151728103
59 0.000006462183444711172
60 0.000038773100668267026
89 0.00033798452589909114
90 0.0003600357507382571
95 0.00013692592898224894
96 0.00014243386032220583
121 0.000426256656302407
125 0.00019006896079713502
139 0.0002495926820907704
143 0.0005363005372989338
153 0.00045905907976567014
168 0.00004914275771090647
217 0.0013432869843729705
276 0.0007394879986854364
300 0.00015131149740680623
417 0.0007200715014765141
481 0.0004339996609241885
1038 0.0005103588061228796
3914 0.000953975571705261
3915 0.000953975571705261