2 0.0003632093920196124
4 0.0004007885808474655
6 0.00009064908770164895
7 0.0003538642626209047
10 0.00007324330367764296
11 0.0026646023858881178
18 0.0003172930263603734
23 0.0003835556157519472
24 0.0011474932139539493
25 0.00009828551542181294
26 0.000009180257170353432
27 0.00001995165315167076
28 0.00002388195174072963
29 0.000032018569715704745
31 0.00005523526710579899
32 0.0001446627800658901
34 0.00005968492932446962
36 0.00034879085198948
37 0.002791552498900101
41 0.00037451852604211916
43 0.0002495926820907704
44 0.00015086301495667102
45 0.000005846154498803574
50 0.00004529586521301164
54 0.000160544392965215
57 0.00018016835758640515
59 0.000012924366889422343
60 0.000012924366889422343
74 0.0002628764536882138
76 0.00023762262054737309
82 0.0004991223381462831
95 0.00047924075143787115
96 0.0006409523714499261
97 0.0001204079350624512
100 0.00014427673725646523
103 0.00017082267940358932
116 0.0005353974937352319
119 0.0001544851386881615
124 0.00022809939265001406
125 0.00019006896079713502
139 0.0001247963410453852
142 0.0004520992678889995
144 0.0008345349136056791
146 0.00036481917391093806
151 0.0003393671988105698
153 0.00022952953988283507
160 0.0008779469936743287
161 0.00032348746208875627
168 0.00004914275771090647
171 0.0004176750344063272
172 0.00047827455522378713
185 0.00023389514674621796
188 0.0010365883383334816
195 0.0008603693311000105
214 0.0012386167863560214
221 0.0016360718544325655
223 0.0005052002574614732
279 0.0006464403017122036
303 0.0004090179636081414
304 0.0010661575080709474
305 0.00508388506998025
307 0.0007636701689069744
312 0.0004885960299787504
327 0.00047869542676802046
343 0.0030379976264693193
354 0.0019821566600020176
362 0.00029998219746697925
414 0.0006075174674600367
434 0.00032731777168967243
475 0.0002526001287307366
488 0.0005648761188866944
489 0.0006146083728946911
493 0.0005759876441280593
529 0.00044939008413828627
544 0.0005353974937352319
575 0.00047869542676802046
577 0.005171522413697629
585 0.0003987932141285859
586 0.0005759876441280593
588 0.0014460070044168896
589 0.0011455052533604615
697 0.001175787005677693
702 0.0010707949874704638
742 0.00040692219849536895
816 0.0009704600681822526
820 0.000629765283625402
839 0.0004755217854866652
851 0.00046935029736931276
853 0.0005494856956725966
1476 0.0012292167457893823
1520 0.000570339268307386
1921 0.0007230035022084448
2244 0.0007709345372720537
3916 0.0010215305713900601
3917 0.0011370166061384682