0 0.00010360515709016387
6 0.00009064908770164895
10 0.000020926658193612276
15 0.000055337193439289376
23 0.0001917778078759736
25 0.00009828551542181294
26 0.000009180257170353432
27 0.000013301102101113839
28 0.000014329171044437778
29 0.000021345713143803165
30 0.00008005552081252168
31 0.000016570580131739694
32 0.0001446627800658901
41 0.00018725926302105958
43 0.0001247963410453852
44 0.00015086301495667102
45 0.000005846154498803574
46 0.00032731777168967243
48 0.00014129003011415398
49 0.0002231883932943071
50 0.00004529586521301164
54 0.000160544392965215
57 0.0005405050727592154
59 0.000012924366889422343
60 0.000012924366889422343
74 0.0001314382268441069
76 0.00023762262054737309
87 0.00036808616347914477
95 0.0006846296449112446
96 0.0007121693016110291
97 0.0000602039675312256
103 0.00008541133970179466
121 0.0006393849844536105
122 0.00030783737547859243
125 0.00019006896079713502
133 0.00032475447298266157
134 0.0004048323475035409
139 0.0001247963410453852
144 0.0006259011852042593
148 0.00039487277137447156
151 0.0010181015964317096
153 0.00045905907976567014
164 0.00033123821444378676
190 0.0005494856956725966
197 0.000570339268307386
217 0.002462692804683779
223 0.0002526001287307366
226 0.0010365883383334816
234 0.00038363630339787504
251 0.0003066922772966927
255 0.00023913727761189357
265 0.0007266256124202381
274 0.000629765283625402
290 0.0011297522377733888
299 0.0003209819843539111
300 0.0009078689844408373
390 0.001175787005677693
434 0.00032731777168967243
457 0.0006378942679921852
483 0.0011401593907562888
555 0.00034358542739842214
575 0.00047869542676802046
586 0.0028799382206402967
620 0.000953975571705261
797 0.0019020871419466608
833 0.003545699475653744
834 0.0006378942679921852
839 0.0009510435709733304
1069 0.0003968214617715378
1248 0.0005353974937352319
1585 0.0007096674962648366
1994 0.0006075174674600367
2244 0.00616747629817643
2614 0.0008688663374890013
2680 0.000953975571705261
3918 0.0011370166061384682
3919 0.0011370166061384682