6 0.00015863590347788565
10 0.00003138998729041841
12 0.0014750011320375594
15 0.00016601158031786812
23 0.0003835556157519472
26 0.000009180257170353432
27 0.00001995165315167076
28 0.000019105561392583703
29 0.000021345713143803165
30 0.00008005552081252168
31 0.000022094106842319594
32 0.0001446627800658901
34 0.00005968492932446962
36 0.00017439542599474
41 0.00018725926302105958
43 0.0001247963410453852
44 0.00015086301495667102
45 0.00000876923174820536
50 0.00009059173042602328
56 0.0006871708547968443
57 0.00018016835758640515
59 0.000006462183444711172
60 0.000012924366889422343
74 0.0001314382268441069
90 0.0003600357507382571
91 0.0009385359998924797
92 0.00036481917391093806
95 0.0007530926094023691
96 0.0007121693016110291
97 0.0002408158701249024
103 0.00017082267940358932
108 0.0002542579645943101
109 0.0003818350844534872
111 0.0014172224042713155
121 0.000426256656302407
135 0.0010893120988182848
139 0.0001247963410453852
144 0.00041726745680283956
158 0.0003765453979632206
167 0.0006370272523515608
168 0.00009828551542181294
180 0.0002526001287307366
185 0.0004677902934924359
187 0.0010215305713900601
202 0.00030783737547859243
214 0.0009908934290848172
271 0.0008830344552307394
312 0.002442980149893752
384 0.00047869542676802046
389 0.00045485323355897795
393 0.00048193069598779744
417 0.0003600357507382571
449 0.00213403348300714
454 0.00038363630339787504
475 0.0005052002574614732
512 0.00044672424919219483
538 0.00037310999523034225
572 0.0005224082332437771
613 0.0004176750344063272
624 0.0038554455679023795
881 0.001259530567250804
1142 0.00040280813441833274
1149 0.0007096674962648366
1440 0.0012928806034244072
1734 0.0006378942679921852
2276 0.005723853430231566
2327 0.0006464403017122036
3046 0.0015418690745441074
3254 0.00953975571705261
3920 0.009096132849107746
3921 0.0010215305713900601
3922 0.0011370166061384682
3923 0.0010215305713900601