0 0.00010360515709016387
6 0.00011331135962706119
10 0.00003138998729041841
17 0.0004875313243364415
23 0.0001917778078759736
24 0.0002549984919897665
25 0.00004914275771090647
26 0.000009180257170353432
27 0.000026602204202227678
28 0.000014329171044437778
29 0.000032018569715704745
30 0.00016011104162504336
31 0.000016570580131739694
32 0.0001446627800658901
34 0.00005968492932446962
41 0.00018725926302105958
43 0.0001247963410453852
44 0.00015086301495667102
45 0.00000876923174820536
50 0.00018118346085204656
54 0.000160544392965215
59 0.000025848733778844687
60 0.000012924366889422343
74 0.0001314382268441069
80 0.0010181015964317096
81 0.0010017121481696349
87 0.00036808616347914477
91 0.00023463399997311992
95 0.00041077778694674673
96 0.00035608465080551457
97 0.00018061190259367678
100 0.00014427673725646523
103 0.00034164535880717864
122 0.0015391868773929622
125 0.00019006896079713502
142 0.0004520992678889995
144 0.0006259011852042593
153 0.00022952953988283507
161 0.00032348746208875627
168 0.00004914275771090647
169 0.0005326980994101582
195 0.00021509233277500263
200 0.0002833071793801778
217 0.002462692804683779
223 0.0007578003861922098
252 0.001906485632471379
255 0.00047827455522378713
300 0.0018157379688816745
307 0.0003818350844534872
362 0.00029998219746697925
462 0.0005941814615164285
497 0.0008934484983843897
734 0.0005027842686225869
953 0.001371650606111588
1119 0.000629765283625402
1325 0.0027722976579278623
1642 0.0006146083728946911
2037 0.0019136828039765554
3237 0.0009060445366416521
3924 0.014781215879800086
3925 0.0011370166061384682
3926 0.0011370166061384682
3927 0.0011370166061384682