0 0.0003108154712704916
6 0.0000679868157762367
10 0.000010463329096806138
14 0.00026456709550368824
15 0.000055337193439289376
20 0.0002851269943544553
24 0.000509996983979533
25 0.00019657103084362587
26 0.00003213090009623701
27 0.000013301102101113839
28 0.000014329171044437778
29 0.000016009284857852372
30 0.00008005552081252168
31 0.000016570580131739694
33 0.002377608927433326
34 0.00005968492932446962
45 0.000014615386247008935
50 0.00009059173042602328
51 0.0010448164664875542
52 0.00023612160922741876
54 0.000160544392965215
59 0.000019386550334133513
60 0.00005169746755768937
80 0.0003393671988105698
81 0.00033390404938987825
90 0.0003600357507382571
97 0.0000602039675312256
100 0.00014427673725646523
124 0.0009123975706000563
132 0.0003870087270600267
133 0.0006495089459653231
139 0.000623981705226926
142 0.0004520992678889995
144 0.0006259011852042593
151 0.0010181015964317096
168 0.00004914275771090647
172 0.00023913727761189357
174 0.0004111404270832213
175 0.00028530254609905744
180 0.0007578003861922098
203 0.0003136839799123262
215 0.0010893120988182848
217 0.0004477623281243235
235 0.000244549715989849
255 0.0019130982208951485
265 0.0009688341498936509
276 0.0003697439993427182
300 0.00045393449222041863
301 0.0002517773560482004
311 0.00033798452589909114
362 0.00029998219746697925
434 0.00032731777168967243
475 0.0007578003861922098
480 0.0007709345372720537
481 0.000867999321848377
496 0.0003493811814946261
509 0.00047869542676802046
727 0.0005494856956725966
776 0.0016618729288615495
916 0.0019393209051366106
917 0.001907951143410522
918 0.0008128063180586093
919 0.0011370166061384682
920 0.0016256126361172186
921 0.0069118517295367115
922 0.0022740332122769364
923 0.002281357073229544
924 0.005741048411929666
925 0.004548066424553873
926 0.004086122285560241
927 0.00612918342834036
928 0.0011370166061384682
929 0.00616747629817643
930 0.0005648761188866944
931 0.0008128063180586093
932 0.0022740332122769364
933 0.0005224082332437771
934 0.0014193349925296732
935 0.0033539581478274115
936 0.0006554485025236457
937 0.0010215305713900601
938 0.001907951143410522
939 0.0022740332122769364