0 0.00010360515709016387
6 0.0001359736315524734
10 0.000010463329096806138
23 0.0001917778078759736
25 0.00004914275771090647
26 0.000009180257170353432
27 0.000013301102101113839
28 0.000014329171044437778
29 0.000021345713143803165
30 0.00008005552081252168
31 0.000016570580131739694
32 0.0001446627800658901
34 0.00005968492932446962
41 0.00018725926302105958
45 0.000005846154498803574
49 0.0002231883932943071
50 0.00004529586521301164
57 0.00018016835758640515
58 0.0005595864323964277
59 0.000006462183444711172
60 0.000012924366889422343
67 0.0003493811814946261
95 0.00047924075143787115
96 0.00042730158096661747
97 0.0001204079350624512
103 0.000256234019105384
119 0.0007724256934408075
125 0.000570206882391405
136 0.00029565439233481325
144 0.00020863372840141978
153 0.00022952953988283507
162 0.0003800531302520963
224 0.0005182941691667408
339 0.004593229255105916
428 0.0007375005660187797
434 0.00032731777168967243
667 0.0006750724671448359
680 0.0005309542669637955
713 0.0005544595315855724
744 0.0005544595315855724
892 0.0005595864323964277
897 0.0005494856956725966
920 0.0008128063180586093
1047 0.0012292167457893823
1525 0.0016769790739137058
1778 0.00306459171417018
1870 0.006342311756491564
1871 0.003815902286821044
2244 0.002312803611816161
3928 0.011236836285290661
3929 0.0011370166061384682