0 0.00010360515709016387
6 0.00009064908770164895
10 0.00003138998729041841
20 0.00014256349717722765
24 0.00012749924599488326
25 0.00004914275771090647
26 0.000009180257170353432
27 0.000013301102101113839
28 0.000009552780696291852
29 0.000010672856571901583
31 0.000016570580131739694
34 0.00011936985864893924
36 0.00017439542599474
45 0.00000876923174820536
50 0.00004529586521301164
59 0.000019386550334133513
60 0.000025848733778844687
74 0.0001314382268441069
103 0.00008541133970179466
109 0.004200185928988359
119 0.0001544851386881615
121 0.0002131283281512035
122 0.0006156747509571849
132 0.00019350436353001335
138 0.00029998219746697925
139 0.0002495926820907704
143 0.0002681502686494669
144 0.00020863372840141978
168 0.00004914275771090647
222 0.0014992753692367232
247 0.0012595133201682067
251 0.0006133845545933855
271 0.0004415172276153697
307 0.0003818350844534872
436 0.0012292167457893823
458 0.0007636701689069744
459 0.000570339268307386
469 0.0014457920879633922
488 0.0005648761188866944
493 0.0005759876441280593
512 0.00044672424919219483
555 0.00034358542739842214
624 0.0014457920879633922
795 0.0005353974937352319
816 0.0004852300340911263
1009 0.0009060445366416521
1491 0.0006649717304210047
2023 0.0006220145312703716
2189 0.0006146083728946911
2677 0.0010215305713900601
2740 0.0009060445366416521
3930 0.0011370166061384682
3931 0.0011370166061384682
3932 0.0011370166061384682