0 0.00010360515709016387
5 0.0004051941922693857
6 0.00009064908770164895
10 0.000020926658193612276
13 0.0003124981305672972
20 0.00014256349717722765
23 0.0003835556157519472
24 0.00012749924599488326
25 0.00019657103084362587
26 0.000009180257170353432
27 0.000026602204202227678
28 0.000028658342088875557
29 0.000016009284857852372
30 0.00016011104162504336
31 0.000011047053421159797
32 0.0002893255601317802
34 0.00005968492932446962
36 0.00017439542599474
41 0.00018725926302105958
45 0.000005846154498803574
48 0.00028258006022830796
50 0.00009059173042602328
52 0.0023612160922741876
53 0.0005828723274939218
54 0.00032108878593043
55 0.000904198535777999
59 0.000006462183444711172
60 0.000012924366889422343
74 0.0001314382268441069
95 0.0005477037159289957
96 0.0004985185111277203
97 0.0000602039675312256
98 0.0008966689846637708
101 0.0005353974937352319
130 0.00036808616347914477
133 0.00032475447298266157
139 0.0001247963410453852
161 0.00032348746208875627
168 0.00004914275771090647
170 0.00043897349683716435
297 0.0008987801682765725
299 0.0006419639687078222
311 0.00033798452589909114
327 0.00047869542676802046
416 0.0003493811814946261
515 0.00043897349683716435
519 0.0004221783120451008
573 0.002931576179872502
611 0.001061908533927591
840 0.0010055685372451738
860 0.0008384895369568529
916 0.0006464403017122036
959 0.0012150349349200735
1124 0.0007230035022084448
1314 0.0005446560494091424
1463 0.0028920140088337792
1483 0.0015418690745441074
2336 0.004213011694653036
3933 0.0011370166061384682
3934 0.0011370166061384682
3935 0.0011370166061384682