0 0.00010360515709016387
5 0.0001350647307564619
6 0.00009064908770164895
10 0.00004185331638722455
15 0.000055337193439289376
20 0.00014256349717722765
23 0.0001917778078759736
24 0.00012749924599488326
25 0.00004914275771090647
26 0.000009180257170353432
27 0.00001995165315167076
28 0.000014329171044437778
29 0.000016009284857852372
30 0.00024016656243756505
31 0.000027617633552899494
32 0.0001446627800658901
41 0.00018725926302105958
43 0.0001247963410453852
44 0.00015086301495667102
45 0.000005846154498803574
48 0.00014129003011415398
50 0.00009059173042602328
54 0.00032108878593043
55 0.0004520992678889995
57 0.0003603367151728103
59 0.000006462183444711172
60 0.000012924366889422343
72 0.0007394879986854364
74 0.0001314382268441069
75 0.0006179807965568429
77 0.0021948674841858217
95 0.0007530926094023691
96 0.0007121693016110291
97 0.0000602039675312256
103 0.000256234019105384
110 0.0003600357507382571
119 0.0001544851386881615
125 0.00019006896079713502
136 0.0005913087846696265
143 0.0002681502686494669
153 0.00022952953988283507
164 0.0006624764288875735
168 0.00004914275771090647
169 0.0005326980994101582
175 0.00028530254609905744
190 0.0005494856956725966
200 0.0002833071793801778
214 0.0017340635008984298
217 0.00022388116406216174
227 0.0005224082332437771
235 0.000244549715989849
247 0.0009446349901261551
266 0.0006021638897794608
300 0.00015131149740680623
415 0.0006649717304210047
444 0.0029394675141942326
469 0.00048193069598779744
496 0.0003493811814946261
509 0.00047869542676802046
515 0.0008779469936743287
585 0.0003987932141285859
716 0.0009097064671179559
799 0.0003782900330627366
806 0.0012207665954861067
818 0.000685825303055794
840 0.0005027842686225869
974 0.0041152545198719255
985 0.003908768239830003
986 0.0006649717304210047
1013 0.0005494856956725966
1145 0.000790558501893244
1253 0.002606599012467004
1340 0.0006750724671448359
2612 0.00953975571705261
3037 0.0008384895369568529
3370 0.0008128063180586093
3936 0.0011370166061384682
3937 0.0011370166061384682