0 0.00010360515709016387
6 0.00009064908770164895
10 0.000010463329096806138
17 0.00024376566216822076
25 0.00014742827313271942
26 0.000009180257170353432
27 0.00001995165315167076
28 0.000019105561392583703
29 0.000021345713143803165
30 0.00016011104162504336
31 0.00003314116026347939
32 0.0001446627800658901
34 0.00005968492932446962
41 0.00018725926302105958
45 0.000005846154498803574
46 0.00032731777168967243
48 0.00028258006022830796
49 0.0002231883932943071
50 0.0001358875956390349
57 0.0003603367151728103
59 0.000006462183444711172
60 0.000012924366889422343
76 0.0011881131027368654
93 0.0002302492435057135
95 0.0006161666804201201
96 0.0007121693016110291
97 0.0001204079350624512
100 0.0004328302117693956
103 0.00008541133970179466
121 0.0002131283281512035
122 0.00030783737547859243
125 0.00019006896079713502
132 0.0003870087270600267
139 0.0002495926820907704
144 0.0008345349136056791
151 0.0006787343976211396
153 0.00045905907976567014
171 0.0004176750344063272
195 0.00043018466555000526
197 0.000570339268307386
217 0.002462692804683779
223 0.0010104005149229464
241 0.000466348213813385
251 0.0003066922772966927
256 0.0005266264618316295
264 0.0028516963415369297
299 0.0003209819843539111
300 0.0012104919792544498
301 0.000755332068144601
307 0.0003818350844534872
328 0.0003260311928669616
331 0.0009410519397369785
362 0.0005999643949339585
390 0.001175787005677693
436 0.0006146083728946911
482 0.00040280813441833274
512 0.00044672424919219483
555 0.00034358542739842214
639 0.0009097064671179559
836 0.0010215305713900601
1036 0.0004339996609241885
1038 0.0010207176122457593
1248 0.0005353974937352319
2239 0.0007709345372720537
3199 0.0009060445366416521
3554 0.000953975571705261