0 0.00010360515709016387
6 0.00002266227192541224
8 0.0002302492435057135
10 0.00003138998729041841
13 0.0006249962611345944
25 0.00004914275771090647
26 0.000009180257170353432
27 0.000013301102101113839
28 0.000019105561392583703
29 0.000016009284857852372
30 0.00016011104162504336
31 0.000016570580131739694
32 0.0001446627800658901
34 0.00011936985864893924
36 0.00017439542599474
41 0.00018725926302105958
42 0.00029780424319051263
45 0.000005846154498803574
50 0.00004529586521301164
59 0.000006462183444711172
60 0.000012924366889422343
65 0.000466348213813385
69 0.0019272860409248883
77 0.00043897349683716435
78 0.0005309542669637955
91 0.00046926799994623984
95 0.0005477037159289957
96 0.0005697354412888233
97 0.0000602039675312256
100 0.00014427673725646523
108 0.0002542579645943101
134 0.0004048323475035409
140 0.0002005952689646678
159 0.0004226030848760234
168 0.00004914275771090647
175 0.00028530254609905744
185 0.00023389514674621796
201 0.0011348700991882098
247 0.0003148783300420517
255 0.00023913727761189357
311 0.00033798452589909114
312 0.0004885960299787504
331 0.0006273679598246524
372 0.0003553858360236491
392 0.00047869542676802046
430 0.00033256580019006747
437 0.00043897349683716435
517 0.0014172224042713155
618 0.0004885960299787504
670 0.0005941814615164285
701 0.000570339268307386
709 0.002057475909167382
782 0.0037320871876222296
1099 0.0024584334915787646
1283 0.0015798793854948881
2141 0.0013946405666204024
3205 0.0008688663374890013
3441 0.0008384895369568529
3940 0.0056850830306923415