0 0.00010360515709016387
10 0.000010463329096806138
20 0.0002851269943544553
23 0.0001917778078759736
24 0.00012749924599488326
25 0.00009828551542181294
26 0.000009180257170353432
27 0.000013301102101113839
28 0.000014329171044437778
29 0.000016009284857852372
30 0.00008005552081252168
31 0.00003314116026347939
32 0.0001446627800658901
34 0.00017905478797340885
36 0.00017439542599474
37 0.0007975864282571718
38 0.0009153069730547706
41 0.00018725926302105958
45 0.000005846154498803574
47 0.0002708891434150717
50 0.00004529586521301164
59 0.000006462183444711172
60 0.000012924366889422343
89 0.00033798452589909114
95 0.0006846296449112446
96 0.0005697354412888233
97 0.0000602039675312256
100 0.00014427673725646523
103 0.00008541133970179466
110 0.0003600357507382571
121 0.000426256656302407
139 0.0002495926820907704
146 0.00036481917391093806
168 0.00004914275771090647
175 0.00028530254609905744
233 0.0007783196602169099
247 0.0003148783300420517
252 0.000635495210823793
259 0.0003407614423411458
262 0.0010393743127356727
352 0.000514279248876994
370 0.0012665349361353025
437 0.00043897349683716435
454 0.0015345452135915002
529 0.00044939008413828627
530 0.0002736737953600468
775 0.0007296383478218761
779 0.001907951143410522
1360 0.0005941814615164285
1648 0.0006075174674600367
2002 0.0006554485025236457
2023 0.0006220145312703716
3205 0.0008688663374890013
3941 0.004548066424553873
3942 0.0011370166061384682