2 0.0003632093920196124
5 0.0001350647307564619
6 0.0001359736315524734
9 0.00035235645930202465
10 0.0000837066327744491
15 0.000055337193439289376
17 0.00024376566216822076
23 0.0003835556157519472
26 0.000018360514340706863
27 0.0000332527552527846
28 0.000028658342088875557
29 0.00002668214142975396
30 0.00016011104162504336
31 0.000027617633552899494
32 0.0002893255601317802
34 0.00023873971729787848
36 0.00052318627798422
37 0.0019939660706429297
45 0.000014615386247008935
48 0.00014129003011415398
50 0.00018118346085204656
57 0.00018016835758640515
59 0.000006462183444711172
60 0.000038773100668267026
71 0.0026605264015205398
74 0.0003943146805323207
76 0.0009504904821894923
93 0.0002302492435057135
96 0.00007121693016110292
100 0.00028855347451293045
110 0.0003600357507382571
119 0.00046345541606448445
124 0.003421490889750211
134 0.0008096646950070818
138 0.0029998219746697925
139 0.00037438902313615557
143 0.0002681502686494669
145 0.005490345719609113
146 0.00036481917391093806
147 0.0007709345372720537
159 0.0015495446445454191
165 0.00046935029736931276
168 0.00004914275771090647
174 0.0004111404270832213
175 0.00028530254609905744
177 0.00044410039764801966
180 0.0002526001287307366
200 0.003116378973181956
202 0.0006156747509571849
252 0.0010591586847063217
262 0.001385832416980897
300 0.00030262299481361246
301 0.0005035547120964008
302 0.0015345452135915002
304 0.0017769291801182456
306 0.0030123631837057647
314 0.008403723922258646
430 0.0006651316003801349
475 0.0005052002574614732
496 0.0003493811814946261
525 0.0006220145312703716
531 0.0012757885359843703
538 0.0007462199904606845
555 0.00034358542739842214
589 0.0003818350844534872
591 0.0005818342485617932
602 0.0009910783300010088
613 0.0033414002752506174
668 0.02020216969155857
669 0.005347633153647857
671 0.0003910424617735554
675 0.0006007160688395344
680 0.0005309542669637955
697 0.0005878935028388465
702 0.0005353974937352319
881 0.002519061134501608
913 0.0008222808541664426
929 0.0007709345372720537
1103 0.00046935029736931276
1142 0.0012084244032549982
1242 0.0005648761188866944
1349 0.0006649717304210047
1397 0.0006750724671448359
1400 0.001907951143410522
1403 0.0006649717304210047
1405 0.0008688663374890013
1412 0.006213637307753638
1497 0.0014460070044168896
1521 0.001175787005677693
1724 0.0005878935028388465
1782 0.000685825303055794
1785 0.001694628356660083
1791 0.02003348700581048
1824 0.0008384895369568529
1825 0.0015418690745441074
1863 0.003083738149088215
2002 0.0006554485025236457
2003 0.017032019910356078
2165 0.0036241781465666083
2193 0.0008688663374890013
2223 0.001907951143410522
2247 0.0008128063180586093
2291 0.00715071399973042
2551 0.0006554485025236457
2839 0.0009060445366416521
2867 0.0010215305713900601
2960 0.0016256126361172186
3894 0.011564018059080807
3943 0.0034110498184154047
3944 0.000953975571705261
3945 0.0011370166061384682
3946 0.017055249092077025
3947 0.01932928230435396
3948 0.0011370166061384682
3949 0.0011370166061384682
3950 0.004548066424553873
3951 0.0010215305713900601
3952 0.0022740332122769364