6 0.00015863590347788565
10 0.00004185331638722455
13 0.0012499925222691887
20 0.00014256349717722765
24 0.00012749924599488326
26 0.00003213090009623701
27 0.000026602204202227678
28 0.00002388195174072963
29 0.000021345713143803165
30 0.00016011104162504336
31 0.000027617633552899494
32 0.0001446627800658901
34 0.00005968492932446962
36 0.00017439542599474
42 0.00029780424319051263
45 0.000020461540745812507
47 0.0002708891434150717
49 0.0002231883932943071
50 0.00004529586521301164
53 0.0014571808187348043
56 0.0006871708547968443
59 0.000012924366889422343
60 0.00006462183444711171
89 0.010815504828770917
93 0.0002302492435057135
97 0.0001204079350624512
103 0.000256234019105384
108 0.0005085159291886202
109 0.0003818350844534872
115 0.0007096674962648366
122 0.00030783737547859243
134 0.00020241617375177045
143 0.0005363005372989338
146 0.00036481917391093806
147 0.0007709345372720537
148 0.0007897455427489431
159 0.00126780925462807
164 0.0006624764288875735
168 0.00009828551542181294
185 0.009589701016594936
195 0.00043018466555000526
202 0.00030783737547859243
213 0.0007296383478218761
215 0.0005446560494091424
224 0.0010365883383334816
251 0.0006133845545933855
276 0.0007394879986854364
293 0.001013056993043927
325 0.00043897349683716435
327 0.0019147817070720818
328 0.0013041247714678465
362 0.00029998219746697925
385 0.0005182941691667408
398 0.0003632093920196124
430 0.0006651316003801349
446 0.0008353500688126544
464 0.002824380594433472
470 0.00044672424919219483
475 0.0015156007723844196
483 0.0003800531302520963
509 0.00047869542676802046
512 0.00044672424919219483
519 0.0004221783120451008
529 0.00044939008413828627
549 0.0005759876441280593
550 0.00040280813441833274
619 0.0005446560494091424
671 0.0007820849235471108
672 0.0005182941691667408
678 0.001259530567250804
689 0.000953975571705261
700 0.0011731273853206662
727 0.0005494856956725966
739 0.0013501449342896718
790 0.0006649717304210047
832 0.0006146083728946911
854 0.0008384895369568529
881 0.008186948687130225
892 0.0011191728647928555
913 0.001233421281249664
930 0.0005648761188866944
960 0.0004724074680904385
1049 0.001259530567250804
1086 0.0005446560494091424
1143 0.0008384895369568529
1163 0.000953975571705261
1287 0.012310901512721411
1477 0.0005494856956725966
1520 0.0034220356098443156
1585 0.0014193349925296732
1724 0.0005878935028388465
1854 0.0005818342485617932
1976 0.0006649717304210047
1994 0.0006075174674600367
1997 0.0007096674962648366
2288 0.000953975571705261
2312 0.0006750724671448359
2346 0.0006464403017122036
2602 0.0007375005660187797
2680 0.006677829001936826
2767 0.006677829001936826
2769 0.004086122285560241
2842 0.000953975571705261
3894 0.0015418690745441074
3953 0.0011370166061384682
3954 0.0011370166061384682
3955 0.0011370166061384682
3956 0.0022740332122769364
3957 0.0020430611427801203
3958 0.017055249092077025
3959 0.0011370166061384682
3960 0.0033539581478274115
3961 0.0034110498184154047
3962 0.0011370166061384682
3963 0.0011370166061384682
3964 0.005107652856950301
3965 0.0011370166061384682
3966 0.0011370166061384682
3967 0.0011370166061384682
3968 0.0022740332122769364
3969 0.0011370166061384682
3970 0.0011370166061384682