10 0.00006277997458083683
20 0.0002851269943544553
24 0.0002549984919897665
25 0.0002457137885545324
26 0.000013770385755530148
27 0.00003990330630334152
28 0.000019105561392583703
29 0.00002668214142975396
30 0.00024016656243756505
31 0.000022094106842319594
32 0.0001446627800658901
33 0.003328652498406656
34 0.00011936985864893924
45 0.000005846154498803574
47 0.0002708891434150717
48 0.00028258006022830796
49 0.0002231883932943071
50 0.00009059173042602328
59 0.000006462183444711172
60 0.000012924366889422343
96 0.00014243386032220583
100 0.00014427673725646523
103 0.000256234019105384
107 0.0016787592971892833
132 0.00019350436353001335
134 0.00020241617375177045
139 0.0002495926820907704
140 0.0012035716137880068
162 0.0003800531302520963
163 0.00029998219746697925
168 0.00004914275771090647
169 0.0002663490497050791
172 0.00047827455522378713
180 0.0007578003861922098
202 0.0006156747509571849
212 0.000629765283625402
214 0.0002477233572712043
222 0.0007496376846183616
223 0.0002526001287307366
239 0.000685825303055794
262 0.0006929162084904484
267 0.0005494856956725966
276 0.0007394879986854364
294 0.0009060445366416521
300 0.0015131149740680624
301 0.0025177735604820038
302 0.0038363630339787506
304 0.0007107716720472983
342 0.0004885960299787504
347 0.0007709345372720537
360 0.0005309542669637955
391 0.0004605016093796513
430 0.00033256580019006747
434 0.00032731777168967243
439 0.0005266264618316295
446 0.0008353500688126544
481 0.0004339996609241885
508 0.0008688663374890013
573 0.0019543841199150015
672 0.0005182941691667408
680 0.0005309542669637955
940 0.0005544595315855724
941 0.000953975571705261
942 0.004525082111985424
943 0.0078063424589132025
944 0.01219209477087914
945 0.0027002898685793437
946 0.0011370166061384682
947 0.0010215305713900601
948 0.005213198024934008
949 0.0014193349925296732
950 0.0010707949874704638