4 0.000801577161694931
6 0.00009064908770164895
9 0.003875921052322271
10 0.00004185331638722455
13 0.0003124981305672972
14 0.00026456709550368824
15 0.000055337193439289376
20 0.00014256349717722765
25 0.00009828551542181294
26 0.000027540771511060296
27 0.00001995165315167076
28 0.000014329171044437778
29 0.000010672856571901583
31 0.000011047053421159797
34 0.00005968492932446962
45 0.00001753846349641072
47 0.0008126674302452151
48 0.00014129003011415398
50 0.0001358875956390349
54 0.0004816331788956449
59 0.000012924366889422343
60 0.00005169746755768937
71 0.00033256580019006747
81 0.00033390404938987825
84 0.0005494856956725966
89 0.00033798452589909114
91 0.0007039019999193597
92 0.00036481917391093806
93 0.0002302492435057135
95 0.00013692592898224894
96 0.00014243386032220583
97 0.0000602039675312256
102 0.0003910424617735554
134 0.0004048323475035409
136 0.00029565439233481325
144 0.0006259011852042593
155 0.000629765283625402
159 0.0002817353899173489
168 0.00004914275771090647
189 0.0014265653564599955
195 0.00043018466555000526
200 0.0005666143587603556
214 0.0002477233572712043
217 0.00022388116406216174
240 0.0005065284965219635
251 0.0006133845545933855
252 0.0004236634738825287
259 0.0006815228846822916
265 0.00048441707494682545
277 0.0021979427826903865
300 0.00045393449222041863
301 0.000755332068144601
302 0.001150908910193625
307 0.0011455052533604615
344 0.0008688663374890013
367 0.0005759876441280593
380 0.0004755217854866652
389 0.00045485323355897795
391 0.0009210032187593025
416 0.0013975247259785043
430 0.00033256580019006747
437 0.00043897349683716435
446 0.0004176750344063272
475 0.0005052002574614732
512 0.00044672424919219483
517 0.005196482148994824
527 0.0012014321376790688
529 0.00044939008413828627
530 0.0002736737953600468
589 0.002291010506720923
668 0.001188362923032857
670 0.0005941814615164285
680 0.0005309542669637955
702 0.0037477824561466225
742 0.00040692219849536895
743 0.0003800531302520963
776 0.0008309364644307748
799 0.0003782900330627366
816 0.0009704600681822526
878 0.0006378942679921852
881 0.000629765283625402
1099 0.0006146083728946911
1255 0.0007709345372720537
1333 0.0007096674962648366
1438 0.0006750724671448359
1482 0.0007709345372720537
1521 0.0005878935028388465
1648 0.0006075174674600367
1677 0.0008688663374890013
1754 0.0010215305713900601
1781 0.000790558501893244
1808 0.0006007160688395344
2247 0.0008128063180586093
2454 0.0008384895369568529
2543 0.000629765283625402
2762 0.0007533803027405932
3971 0.0010215305713900601
3972 0.0034110498184154047
3973 0.0034110498184154047
3974 0.0011370166061384682
3975 0.0022740332122769364
3976 0.0009060445366416521