0 0.0004144206283606555
1 0.0016484570870177898
2 0.0007264187840392248
3 0.0008987801682765725
4 0.003206308646779724
5 0.0001350647307564619
6 0.00009064908770164895
8 0.0006907477305171405
9 0.004228277511624296
10 0.00005231664548403069
13 0.0003124981305672972
14 0.00026456709550368824
15 0.000055337193439289376
25 0.00009828551542181294
26 0.000018360514340706863
27 0.0000332527552527846
28 0.00004776390348145926
29 0.00004269142628760633
30 0.00016011104162504336
31 0.00003314116026347939
34 0.00023873971729787848
35 0.0008384895369568529
36 0.00069758170397896
41 0.00018725926302105958
44 0.00015086301495667102
45 0.000011692308997607148
46 0.0006546355433793449
47 0.0002708891434150717
48 0.00014129003011415398
50 0.00009059173042602328
59 0.000006462183444711172
60 0.000025848733778844687
65 0.000466348213813385
73 0.0004885960299787504
74 0.0001314382268441069
76 0.00023762262054737309
91 0.00023463399997311992
95 0.00013692592898224894
96 0.00014243386032220583
97 0.0000602039675312256
102 0.0003910424617735554
103 0.0004270566985089733
108 0.0002542579645943101
117 0.0007709144163699553
124 0.00022809939265001406
136 0.00029565439233481325
139 0.0004991853641815408
141 0.0005103588061228796
143 0.0005363005372989338
159 0.0005634707798346978
191 0.0006973202833102012
194 0.0004339996609241885
195 0.00021509233277500263
199 0.002212501698056339
200 0.0002833071793801778
203 0.0003136839799123262
219 0.0003616150149759352
224 0.0005182941691667408
225 0.0005353974937352319
231 0.000685825303055794
235 0.000244549715989849
252 0.0008473269477650574
259 0.0003407614423411458
262 0.0006929162084904484
273 0.0003697439993427182
300 0.00045393449222041863
301 0.000755332068144601
304 0.0021323150161418948
306 0.0071543625613011905
307 0.0003818350844534872
311 0.00033798452589909114
328 0.0003260311928669616
370 0.0004221783120451008
371 0.000790558501893244
372 0.0003553858360236491
391 0.0009210032187593025
395 0.0006378942679921852
398 0.0003632093920196124
414 0.0006075174674600367
416 0.0003493811814946261
434 0.0006546355433793449
446 0.0020883751720316363
464 0.0005648761188866944
493 0.0005759876441280593
517 0.0004724074680904385
538 0.00037310999523034225
555 0.0010307562821952664
584 0.0006973202833102012
589 0.004200185928988359
639 0.0013645597006769338
670 0.0005941814615164285
702 0.003212384962411391
713 0.0005544595315855724
743 0.0003800531302520963
759 0.0008384895369568529
776 0.0004154682322153874
865 0.0004520992678889995
870 0.0012150349349200735
1056 0.0006464403017122036
1130 0.0008128063180586093
1132 0.00044410039764801966
1180 0.003267936296454854
1181 0.0005266264618316295
1193 0.0005309542669637955
1255 0.0007709345372720537
1283 0.0005266264618316295
1304 0.0005595864323964277
1325 0.0005544595315855724
1330 0.0008128063180586093
1438 0.0006750724671448359
1447 0.000953975571705261
1648 0.0006075174674600367
1921 0.0014460070044168896
3046 0.0007709345372720537
3977 0.0011370166061384682
3978 0.0011370166061384682
3979 0.0011370166061384682
3980 0.0010215305713900601
3981 0.0011370166061384682
3982 0.0011370166061384682
3983 0.0011370166061384682
3984 0.0011370166061384682
3985 0.0011370166061384682
3986 0.0010215305713900601
3987 0.0011370166061384682