0 0.00020721031418032774
5 0.0001350647307564619
6 0.00002266227192541224
8 0.000460498487011427
10 0.000010463329096806138
15 0.000055337193439289376
17 0.00024376566216822076
18 0.0006345860527207468
24 0.00012749924599488326
26 0.000013770385755530148
27 0.0000332527552527846
28 0.00003343473243702148
29 0.000032018569715704745
30 0.00008005552081252168
31 0.000022094106842319594
34 0.00017905478797340885
36 0.00017439542599474
45 0.000011692308997607148
46 0.00032731777168967243
48 0.00028258006022830796
49 0.0004463767865886142
50 0.00004529586521301164
59 0.000012924366889422343
60 0.000012924366889422343
64 0.0005941814615164285
67 0.0010481435444838782
68 0.002014040672091664
69 0.007709144163699553
71 0.00033256580019006747
72 0.001848719996713591
75 0.00030899039827842145
80 0.0013574687952422793
93 0.0002302492435057135
96 0.00007121693016110292
97 0.0001204079350624512
98 0.00029888966155459023
100 0.00014427673725646523
103 0.00017082267940358932
111 0.0004724074680904385
145 0.0004991223381462831
157 0.0034291265152789703
159 0.00014086769495867446
168 0.00004914275771090647
169 0.0002663490497050791
175 0.00028530254609905744
177 0.00044410039764801966
198 0.0006464403017122036
200 0.0002833071793801778
201 0.0015131601322509465
235 0.000244549715989849
252 0.000635495210823793
300 0.00045393449222041863
304 0.0014215433440945965
306 0.004518544775558647
368 0.0005494856956725966
378 0.0009060445366416521
416 0.0003493811814946261
434 0.0026185421735173795
435 0.00044410039764801966
442 0.0007296383478218761
475 0.0005052002574614732
544 0.0005353974937352319
554 0.0003600357507382571
587 0.0007096674962648366
591 0.0005818342485617932
611 0.0005309542669637955
618 0.007328940449681256
644 0.0005399624677752377
712 0.007757283620546443
875 0.001907951143410522
876 0.0014750011320375594
960 0.001889629872361754
1031 0.0013108970050472915
1046 0.0007709345372720537
1085 0.000953975571705261
1142 0.0012084244032549982
1314 0.0005446560494091424
1597 0.0006554485025236457
1634 0.0014460070044168896
1750 0.0008384895369568529
1779 0.0007533803027405932
2065 0.000953975571705261
2389 0.0008128063180586093
2763 0.001581117003786488
2826 0.0009060445366416521
3993 0.0011370166061384682
3994 0.0022740332122769364
3995 0.0056850830306923415
3996 0.0020430611427801203
3997 0.0010215305713900601
3998 0.001907951143410522
3999 0.0011370166061384682
4000 0.0011370166061384682
4001 0.0022740332122769364
4002 0.0011370166061384682
4003 0.0011370166061384682
4004 0.0034110498184154047
4005 0.0011370166061384682
4006 0.0011370166061384682
4007 0.0011370166061384682
4008 0.0011370166061384682
4009 0.0022740332122769364
4010 0.0011370166061384682
4011 0.0011370166061384682