0 0.00020721031418032774
1 0.004395885565380773
2 0.0003632093920196124
3 0.00044939008413828627
4 0.0004007885808474655
5 0.0001350647307564619
6 0.00022662271925412238
8 0.0006907477305171405
9 0.0014094258372080986
10 0.000020926658193612276
13 0.0006249962611345944
15 0.000055337193439289376
20 0.00014256349717722765
23 0.0003835556157519472
26 0.000009180257170353432
27 0.000026602204202227678
28 0.00002388195174072963
29 0.00004802785457355712
31 0.000022094106842319594
32 0.0001446627800658901
34 0.00023873971729787848
36 0.00017439542599474
37 0.0007975864282571718
38 0.0009153069730547706
41 0.00018725926302105958
42 0.0011912169727620505
43 0.0001247963410453852
44 0.00015086301495667102
45 0.00001753846349641072
47 0.0002708891434150717
50 0.00004529586521301164
59 0.000012924366889422343
60 0.000012924366889422343
71 0.0006651316003801349
74 0.0001314382268441069
93 0.0002302492435057135
95 0.00047924075143787115
96 0.0005697354412888233
97 0.00018061190259367678
102 0.0003910424617735554
103 0.00017082267940358932
119 0.0001544851386881615
125 0.00038013792159427004
139 0.0001247963410453852
146 0.00036481917391093806
159 0.0005634707798346978
164 0.00033123821444378676
168 0.00009828551542181294
172 0.00023913727761189357
220 0.0005399624677752377
251 0.0006133845545933855
259 0.0003407614423411458
274 0.000629765283625402
277 0.0005494856956725966
300 0.00045393449222041863
301 0.000755332068144601
302 0.001150908910193625
328 0.0003260311928669616
343 0.00564199559201445
352 0.000514279248876994
356 0.0005266264618316295
416 0.0006987623629892522
442 0.00036481917391093806
475 0.0002526001287307366
530 0.0002736737953600468
538 0.00037310999523034225
576 0.0005759876441280593
589 0.0034365157600813848
613 0.0004176750344063272
671 0.0003910424617735554
702 0.006424769924822782
775 0.00036481917391093806
874 0.006502450544468874
913 0.0008222808541664426
1036 0.000867999321848377
1192 0.0005648761188866944
1200 0.0011297522377733888
1333 0.0007096674962648366
1494 0.001581117003786488
1963 0.0013946405666204024
2341 0.0010215305713900601
3894 0.003083738149088215
4012 0.00306459171417018
4013 0.0022740332122769364
4014 0.0034110498184154047
4015 0.0010215305713900601
4016 0.002861926715115783
4017 0.0010215305713900601