0 0.00020721031418032774
1 0.0016484570870177898
5 0.0001350647307564619
6 0.0001359736315524734
10 0.00005231664548403069
17 0.0012188283108411039
18 0.0006345860527207468
20 0.0002851269943544553
25 0.00004914275771090647
26 0.000013770385755530148
27 0.0000066505510505569195
28 0.000014329171044437778
29 0.000021345713143803165
30 0.00016011104162504336
31 0.000022094106842319594
45 0.00000876923174820536
48 0.00028258006022830796
50 0.00004529586521301164
54 0.00032108878593043
57 0.00018016835758640515
59 0.000012924366889422343
60 0.000025848733778844687
73 0.0004885960299787504
90 0.0021602145044295426
93 0.0002302492435057135
97 0.0001204079350624512
100 0.00014427673725646523
108 0.0002542579645943101
116 0.0005353974937352319
125 0.00019006896079713502
143 0.0005363005372989338
151 0.0003393671988105698
153 0.00022952953988283507
159 0.00014086769495867446
180 0.0002526001287307366
185 0.00023389514674621796
200 0.0002833071793801778
217 0.0006716434921864852
221 0.0008180359272162828
222 0.0007496376846183616
227 0.0026120411662188853
252 0.0004236634738825287
300 0.00030262299481361246
301 0.0005035547120964008
417 0.0003600357507382571
438 0.0007096674962648366
442 0.00036481917391093806
450 0.000685825303055794
469 0.0028915841759267844
475 0.0002526001287307366
589 0.0015273403378139488
598 0.000790558501893244
680 0.0005309542669637955
853 0.0005494856956725966
916 0.0019393209051366106
1013 0.0010989713913451932
1036 0.001735998643696754
1038 0.0005103588061228796
1065 0.0004415172276153697
1142 0.00040280813441833274
2303 0.000685825303055794
2356 0.0007375005660187797
2388 0.0008688663374890013
3370 0.0008128063180586093
4026 0.0022740332122769364
4027 0.0022740332122769364