6 0.00009064908770164895
10 0.000020926658193612276
18 0.0003172930263603734
20 0.0002851269943544553
25 0.00009828551542181294
26 0.000013770385755530148
27 0.00001995165315167076
28 0.000019105561392583703
29 0.000010672856571901583
30 0.00016011104162504336
31 0.000027617633552899494
45 0.00000876923174820536
47 0.0002708891434150717
50 0.00009059173042602328
53 0.0005828723274939218
54 0.000160544392965215
59 0.000006462183444711172
60 0.000025848733778844687
72 0.0003697439993427182
76 0.0009504904821894923
95 0.00006846296449112447
96 0.00007121693016110292
102 0.0003910424617735554
110 0.0003600357507382571
124 0.0013685963559000845
125 0.00019006896079713502
132 0.00019350436353001335
133 0.00032475447298266157
134 0.00020241617375177045
139 0.000623981705226926
144 0.00041726745680283956
153 0.00022952953988283507
161 0.00032348746208875627
168 0.00004914275771090647
170 0.00043897349683716435
185 0.00023389514674621796
195 0.00021509233277500263
214 0.0007431700718136128
217 0.0006716434921864852
223 0.0005052002574614732
233 0.00038915983010845493
235 0.000489099431979698
252 0.001906485632471379
255 0.00023913727761189357
268 0.0007709345372720537
300 0.00045393449222041863
301 0.0005035547120964008
311 0.00033798452589909114
325 0.00043897349683716435
331 0.0003136839799123262
342 0.0009771920599575008
374 0.0006220145312703716
440 0.00046339926727899627
442 0.00036481917391093806
687 0.0005065284965219635
742 0.0012207665954861067
923 0.001140678536614772
940 0.0005544595315855724
1108 0.0006554485025236457
1171 0.0010365883383334816
1451 0.0006146083728946911
1817 0.0007533803027405932
2336 0.0031597587709897763
2410 0.0018120890732833041
2870 0.0007230035022084448
3054 0.000953975571705261
3137 0.0008384895369568529
3804 0.0009060445366416521
4028 0.00306459171417018
4029 0.00306459171417018
4030 0.000953975571705261
4031 0.0010215305713900601