5 0.0001350647307564619
6 0.00011331135962706119
10 0.000020926658193612276
17 0.00024376566216822076
20 0.00014256349717722765
25 0.00004914275771090647
26 0.000009180257170353432
27 0.00001995165315167076
28 0.00002388195174072963
29 0.000021345713143803165
30 0.00016011104162504336
31 0.000016570580131739694
32 0.00021699417009883517
34 0.00005968492932446962
36 0.00017439542599474
41 0.00037451852604211916
43 0.00037438902313615557
44 0.00015086301495667102
45 0.000005846154498803574
50 0.00009059173042602328
54 0.0008027219648260749
59 0.000006462183444711172
60 0.000012924366889422343
74 0.0001314382268441069
76 0.00023762262054737309
87 0.0007361723269582895
95 0.00041077778694674673
96 0.00042730158096661747
103 0.00008541133970179466
110 0.0010801072522147713
111 0.000944814936180877
119 0.0001544851386881615
124 0.00045619878530002813
125 0.00019006896079713502
134 0.0004048323475035409
138 0.00029998219746697925
139 0.0002495926820907704
144 0.0010431686420070989
153 0.00022952953988283507
213 0.00036481917391093806
217 0.001791049312497294
218 0.0012440290625407432
223 0.0002526001287307366
227 0.0026120411662188853
291 0.004114951818334764
300 0.00030262299481361246
327 0.00047869542676802046
442 0.00036481917391093806
458 0.0003818350844534872
469 0.0038554455679023795
550 0.00040280813441833274
573 0.0004885960299787504
599 0.0004991223381462831
707 0.0007375005660187797
734 0.0005027842686225869
742 0.00040692219849536895
744 0.0005544595315855724
855 0.0006649717304210047
1520 0.000570339268307386
4032 0.0022740332122769364
4033 0.0034110498184154047
4034 0.0022740332122769364
4035 0.0011370166061384682
4036 0.0022740332122769364
4037 0.0011370166061384682
4038 0.0011370166061384682
4039 0.0011370166061384682