0 0.00010360515709016387
6 0.00011331135962706119
10 0.00003138998729041841
14 0.00026456709550368824
15 0.000055337193439289376
17 0.00024376566216822076
18 0.0003172930263603734
20 0.0002851269943544553
24 0.0002549984919897665
25 0.00009828551542181294
26 0.000018360514340706863
27 0.000013301102101113839
28 0.000009552780696291852
29 0.000016009284857852372
30 0.0003202220832500867
31 0.00007180584723753868
32 0.0001446627800658901
33 0.002377608927433326
34 0.00005968492932446962
43 0.0008735743873176963
45 0.000005846154498803574
50 0.00004529586521301164
59 0.000012924366889422343
60 0.000012924366889422343
92 0.0007296383478218761
103 0.00017082267940358932
121 0.001705026625209628
132 0.00019350436353001335
133 0.00032475447298266157
140 0.0006017858068940034
151 0.0003393671988105698
167 0.0003185136261757804
168 0.00004914275771090647
169 0.0007990471491152373
171 0.0004176750344063272
180 0.0005052002574614732
195 0.00021509233277500263
215 0.0005446560494091424
234 0.00038363630339787504
246 0.0005399624677752377
251 0.0006133845545933855
276 0.0007394879986854364
300 0.00015131149740680623
310 0.0061724277275021465
389 0.00045485323355897795
455 0.002331741069066925
468 0.0008128063180586093
475 0.0002526001287307366
480 0.0007709345372720537
481 0.0004339996609241885
776 0.0004154682322153874
924 0.0006378942679921852
951 0.0006973202833102012
952 0.000953975571705261
953 0.0034291265152789703