5 0.0001350647307564619
6 0.00015863590347788565
10 0.00007324330367764296
20 0.00014256349717722765
24 0.00012749924599488326
25 0.00009828551542181294
26 0.000009180257170353432
27 0.00001995165315167076
28 0.00002388195174072963
29 0.00002668214142975396
30 0.00016011104162504336
31 0.000027617633552899494
32 0.00021699417009883517
34 0.00005968492932446962
36 0.00017439542599474
41 0.00037451852604211916
42 0.0005956084863810253
43 0.0002495926820907704
44 0.00030172602991334203
45 0.000005846154498803574
47 0.0002708891434150717
50 0.00009059173042602328
54 0.0004816331788956449
59 0.000012924366889422343
60 0.000012924366889422343
74 0.0001314382268441069
95 0.0005477037159289957
96 0.0005697354412888233
103 0.000256234019105384
110 0.0003600357507382571
124 0.00022809939265001406
125 0.00038013792159427004
132 0.0003870087270600267
133 0.00032475447298266157
146 0.00036481917391093806
151 0.0003393671988105698
153 0.00022952953988283507
168 0.00004914275771090647
217 0.002462692804683779
223 0.0005052002574614732
232 0.0005182941691667408
290 0.0005648761188866944
291 0.000685825303055794
300 0.00030262299481361246
301 0.0010071094241928015
331 0.0003136839799123262
529 0.00044939008413828627
530 0.0002736737953600468
538 0.00037310999523034225
638 0.0010215305713900601
1036 0.0004339996609241885
1038 0.0010207176122457593
1140 0.0010215305713900601
1246 0.0009060445366416521
1327 0.0008128063180586093
1350 0.000685825303055794
4040 0.0056850830306923415
4041 0.0034110498184154047
4042 0.0011370166061384682
4043 0.0011370166061384682
4044 0.0022740332122769364