5 0.0001350647307564619
6 0.00009064908770164895
10 0.00004185331638722455
18 0.0003172930263603734
25 0.00004914275771090647
26 0.000009180257170353432
27 0.00001995165315167076
28 0.00002388195174072963
29 0.000021345713143803165
30 0.00016011104162504336
31 0.000016570580131739694
32 0.00021699417009883517
34 0.00005968492932446962
36 0.00017439542599474
41 0.00037451852604211916
43 0.0004991853641815408
45 0.000005846154498803574
48 0.00014129003011415398
50 0.00009059173042602328
53 0.0011657446549878435
54 0.00032108878593043
59 0.000006462183444711172
60 0.000012924366889422343
72 0.0003697439993427182
90 0.0003600357507382571
95 0.0005477037159289957
96 0.0005697354412888233
100 0.00014427673725646523
125 0.00019006896079713502
132 0.0003870087270600267
133 0.00032475447298266157
134 0.00020241617375177045
139 0.0001247963410453852
153 0.00022952953988283507
161 0.00032348746208875627
168 0.00004914275771090647
170 0.00043897349683716435
214 0.0004954467145424086
217 0.001567168148435132
223 0.0007578003861922098
233 0.00038915983010845493
235 0.000244549715989849
252 0.0004236634738825287
262 0.0006929162084904484
300 0.0006052459896272249
311 0.00033798452589909114
342 0.0004885960299787504
389 0.00045485323355897795
430 0.00033256580019006747
442 0.00036481917391093806
475 0.0002526001287307366
503 0.000790558501893244
679 0.000685825303055794
787 0.004338021013250669
2336 0.0052662646183162945
3253 0.0008384895369568529
4060 0.00306459171417018
4061 0.0011370166061384682
4062 0.0011370166061384682
4063 0.00612918342834036