5 0.0001350647307564619
10 0.000020926658193612276
15 0.00011067438687857875
20 0.00014256349717722765
25 0.00004914275771090647
26 0.000009180257170353432
27 0.0000332527552527846
28 0.000009552780696291852
29 0.000010672856571901583
30 0.00008005552081252168
31 0.000011047053421159797
32 0.0001446627800658901
34 0.00017905478797340885
43 0.0001247963410453852
45 0.000005846154498803574
50 0.00018118346085204656
59 0.000006462183444711172
60 0.000012924366889422343
93 0.0002302492435057135
95 0.0003423148224556223
96 0.00035608465080551457
110 0.0003600357507382571
120 0.0013946405666204024
132 0.00019350436353001335
134 0.0004048323475035409
139 0.00037438902313615557
140 0.001002976344823339
143 0.0002681502686494669
159 0.0004226030848760234
168 0.00004914275771090647
172 0.00023913727761189357
212 0.000629765283625402
232 0.0005182941691667408
300 0.00015131149740680623
301 0.0002517773560482004
302 0.00038363630339787504
355 0.000685825303055794
529 0.00044939008413828627
530 0.0002736737953600468
544 0.0016061924812056955
691 0.0007672726067957501
1496 0.0006973202833102012
2765 0.01327989742807078
3079 0.0016256126361172186
3141 0.013355658003873653
4060 0.004086122285560241
4064 0.0011370166061384682
4065 0.004548066424553873
4066 0.004548066424553873
4067 0.0056850830306923415
4068 0.00715071399973042