2 0.0007264187840392248
3 0.00044939008413828627
4 0.0036070972276271897
5 0.0001350647307564619
6 0.00002266227192541224
7 0.0007077285252418094
8 0.000460498487011427
9 0.0017617822965101235
10 0.000020926658193612276
15 0.00011067438687857875
16 0.0006220145312703716
23 0.0003835556157519472
25 0.00014742827313271942
26 0.000013770385755530148
27 0.000013301102101113839
28 0.000009552780696291852
29 0.000016009284857852372
31 0.000011047053421159797
34 0.00023873971729787848
41 0.00018725926302105958
42 0.00029780424319051263
45 0.000005846154498803574
46 0.00032731777168967243
48 0.00014129003011415398
50 0.00004529586521301164
59 0.000006462183444711172
60 0.000012924366889422343
87 0.00036808616347914477
91 0.00023463399997311992
95 0.0005477037159289957
96 0.0006409523714499261
97 0.0000602039675312256
100 0.00014427673725646523
132 0.00019350436353001335
134 0.0004048323475035409
137 0.000570339268307386
138 0.00029998219746697925
139 0.0002495926820907704
140 0.0002005952689646678
144 0.00041726745680283956
172 0.00023913727761189357
197 0.000570339268307386
247 0.0003148783300420517
299 0.0003209819843539111
367 0.0005759876441280593
589 0.0003818350844534872
624 0.0009638613919755949
702 0.0021415899749409276
734 0.0005027842686225869
743 0.0003800531302520963
759 0.0008384895369568529
816 0.0004852300340911263
960 0.0004724074680904385
1192 0.001694628356660083
1248 0.0005353974937352319
2528 0.0008384895369568529
3508 0.0008688663374890013
4069 0.002718133609924956
4070 0.005107652856950301
4071 0.0011370166061384682