5 0.0002701294615129238
6 0.00020396044732871014
10 0.00005231664548403069
15 0.00016601158031786812
23 0.0001917778078759736
24 0.00012749924599488326
25 0.00004914275771090647
26 0.000013770385755530148
27 0.0000066505510505569195
28 0.000014329171044437778
29 0.000010672856571901583
30 0.00008005552081252168
31 0.000016570580131739694
41 0.00018725926302105958
43 0.0001247963410453852
44 0.00015086301495667102
45 0.000005846154498803574
48 0.00014129003011415398
54 0.000160544392965215
57 0.0014413468606912412
59 0.000025848733778844687
60 0.000012924366889422343
74 0.0001314382268441069
95 0.00041077778694674673
96 0.00042730158096661747
97 0.0000602039675312256
101 0.0005353974937352319
103 0.00034164535880717864
132 0.0003870087270600267
134 0.00020241617375177045
159 0.0002817353899173489
195 0.00021509233277500263
217 0.0006716434921864852
219 0.0007232300299518704
251 0.0003066922772966927
255 0.00023913727761189357
259 0.0010222843270234372
276 0.0007394879986854364
360 0.0005309542669637955
367 0.0005759876441280593
482 0.006042122016274991
519 0.0004221783120451008
530 0.0002736737953600468
566 0.0016256126361172186
585 0.0023927592847715153
611 0.0005309542669637955
816 0.0004852300340911263
839 0.0004755217854866652
1106 0.002718133609924956
2084 0.0006554485025236457
2528 0.0008384895369568529
2665 0.0014460070044168896
4069 0.0018120890732833041
4072 0.0011370166061384682
4073 0.0011370166061384682
4074 0.0011370166061384682