6 0.0000679868157762367
8 0.0006907477305171405
10 0.000010463329096806138
25 0.00004914275771090647
26 0.000018360514340706863
27 0.0000066505510505569195
28 0.000004776390348145926
29 0.000005336428285950791
30 0.00016011104162504336
31 0.000027617633552899494
34 0.00011936985864893924
45 0.000011692308997607148
57 0.0003603367151728103
59 0.000006462183444711172
60 0.000038773100668267026
95 0.00006846296449112447
96 0.00007121693016110292
125 0.00038013792159427004
134 0.00020241617375177045
140 0.0004011905379293356
159 0.0002817353899173489
168 0.00004914275771090647
235 0.000978198863959396
259 0.0006815228846822916
276 0.0003697439993427182
300 0.00030262299481361246
301 0.0002517773560482004
417 0.0007200715014765141
430 0.00033256580019006747
776 0.0004154682322153874
808 0.0017110178049221578
1000 0.0007533803027405932
1060 0.0005544595315855724
1067 0.0005544595315855724
1853 0.0033539581478274115
1868 0.0006075174674600367
2002 0.0006554485025236457
4069 0.0009060445366416521
4075 0.0022740332122769364
4076 0.0011370166061384682
4077 0.0022740332122769364