2 0.001089628176058837
6 0.0001359736315524734
8 0.000920996974022854
10 0.000010463329096806138
14 0.00026456709550368824
15 0.000055337193439289376
25 0.00004914275771090647
26 0.000018360514340706863
27 0.0000066505510505569195
28 0.000028658342088875557
29 0.00002668214142975396
31 0.000038664686974059284
34 0.0003581095759468177
36 0.00034879085198948
37 0.0007975864282571718
38 0.0013729604595821559
45 0.000011692308997607148
48 0.0004238700903424619
50 0.00009059173042602328
54 0.0004816331788956449
56 0.00034358542739842214
59 0.000012924366889422343
60 0.000038773100668267026
90 0.0003600357507382571
97 0.0000602039675312256
101 0.0005353974937352319
103 0.00017082267940358932
119 0.000617940554752646
121 0.000426256656302407
122 0.00030783737547859243
134 0.0004048323475035409
136 0.00029565439233481325
139 0.0001247963410453852
140 0.0002005952689646678
143 0.0002681502686494669
159 0.0005634707798346978
165 0.0028161017842158764
167 0.0003185136261757804
168 0.00004914275771090647
172 0.00047827455522378713
180 0.0005052002574614732
226 0.0005182941691667408
265 0.00048441707494682545
271 0.0004415172276153697
277 0.0032969141740355795
304 0.0017769291801182456
327 0.00047869542676802046
347 0.0007709345372720537
352 0.000514279248876994
356 0.0005266264618316295
372 0.0007107716720472983
389 0.00045485323355897795
466 0.0006973202833102012
516 0.0006378942679921852
530 0.0002736737953600468
568 0.0005595864323964277
589 0.0011455052533604615
590 0.0005103588061228796
602 0.0004955391650005044
623 0.0004605016093796513
624 0.00048193069598779744
639 0.00045485323355897795
691 0.0007672726067957501
697 0.0017636805085165395
721 0.0006146083728946911
742 0.00040692219849536895
808 0.001140678536614772
839 0.0004755217854866652
842 0.000570339268307386
868 0.0018660435938111148
871 0.0007375005660187797
881 0.000629765283625402
918 0.0008128063180586093
920 0.0008128063180586093
1242 0.0005648761188866944
1264 0.0006075174674600367
1268 0.0008128063180586093
1346 0.001907951143410522
1378 0.0018120890732833041
1442 0.0007533803027405932
1462 0.0014193349925296732
1476 0.0006146083728946911
1582 0.0017868969967687793
1665 0.0007533803027405932
1734 0.0006378942679921852
1890 0.0007230035022084448
2015 0.004876837908351655
2313 0.0006973202833102012
2690 0.0009060445366416521
3031 0.000953975571705261
3168 0.016344489142240962
3169 0.01721484619619139
3220 0.0008384895369568529
3751 0.0010215305713900601
4078 0.0022740332122769364
4079 0.000953975571705261
4080 0.0034110498184154047
4081 0.0010215305713900601
4082 0.00612918342834036
4083 0.0022740332122769364
4084 0.0056850830306923415
4085 0.0011370166061384682
4086 0.0011370166061384682
4087 0.0011370166061384682
4088 0.0011370166061384682