6 0.0000679868157762367
8 0.000460498487011427
15 0.000055337193439289376
25 0.00004914275771090647
26 0.00002295064292588358
27 0.000013301102101113839
28 0.000009552780696291852
29 0.000010672856571901583
31 0.000016570580131739694
32 0.0001446627800658901
34 0.00005968492932446962
45 0.000014615386247008935
50 0.00009059173042602328
53 0.0005828723274939218
54 0.00032108878593043
59 0.000019386550334133513
60 0.00005169746755768937
76 0.0007128678616421193
117 0.0007709144163699553
124 0.0011404969632500704
125 0.00019006896079713502
133 0.00032475447298266157
134 0.00020241617375177045
139 0.0001247963410453852
140 0.0002005952689646678
153 0.00022952953988283507
159 0.00014086769495867446
161 0.00032348746208875627
168 0.00004914275771090647
170 0.00043897349683716435
180 0.0002526001287307366
214 0.0007431700718136128
223 0.0005052002574614732
251 0.0003066922772966927
300 0.00030262299481361246
307 0.0003818350844534872
311 0.00033798452589909114
530 0.0002736737953600468
599 0.0009982446762925661
973 0.0022595044755467776
1694 0.000953975571705261
1963 0.0006973202833102012
2336 0.0031597587709897763
3354 0.0010215305713900601
4089 0.0011370166061384682
4090 0.0011370166061384682
4091 0.0011370166061384682