6 0.0000679868157762367
8 0.000920996974022854
10 0.000010463329096806138
15 0.0002213487737571575
25 0.00004914275771090647
26 0.000013770385755530148
27 0.000026602204202227678
28 0.00002388195174072963
29 0.000021345713143803165
31 0.000022094106842319594
32 0.0001446627800658901
34 0.00017905478797340885
36 0.00034879085198948
45 0.00000876923174820536
48 0.0005651601204566159
49 0.0002231883932943071
50 0.00004529586521301164
56 0.00034358542739842214
57 0.00018016835758640515
59 0.000012924366889422343
60 0.000025848733778844687
74 0.0001314382268441069
90 0.0003600357507382571
97 0.0000602039675312256
100 0.00014427673725646523
103 0.00008541133970179466
114 0.001188362923032857
117 0.00038545720818497763
119 0.00046345541606448445
134 0.00020241617375177045
144 0.0006259011852042593
159 0.0004226030848760234
160 0.00307281447786015
162 0.0003800531302520963
168 0.00004914275771090647
169 0.0002663490497050791
175 0.00028530254609905744
180 0.0002526001287307366
195 0.00021509233277500263
201 0.0003782900330627366
252 0.0004236634738825287
271 0.0008830344552307394
339 0.007655382091843195
385 0.0005182941691667408
419 0.0007533803027405932
470 0.00044672424919219483
499 0.0011297522377733888
512 0.00044672424919219483
530 0.0005473475907200936
585 0.0003987932141285859
613 0.0004176750344063272
639 0.0009097064671179559
730 0.0006554485025236457
795 0.0005353974937352319
1158 0.018834507568514833
1193 0.002123817067855182
1373 0.0008688663374890013
2189 0.0012292167457893823
2689 0.002606599012467004
3031 0.000953975571705261
3054 0.000953975571705261
3165 0.004086122285560241
4081 0.0010215305713900601
4082 0.00715071399973042
4092 0.0010215305713900601
4093 0.0011370166061384682
4094 0.014309633575578915
4095 0.006822099636830809