0 0.00010360515709016387
5 0.0002701294615129238
10 0.000010463329096806138
17 0.0004875313243364415
18 0.0006345860527207468
24 0.00012749924599488326
25 0.00009828551542181294
26 0.000013770385755530148
27 0.000013301102101113839
28 0.000009552780696291852
29 0.000010672856571901583
30 0.00016011104162504336
31 0.0000055235267105798985
32 0.0005786511202635604
33 0.002377608927433326
34 0.00005968492932446962
36 0.00017439542599474
37 0.0007975864282571718
38 0.0009153069730547706
43 0.0001247963410453852
44 0.00015086301495667102
45 0.000005846154498803574
46 0.0013092710867586897
48 0.00014129003011415398
49 0.0002231883932943071
50 0.00004529586521301164
52 0.0025973377015016063
53 0.0040801062924574515
59 0.000019386550334133513
60 0.000006462183444711172
71 0.00033256580019006747
74 0.0001314382268441069
89 0.00033798452589909114
95 0.00006846296449112447
96 0.00014243386032220583
98 0.0014944483077729512
100 0.00014427673725646523
103 0.0006832907176143573
121 0.0002131283281512035
136 0.00029565439233481325
139 0.00037438902313615557
140 0.0008023810758586712
159 0.00014086769495867446
163 0.00029998219746697925
170 0.00043897349683716435
180 0.0002526001287307366
200 0.0002833071793801778
219 0.0003616150149759352
259 0.0003407614423411458
297 0.0008987801682765725
299 0.0009629459530617334
300 0.00030262299481361246
301 0.0005035547120964008
302 0.00038363630339787504
309 0.0026331323091581473
311 0.00033798452589909114
316 0.0007709345372720537
434 0.00032731777168967243
497 0.00044672424919219483
506 0.0023716755056797318
584 0.004881241983171408
644 0.0005399624677752377
645 0.0005353974937352319
646 0.000953975571705261
840 0.0005027842686225869
843 0.0007375005660187797
950 0.0005353974937352319
952 0.001907951143410522
954 0.007959116242969277
955 0.001907951143410522
956 0.0011370166061384682
957 0.0009060445366416521
958 0.0011370166061384682
959 0.0012150349349200735
960 0.0004724074680904385
961 0.0011370166061384682
962 0.0011370166061384682
963 0.0011370166061384682
964 0.0022740332122769364
965 0.0022740332122769364
966 0.0019393209051366106
967 0.0011370166061384682
968 0.0011370166061384682
969 0.0011370166061384682
970 0.0011370166061384682
971 0.0011370166061384682
972 0.0011370166061384682