0 0.00010360515709016387
5 0.0001350647307564619
6 0.00011331135962706119
8 0.000460498487011427
10 0.0000837066327744491
15 0.000055337193439289376
17 0.00024376566216822076
18 0.0003172930263603734
24 0.0002549984919897665
26 0.00002295064292588358
27 0.000013301102101113839
28 0.000004776390348145926
29 0.000016009284857852372
31 0.00003314116026347939
34 0.00005968492932446962
45 0.00001753846349641072
54 0.000160544392965215
58 0.0005595864323964277
59 0.000019386550334133513
60 0.00005169746755768937
93 0.000460498487011427
95 0.00006846296449112447
96 0.00007121693016110292
103 0.00017082267940358932
117 0.0007709144163699553
124 0.00022809939265001406
133 0.0006495089459653231
136 0.00029565439233481325
138 0.00029998219746697925
139 0.0002495926820907704
140 0.0008023810758586712
144 0.00020863372840141978
161 0.0006469749241775125
162 0.0003800531302520963
163 0.00029998219746697925
168 0.00004914275771090647
169 0.0002663490497050791
170 0.00043897349683716435
172 0.00047827455522378713
174 0.0008222808541664426
195 0.00021509233277500263
214 0.0004954467145424086
217 0.0006716434921864852
223 0.0005052002574614732
251 0.0003066922772966927
252 0.0004236634738825287
275 0.0006649717304210047
276 0.0007394879986854364
300 0.00030262299481361246
301 0.0005035547120964008
303 0.0008180359272162828
305 0.0005648761188866944
311 0.00033798452589909114
442 0.0007296383478218761
444 0.002351574011355386
449 0.0012804200898042838
452 0.0005399624677752377
475 0.0002526001287307366
482 0.00443088947860166
515 0.00043897349683716435
519 0.0004221783120451008
530 0.0002736737953600468
567 0.0007096674962648366
585 0.0003987932141285859
611 0.0005309542669637955
839 0.0004755217854866652
1103 0.00046935029736931276
1816 0.0008384895369568529
1930 0.0006973202833102012
1994 0.0006075174674600367
2337 0.00306459171417018
2387 0.0018120890732833041
2787 0.0007709345372720537
3353 0.004086122285560241
4096 0.0016769790739137058
4097 0.0011370166061384682
4098 0.0011370166061384682