6 0.00011331135962706119
8 0.001381495461034281
10 0.000020926658193612276
14 0.00026456709550368824
15 0.00011067438687857875
18 0.0003172930263603734
24 0.0002549984919897665
26 0.000013770385755530148
27 0.00001995165315167076
28 0.000028658342088875557
29 0.000016009284857852372
31 0.000011047053421159797
32 0.00021699417009883517
34 0.00005968492932446962
43 0.0002495926820907704
44 0.00030172602991334203
45 0.000011692308997607148
49 0.0002231883932943071
59 0.000006462183444711172
60 0.000025848733778844687
67 0.0010481435444838782
68 0.0012084244032549982
72 0.001848719996713591
74 0.0002628764536882138
91 0.00023463399997311992
95 0.0003423148224556223
96 0.00035608465080551457
97 0.0001204079350624512
98 0.0005977793231091805
103 0.000256234019105384
119 0.0001544851386881615
122 0.00030783737547859243
134 0.00020241617375177045
168 0.00014742827313271942
186 0.0008138443969907379
198 0.0006464403017122036
201 0.0003782900330627366
219 0.0003616150149759352
255 0.00047827455522378713
259 0.0003407614423411458
300 0.00045393449222041863
301 0.0005035547120964008
342 0.0004885960299787504
375 0.0008384895369568529
380 0.0009510435709733304
430 0.00033256580019006747
475 0.0002526001287307366
550 0.00040280813441833274
782 0.0018660435938111148
1069 0.0003968214617715378
1441 0.012537509622319254
1847 0.0020430611427801203
1883 0.004086122285560241
2255 0.0009060445366416521
2485 0.003013521210962373
4069 0.002718133609924956
4099 0.006822099636830809
4100 0.002861926715115783
4101 0.0022740332122769364
4102 0.0009060445366416521
4103 0.001907951143410522
4104 0.0011370166061384682
4105 0.0022740332122769364
4106 0.0022740332122769364
4107 0.0022740332122769364