0 0.00020721031418032774
5 0.0001350647307564619
6 0.0001359736315524734
10 0.00004185331638722455
15 0.00016601158031786812
20 0.00014256349717722765
24 0.000509996983979533
25 0.00009828551542181294
26 0.000009180257170353432
27 0.0000332527552527846
28 0.000028658342088875557
29 0.000037354998001655535
30 0.00008005552081252168
31 0.000027617633552899494
32 0.0002893255601317802
34 0.00005968492932446962
36 0.00017439542599474
41 0.0005617777890631787
43 0.0001247963410453852
44 0.00015086301495667102
45 0.000005846154498803574
46 0.00032731777168967243
50 0.00004529586521301164
54 0.000160544392965215
56 0.00034358542739842214
59 0.000012924366889422343
60 0.000012924366889422343
69 0.00038545720818497763
71 0.00033256580019006747
74 0.0001314382268441069
81 0.0006678080987797565
90 0.0003600357507382571
95 0.0005477037159289957
96 0.0005697354412888233
97 0.0001204079350624512
100 0.00014427673725646523
103 0.00034164535880717864
122 0.0012313495019143697
124 0.00045619878530002813
125 0.000570206882391405
132 0.0007740174541200534
133 0.0016237723649133078
136 0.0008869631770044397
142 0.000904198535777999
159 0.0011269415596693957
162 0.0003800531302520963
168 0.00009828551542181294
175 0.00028530254609905744
176 0.0004576534865273853
185 0.00023389514674621796
188 0.002591470845833704
214 0.0002477233572712043
217 0.004029860953118911
223 0.001263000643653683
235 0.000244549715989849
255 0.00023913727761189357
300 0.0016644264714748686
307 0.0007636701689069744
346 0.0009060445366416521
372 0.0003553858360236491
416 0.0003493811814946261
434 0.00032731777168967243
613 0.0008353500688126544
654 0.00038729823387417876
659 0.0021690105066253344
727 0.0005494856956725966
865 0.001808397071555998
913 0.0008222808541664426
930 0.0005648761188866944
960 0.0004724074680904385
1069 0.0003968214617715378
1072 0.0005544595315855724
1304 0.0005595864323964277
1582 0.0013401727475765846
1757 0.0006554485025236457
1884 0.001581117003786488
1979 0.0005818342485617932
2037 0.0006378942679921852
2084 0.0006554485025236457
3297 0.0010215305713900601
4112 0.000953975571705261
4113 0.0034110498184154047
4114 0.0011370166061384682
4115 0.0011370166061384682
4116 0.0011370166061384682
4117 0.0011370166061384682
4118 0.0011370166061384682
4119 0.0010215305713900601
4120 0.0010215305713900601
4121 0.0034110498184154047