0 0.00010360515709016387
6 0.00009064908770164895
10 0.00003138998729041841
15 0.00011067438687857875
17 0.00024376566216822076
20 0.00014256349717722765
24 0.0003824977379846497
25 0.00004914275771090647
26 0.000009180257170353432
27 0.00001995165315167076
28 0.000028658342088875557
29 0.000037354998001655535
30 0.00008005552081252168
31 0.000027617633552899494
32 0.0002893255601317802
34 0.0002984246466223481
36 0.00017439542599474
41 0.0005617777890631787
43 0.0001247963410453852
44 0.00015086301495667102
45 0.000005846154498803574
50 0.00004529586521301164
59 0.000025848733778844687
60 0.000012924366889422343
72 0.0007394879986854364
74 0.0001314382268441069
76 0.00023762262054737309
93 0.000460498487011427
95 0.00047924075143787115
96 0.0005697354412888233
103 0.00017082267940358932
108 0.0005085159291886202
125 0.00038013792159427004
136 0.0017739263540088794
139 0.00037438902313615557
159 0.0004226030848760234
162 0.0019002656512604817
163 0.00029998219746697925
168 0.00004914275771090647
169 0.0005326980994101582
176 0.0004576534865273853
200 0.0002833071793801778
214 0.0022295102154408384
217 0.0020149304765594554
223 0.0020208010298458927
235 0.0007336491479695469
247 0.0003148783300420517
265 0.00024220853747341272
266 0.0006021638897794608
273 0.0003697439993427182
300 0.00030262299481361246
312 0.0009771920599575008
345 0.0006649717304210047
350 0.0005353974937352319
391 0.0004605016093796513
416 0.0003493811814946261
455 0.000466348213813385
458 0.0007636701689069744
554 0.0003600357507382571
555 0.00034358542739842214
564 0.0016769790739137058
573 0.0004885960299787504
639 0.0022742661677948896
691 0.0007672726067957501
700 0.0003910424617735554
703 0.0004991223381462831
829 0.0006220145312703716
865 0.0004520992678889995
913 0.0004111404270832213
960 0.0004724074680904385
1031 0.0013108970050472915
1072 0.0005544595315855724
1105 0.005273662119184152
1193 0.0026547713348189774
1252 0.000570339268307386
1308 0.0007375005660187797
1377 0.0008128063180586093
1582 0.0008934484983843897
1589 0.0007533803027405932
1701 0.0007533803027405932
1779 0.0007533803027405932
1938 0.0006146083728946911
1979 0.0005818342485617932
2478 0.0005941814615164285
2505 0.000953975571705261
2543 0.000629765283625402
4112 0.000953975571705261
4122 0.010215305713900603
4123 0.0010215305713900601
4124 0.004086122285560241
4125 0.0011370166061384682
4126 0.0011370166061384682