0 0.00010360515709016387
6 0.00020396044732871014
10 0.000020926658193612276
15 0.00011067438687857875
17 0.00024376566216822076
20 0.0002851269943544553
24 0.0002549984919897665
25 0.00004914275771090647
26 0.000009180257170353432
27 0.000026602204202227678
28 0.000028658342088875557
29 0.000032018569715704745
31 0.000027617633552899494
32 0.0002893255601317802
34 0.00011936985864893924
36 0.00034879085198948
41 0.0005617777890631787
43 0.0001247963410453852
44 0.00015086301495667102
45 0.000005846154498803574
47 0.0002708891434150717
50 0.00009059173042602328
59 0.000025848733778844687
60 0.000012924366889422343
72 0.0011092319980281545
74 0.0001314382268441069
76 0.00023762262054737309
93 0.0002302492435057135
95 0.00047924075143787115
96 0.0004985185111277203
103 0.000256234019105384
108 0.0002542579645943101
136 0.0017739263540088794
139 0.0004991853641815408
159 0.0002817353899173489
162 0.0015202125210083853
163 0.00029998219746697925
168 0.00004914275771090647
169 0.0005326980994101582
200 0.0005666143587603556
214 0.003963573716339269
217 0.00022388116406216174
223 0.003536401802230312
235 0.0007336491479695469
252 0.0004236634738825287
262 0.0006929162084904484
265 0.00024220853747341272
266 0.0006021638897794608
273 0.0003697439993427182
279 0.0006464403017122036
303 0.001227053890824424
327 0.00047869542676802046
328 0.0003260311928669616
345 0.0006649717304210047
370 0.0008443566240902016
391 0.0004605016093796513
416 0.0010481435444838782
417 0.0003600357507382571
455 0.000466348213813385
482 0.00443088947860166
489 0.0006146083728946911
493 0.0011519752882561186
496 0.0003493811814946261
554 0.0003600357507382571
573 0.0004885960299787504
591 0.0005818342485617932
639 0.0022742661677948896
686 0.002281357073229544
687 0.002026113986087854
700 0.0003910424617735554
703 0.0004991223381462831
734 0.0005027842686225869
786 0.000570339268307386
829 0.0006220145312703716
851 0.00046935029736931276
865 0.0004520992678889995
913 0.0004111404270832213
960 0.0004724074680904385
1031 0.0013108970050472915
1072 0.0011089190631711448
1132 0.0013323011929440589
1149 0.0007096674962648366
1193 0.0026547713348189774
1308 0.0007375005660187797
1377 0.0008128063180586093
1589 0.0007533803027405932
1701 0.0007533803027405932
1714 0.0013501449342896718
1799 0.0007709345372720537
1938 0.0006146083728946911
1979 0.0005818342485617932
2189 0.0012292167457893823
2478 0.0005941814615164285
2505 0.000953975571705261
2543 0.000629765283625402
4122 0.00715071399973042
4123 0.0010215305713900601
4124 0.004086122285560241
4127 0.000953975571705261