0 0.00010360515709016387
5 0.0001350647307564619
6 0.00009064908770164895
10 0.00007324330367764296
24 0.0003824977379846497
25 0.00019657103084362587
26 0.000009180257170353432
27 0.00001995165315167076
28 0.000028658342088875557
29 0.000016009284857852372
31 0.000027617633552899494
32 0.0002893255601317802
34 0.00017905478797340885
36 0.00034879085198948
41 0.00037451852604211916
43 0.0002495926820907704
44 0.00030172602991334203
45 0.000005846154498803574
50 0.00004529586521301164
56 0.00034358542739842214
57 0.0003603367151728103
59 0.000006462183444711172
60 0.000012924366889422343
74 0.0002628764536882138
84 0.0010989713913451932
93 0.000460498487011427
95 0.00041077778694674673
96 0.00042730158096661747
103 0.000256234019105384
119 0.000308970277376323
125 0.0009503448039856751
134 0.00020241617375177045
138 0.0005999643949339585
139 0.0004991853641815408
144 0.00041726745680283956
148 0.00039487277137447156
153 0.00022952953988283507
159 0.00014086769495867446
161 0.0006469749241775125
163 0.00029998219746697925
167 0.0003185136261757804
169 0.0002663490497050791
185 0.00023389514674621796
188 0.0005182941691667408
200 0.0002833071793801778
217 0.00022388116406216174
220 0.003779737274426663
241 0.000466348213813385
293 0.0005065284965219635
300 0.00015131149740680623
385 0.0005182941691667408
434 0.00032731777168967243
458 0.0003818350844534872
459 0.000570339268307386
481 0.0004339996609241885
483 0.0003800531302520963
549 0.0005759876441280593
623 0.0004605016093796513
713 0.0022178381263422897
735 0.004159270230614999
738 0.0006750724671448359
1072 0.0005544595315855724
1145 0.000790558501893244
1412 0.0005648761188866944
1687 0.000685825303055794
1892 0.0006649717304210047
1893 0.000953975571705261
1973 0.0007375005660187797
2023 0.0006220145312703716
2252 0.0007096674962648366
2504 0.0008384895369568529
3664 0.009193775142510541
3665 0.0010215305713900601
4128 0.0011370166061384682
4129 0.004548066424553873