0 0.0003108154712704916
5 0.0004051941922693857
6 0.00004532454385082448
7 0.0007077285252418094
8 0.0006907477305171405
10 0.000010463329096806138
14 0.0005291341910073765
17 0.00024376566216822076
20 0.00014256349717722765
22 0.0005595864323964277
24 0.0003824977379846497
25 0.00009828551542181294
26 0.000009180257170353432
27 0.0000332527552527846
28 0.00003343473243702148
29 0.000021345713143803165
31 0.000011047053421159797
32 0.00021699417009883517
34 0.00017905478797340885
41 0.0005617777890631787
45 0.000005846154498803574
46 0.0013092710867586897
47 0.0002708891434150717
48 0.00014129003011415398
49 0.0004463767865886142
50 0.00009059173042602328
52 0.00023612160922741876
57 0.00018016835758640515
59 0.000019386550334133513
60 0.000012924366889422343
64 0.001188362923032857
67 0.0010481435444838782
69 0.006167315330959642
80 0.0006787343976211396
81 0.00033390404938987825
91 0.00023463399997311992
93 0.000460498487011427
94 0.0009771920599575008
95 0.0008215555738934935
96 0.0009258200920943377
97 0.00018061190259367678
98 0.00029888966155459023
100 0.00014427673725646523
103 0.000512468038210768
108 0.0002542579645943101
109 0.0003818350844534872
121 0.000426256656302407
130 0.00036808616347914477
134 0.00020241617375177045
139 0.0002495926820907704
140 0.0004011905379293356
143 0.0002681502686494669
144 0.0006259011852042593
159 0.0004226030848760234
163 0.00029998219746697925
171 0.0004176750344063272
172 0.00023913727761189357
175 0.0005706050921981149
177 0.00044410039764801966
178 0.011564018059080807
180 0.0002526001287307366
197 0.000570339268307386
201 0.0011348700991882098
202 0.00030783737547859243
203 0.0003136839799123262
213 0.0007296383478218761
216 0.0006075174674600367
265 0.00024220853747341272
266 0.0009032458346691911
267 0.0005494856956725966
273 0.0003697439993427182
299 0.0003209819843539111
311 0.002365891681293638
368 0.0010989713913451932
369 0.0005544595315855724
374 0.0006220145312703716
384 0.0019147817070720818
392 0.00047869542676802046
396 0.0008128063180586093
398 0.0007264187840392248
416 0.0010481435444838782
434 0.00032731777168967243
458 0.0011455052533604615
483 0.0003800531302520963
494 0.0007709345372720537
512 0.00044672424919219483
515 0.00043897349683716435
517 0.000944814936180877
538 0.00037310999523034225
539 0.0005494856956725966
554 0.0007200715014765141
567 0.0007096674962648366
580 0.0024028642753581375
582 0.0006464403017122036
622 0.0015067606054811865
637 0.0008384895369568529
644 0.0005399624677752377
645 0.0005353974937352319
709 0.004114951818334764
832 0.0006146083728946911
865 0.0004520992678889995
876 0.0007375005660187797
913 0.002877982989582549
960 0.0004724074680904385
988 0.003548337481324183
1075 0.0006649717304210047
1099 0.0006146083728946911
1248 0.0005353974937352319
1318 0.0006649717304210047
1325 0.0016633785947567173
1356 0.0005648761188866944
1495 0.0006464403017122036
1582 0.002680345495153169
1643 0.004425003396112678
1707 0.0007709345372720537
1911 0.0007096674962648366
3193 0.0010215305713900601
3260 0.003815902286821044
3266 0.0008688663374890013
3293 0.0008128063180586093
3441 0.0016769790739137058
3491 0.0020430611427801203
4130 0.004086122285560241
4131 0.023877348728907833
4132 0.0010215305713900601
4133 0.0010215305713900601
4134 0.0011370166061384682
4135 0.0010215305713900601
4136 0.0022740332122769364
4137 0.0020430611427801203
4138 0.0011370166061384682
4139 0.0022740332122769364
4140 0.0011370166061384682