0 0.0003108154712704916
5 0.0002701294615129238
6 0.00011331135962706119
10 0.00005231664548403069
13 0.0003124981305672972
15 0.000055337193439289376
20 0.00014256349717722765
24 0.000509996983979533
25 0.00009828551542181294
26 0.000013770385755530148
27 0.00001995165315167076
28 0.000028658342088875557
29 0.000032018569715704745
31 0.000022094106842319594
32 0.0002893255601317802
34 0.00005968492932446962
36 0.00034879085198948
41 0.0005617777890631787
44 0.00015086301495667102
45 0.000005846154498803574
48 0.00014129003011415398
50 0.00004529586521301164
54 0.000160544392965215
59 0.000019386550334133513
60 0.000012924366889422343
72 0.0003697439993427182
76 0.00023762262054737309
80 0.0033936719881056984
91 0.00023463399997311992
92 0.0007296383478218761
95 0.0003423148224556223
96 0.00035608465080551457
97 0.0000602039675312256
103 0.000256234019105384
122 0.00030783737547859243
124 0.00045619878530002813
125 0.00038013792159427004
130 0.0007361723269582895
136 0.0005913087846696265
139 0.0002495926820907704
142 0.0004520992678889995
144 0.0006259011852042593
148 0.0007897455427489431
151 0.0003393671988105698
159 0.0004226030848760234
161 0.00032348746208875627
163 0.0008999465924009378
168 0.00014742827313271942
169 0.0002663490497050791
175 0.00028530254609905744
186 0.00040692219849536895
194 0.0004339996609241885
210 0.0005494856956725966
213 0.00036481917391093806
214 0.0012386167863560214
217 0.001791049312497294
221 0.001227053890824424
222 0.0011244565269275424
223 0.0010104005149229464
265 0.00024220853747341272
279 0.0006464403017122036
300 0.0015131149740680624
312 0.0004885960299787504
372 0.0003553858360236491
390 0.0005878935028388465
435 0.00044410039764801966
456 0.0020242623420281968
469 0.006747029743829164
475 0.0005052002574614732
509 0.00047869542676802046
512 0.00044672424919219483
529 0.00044939008413828627
549 0.0005759876441280593
555 0.00034358542739842214
659 0.014460070044168896
672 0.0005182941691667408
691 0.00038363630339787504
703 0.0004991223381462831
744 0.0005544595315855724
767 0.00040692219849536895
816 0.0004852300340911263
833 0.0025326424826098174
839 0.0014265653564599955
846 0.0006378942679921852
933 0.0005224082332437771
1013 0.0010989713913451932
1072 0.0005544595315855724
1088 0.0006649717304210047
1284 0.0007230035022084448
1295 0.0007533803027405932
1374 0.0008688663374890013
1377 0.0008128063180586093
1571 0.0006378942679921852
1582 0.002233621245960974
1597 0.0013108970050472915
1784 0.001581117003786488
1884 0.009486702022718927
1938 0.0018438251186840733
1997 0.0014193349925296732
2141 0.0006973202833102012
2156 0.0010215305713900601
2890 0.0009060445366416521
3230 0.0009060445366416521
3991 0.000953975571705261
4112 0.000953975571705261
4120 0.00715071399973042
4141 0.0011370166061384682
4142 0.0022740332122769364
4143 0.0011370166061384682
4144 0.0011370166061384682