0 0.00010360515709016387
5 0.0002701294615129238
10 0.000010463329096806138
15 0.0003873603540750256
24 0.0003824977379846497
25 0.00009828551542181294
26 0.000009180257170353432
27 0.000013301102101113839
28 0.000014329171044437778
29 0.000010672856571901583
31 0.0000055235267105798985
32 0.00021699417009883517
34 0.00011936985864893924
45 0.000002923077249401787
46 0.0013092710867586897
48 0.00014129003011415398
49 0.0002231883932943071
50 0.00004529586521301164
52 0.002833459310729025
53 0.0017486169824817651
54 0.00032108878593043
59 0.000025848733778844687
60 0.000012924366889422343
72 0.0003697439993427182
76 0.00047524524109474617
77 0.0008779469936743287
93 0.0011512462175285675
94 0.0004885960299787504
95 0.00027385185796449787
96 0.00035608465080551457
97 0.0000602039675312256
121 0.0002131283281512035
130 0.0007361723269582895
134 0.00020241617375177045
139 0.0001247963410453852
143 0.0002681502686494669
148 0.0007897455427489431
159 0.00014086769495867446
163 0.00029998219746697925
196 0.0005309542669637955
203 0.0003136839799123262
214 0.0004954467145424086
215 0.0005446560494091424
266 0.0003010819448897304
267 0.0005494856956725966
298 0.0004991223381462831
299 0.0035308018278930224
311 0.00033798452589909114
416 0.0006987623629892522
434 0.0006546355433793449
438 0.0007096674962648366
470 0.00044672424919219483
475 0.0002526001287307366
496 0.0003493811814946261
644 0.0005399624677752377
645 0.0005353974937352319
716 0.003183972634912845
774 0.0005941814615164285
839 0.0009510435709733304
960 0.0004724074680904385
1103 0.00046935029736931276
1459 0.001581117003786488
1476 0.0012292167457893823
1938 0.0018438251186840733
2087 0.00452028181644356
3079 0.0008128063180586093
4130 0.00306459171417018
4145 0.0011370166061384682
4146 0.0011370166061384682
4147 0.0016256126361172186
4148 0.0011370166061384682
4149 0.0011370166061384682