6 0.0000679868157762367
8 0.0006907477305171405
10 0.00003138998729041841
14 0.001322835477518441
15 0.0004980347409536044
25 0.00009828551542181294
26 0.000013770385755530148
27 0.000013301102101113839
28 0.000014329171044437778
29 0.000021345713143803165
31 0.000011047053421159797
32 0.0001446627800658901
34 0.00005968492932446962
45 0.000002923077249401787
46 0.00032731777168967243
48 0.00014129003011415398
49 0.0004463767865886142
50 0.00004529586521301164
52 0.00023612160922741876
59 0.000006462183444711172
60 0.000012924366889422343
67 0.0006987623629892522
68 0.0008056162688366655
69 0.0015418288327399105
72 0.0007394879986854364
75 0.0037078847793410572
77 0.00043897349683716435
80 0.0030543047892951283
81 0.00033390404938987825
82 0.0004991223381462831
95 0.0006846296449112446
96 0.0007121693016110291
97 0.0000602039675312256
98 0.0005977793231091805
100 0.00014427673725646523
101 0.0005353974937352319
102 0.0003910424617735554
133 0.00032475447298266157
134 0.00020241617375177045
139 0.0002495926820907704
143 0.0002681502686494669
145 0.0009982446762925661
151 0.0003393671988105698
174 0.0004111404270832213
175 0.00028530254609905744
177 0.00044410039764801966
178 0.003854672686360269
179 0.0005027842686225869
180 0.0005052002574614732
181 0.011568056035335117
182 0.0011370166061384682
183 0.004876837908351655
184 0.006342311756491564
185 0.0004677902934924359
186 0.00040692219849536895
187 0.0010215305713900601
188 0.0005182941691667408
189 0.0009510435709733304
190 0.0005494856956725966
191 0.0006973202833102012
192 0.0007375005660187797
193 0.004769877858526305
194 0.0004339996609241885
195 0.00021509233277500263
196 0.0005309542669637955
197 0.0028516963415369297
198 0.003232201508561018
199 0.0007375005660187797
200 0.0002833071793801778
201 0.0003782900330627366
202 0.00030783737547859243
203 0.0003136839799123262
204 0.0007230035022084448
205 0.0022740332122769364
206 0.0011370166061384682
207 0.0011370166061384682
208 0.0011370166061384682
209 0.0011370166061384682
210 0.0005494856956725966
211 0.0010893120988182848
212 0.001259530567250804
213 0.00036481917391093806
214 0.0002477233572712043
215 0.0005446560494091424
216 0.0006075174674600367