5 0.0002701294615129238
10 0.000010463329096806138
25 0.00004914275771090647
26 0.000013770385755530148
27 0.00001995165315167076
28 0.000014329171044437778
29 0.000016009284857852372
30 0.00024016656243756505
31 0.000016570580131739694
32 0.0002893255601317802
36 0.00017439542599474
43 0.0002495926820907704
44 0.00015086301495667102
45 0.000005846154498803574
50 0.00004529586521301164
52 0.0025973377015016063
53 0.0020400531462287257
54 0.00064217757186086
59 0.000006462183444711172
60 0.000006462183444711172
72 0.0007394879986854364
74 0.0001314382268441069
75 0.00030899039827842145
76 0.00023762262054737309
90 0.0003600357507382571
98 0.00029888966155459023
100 0.00014427673725646523
103 0.00008541133970179466
124 0.0011404969632500704
136 0.00029565439233481325
139 0.0001247963410453852
140 0.0004011905379293356
158 0.0007530907959264412
159 0.0004226030848760234
160 0.0017558939873486574
164 0.0006624764288875735
167 0.003185136261757804
168 0.00004914275771090647
175 0.00028530254609905744
177 0.00044410039764801966
180 0.0007578003861922098
234 0.00038363630339787504
265 0.00024220853747341272
297 0.0008987801682765725
299 0.0006419639687078222
300 0.00015131149740680623
301 0.0002517773560482004
302 0.00038363630339787504
309 0.0015798793854948881
316 0.0007709345372720537
416 0.0003493811814946261
434 0.00032731777168967243
446 0.0004176750344063272
462 0.0005941814615164285
524 0.0012440290625407432
599 0.0004991223381462831
692 0.000953975571705261
716 0.00045485323355897795
740 0.009512969350739272
743 0.0003800531302520963
767 0.0008138443969907379
799 0.0011348700991882098
806 0.0008138443969907379
831 0.0006220145312703716
843 0.0007375005660187797
949 0.0007096674962648366
959 0.0012150349349200735
973 0.007908265664413721
974 0.005878935028388465
975 0.0038812167210990067
976 0.0007375005660187797
977 0.0011370166061384682
978 0.0010215305713900601
979 0.0009060445366416521
980 0.0011370166061384682
981 0.0010215305713900601
982 0.009406296045421545
983 0.0011370166061384682
984 0.0007533803027405932
985 0.001465788089936251
986 0.0013299434608420094
987 0.000953975571705261
988 0.0007096674962648366
989 0.0011370166061384682
990 0.0022740332122769364
991 0.0011370166061384682
992 0.0034110498184154047
993 0.0022740332122769364
994 0.0011370166061384682
995 0.0022740332122769364
996 0.0011370166061384682
997 0.0022740332122769364
998 0.0011370166061384682
999 0.0011370166061384682
1000 0.0007533803027405932
1001 0.0011370166061384682
1002 0.0011370166061384682