0 0.00010360515709016387
1 0.0005494856956725966
5 0.0001350647307564619
6 0.00015863590347788565
10 0.00007324330367764296
13 0.0003124981305672972
15 0.00011067438687857875
24 0.00012749924599488326
26 0.000009180257170353432
27 0.000013301102101113839
28 0.000009552780696291852
29 0.000016009284857852372
31 0.000011047053421159797
34 0.00017905478797340885
36 0.00034879085198948
45 0.00001753846349641072
48 0.00028258006022830796
50 0.00004529586521301164
59 0.000019386550334133513
60 0.000012924366889422343
74 0.0003943146805323207
75 0.00030899039827842145
76 0.00023762262054737309
94 0.0004885960299787504
95 0.00027385185796449787
96 0.00014243386032220583
103 0.00008541133970179466
119 0.000308970277376323
125 0.00019006896079713502
132 0.0003870087270600267
139 0.0002495926820907704
140 0.0002005952689646678
159 0.0002817353899173489
168 0.00009828551542181294
169 0.0002663490497050791
194 0.0004339996609241885
196 0.0005309542669637955
203 0.0003136839799123262
235 0.000978198863959396
247 0.0012595133201682067
251 0.0003066922772966927
266 0.0003010819448897304
325 0.00043897349683716435
429 0.0009510435709733304
430 0.00033256580019006747
475 0.0007578003861922098
493 0.0011519752882561186
590 0.0005103588061228796
599 0.0004991223381462831
691 0.00038363630339787504
716 0.0036388258684718236
718 0.0005759876441280593
721 0.0006146083728946911
736 0.001140678536614772
739 0.0006750724671448359
754 0.0006973202833102012
776 0.001246404696646162
799 0.0037829003306273663
805 0.0010707949874704638
806 0.0024415331909722134
846 0.0025515770719687406
867 0.0005027842686225869
893 0.005243588020189166
898 0.0005027842686225869
913 0.0008222808541664426
975 0.008316892973783586
985 0.002931576179872502
1056 0.0006464403017122036
1064 0.0008128063180586093
1065 0.0008830344552307394
1104 0.0006554485025236457
1132 0.0017764015905920786
1333 0.0007096674962648366
1411 0.0007533803027405932
1421 0.001581117003786488
1585 0.0007096674962648366
1850 0.0008384895369568529
2390 0.01581117003786488
2477 0.0016256126361172186
2478 0.005347633153647857
2559 0.0006464403017122036
2975 0.001907951143410522
3495 0.010872534439699825
3749 0.0010215305713900601
4150 0.0011370166061384682
4151 0.0022740332122769364
4152 0.0009060445366416521
4153 0.0010215305713900601