0 0.00010360515709016387
4 0.0004007885808474655
5 0.0006753236537823096
6 0.00011331135962706119
10 0.00004185331638722455
14 0.00026456709550368824
15 0.00011067438687857875
20 0.00014256349717722765
25 0.00014742827313271942
26 0.00002295064292588358
27 0.000013301102101113839
28 0.00003343473243702148
30 0.00016011104162504336
31 0.000038664686974059284
33 0.0004755217854866652
34 0.0003581095759468177
45 0.000011692308997607148
48 0.00028258006022830796
50 0.00009059173042602328
55 0.000904198535777999
59 0.000006462183444711172
60 0.000038773100668267026
71 0.00033256580019006747
74 0.0002628764536882138
93 0.0002302492435057135
97 0.0000602039675312256
100 0.00014427673725646523
119 0.0001544851386881615
122 0.00030783737547859243
139 0.0002495926820907704
140 0.001002976344823339
143 0.0002681502686494669
144 0.0008345349136056791
161 0.00032348746208875627
167 0.0003185136261757804
168 0.00004914275771090647
176 0.0004576534865273853
180 0.0005052002574614732
195 0.00043018466555000526
239 0.000685825303055794
247 0.0012595133201682067
251 0.0006133845545933855
274 0.000629765283625402
303 0.001227053890824424
304 0.0007107716720472983
398 0.0003632093920196124
430 0.00033256580019006747
457 0.0006378942679921852
519 0.0004221783120451008
550 0.00040280813441833274
574 0.0006750724671448359
611 0.0005309542669637955
613 0.0004176750344063272
671 0.0003910424617735554
700 0.0003910424617735554
719 0.0005544595315855724
730 0.0006554485025236457
735 0.0005941814615164285
853 0.0005494856956725966
913 0.0004111404270832213
930 0.00508388506998025
960 0.0004724074680904385
1003 0.0008384895369568529
1037 0.000790558501893244
1124 0.0007230035022084448
1145 0.000790558501893244
1234 0.0033539581478274115
1367 0.0015067606054811865
1374 0.0017377326749780026
1377 0.0008128063180586093
1409 0.0008384895369568529
1451 0.0006146083728946911
1472 0.0007096674962648366
1566 0.0006007160688395344
1611 0.0009060445366416521
1680 0.0009060445366416521
1785 0.0011297522377733888
1799 0.0007709345372720537
2003 0.0028386699850593464
2640 0.0008688663374890013
2893 0.0009060445366416521
2901 0.000953975571705261
3043 0.0010215305713900601
3662 0.01225836685668072
4163 0.021603315516630896
4164 0.0011370166061384682
4165 0.0036241781465666083
4166 0.009193775142510541
4167 0.0011370166061384682
4168 0.0020430611427801203
4169 0.0010215305713900601
4170 0.0011370166061384682
4171 0.0011370166061384682
4172 0.0011370166061384682
4173 0.0011370166061384682
4174 0.0011370166061384682
4175 0.0011370166061384682