6 0.0001359736315524734
10 0.00004185331638722455
15 0.000055337193439289376
25 0.00004914275771090647
26 0.000018360514340706863
27 0.000013301102101113839
28 0.000014329171044437778
29 0.000010672856571901583
31 0.000016570580131739694
34 0.00005968492932446962
36 0.00017439542599474
43 0.0001247963410453852
45 0.000005846154498803574
48 0.00014129003011415398
56 0.00034358542739842214
59 0.000006462183444711172
60 0.000012924366889422343
74 0.0001314382268441069
80 0.0006787343976211396
91 0.00046926799994623984
97 0.0000602039675312256
103 0.000256234019105384
111 0.0004724074680904385
119 0.0007724256934408075
132 0.0007740174541200534
133 0.00032475447298266157
135 0.0005446560494091424
140 0.0002005952689646678
159 0.002113015424380117
162 0.0003800531302520963
167 0.0006370272523515608
168 0.00004914275771090647
171 0.0004176750344063272
211 0.001633968148227427
220 0.0010799249355504753
239 0.000685825303055794
240 0.001013056993043927
266 0.0003010819448897304
429 0.003328652498406656
434 0.00032731777168967243
466 0.0006973202833102012
475 0.003536401802230312
479 0.000629765283625402
497 0.00044672424919219483
590 0.0005103588061228796
602 0.0024776958250025223
619 0.0010893120988182848
654 0.00038729823387417876
671 0.0007820849235471108
701 0.0034220356098443156
727 0.0005494856956725966
913 0.0004111404270832213
924 0.0006378942679921852
930 0.0011297522377733888
1064 0.0008128063180586093
1130 0.0016256126361172186
1234 0.0008384895369568529
1310 0.0017377326749780026
1367 0.009793943935627712
1496 0.0006973202833102012
1497 0.012291059537543562
1724 0.0017636805085165395
1734 0.0012757885359843703
1769 0.000953975571705261
1854 0.0017455027456853792
2325 0.0033539581478274115
2440 0.000790558501893244
3344 0.000953975571705261
3460 0.0020430611427801203
4012 0.022473672570581322
4176 0.009096132849107746
4177 0.004548066424553873
4178 0.0022740332122769364
4179 0.0022740332122769364
4180 0.0018120890732833041
4181 0.0056850830306923415
4182 0.0011370166061384682
4183 0.0011370166061384682
4184 0.0010215305713900601