10 0.000010463329096806138
20 0.0002851269943544553
24 0.0002549984919897665
25 0.00014742827313271942
26 0.000004590128585176716
28 0.000009552780696291852
30 0.00008005552081252168
31 0.000016570580131739694
36 0.00017439542599474
44 0.00015086301495667102
45 0.00001753846349641072
59 0.000012924366889422343
60 0.000012924366889422343
95 0.00006846296449112447
103 0.00008541133970179466
109 0.0007636701689069744
124 0.00045619878530002813
130 0.00036808616347914477
136 0.00029565439233481325
168 0.00009828551542181294
172 0.00023913727761189357
196 0.0005309542669637955
200 0.0002833071793801778
226 0.0005182941691667408
232 0.0010365883383334816
235 0.000489099431979698
245 0.0006146083728946911
246 0.0005399624677752377
306 0.0022592723877793235
312 0.0004885960299787504
325 0.00043897349683716435
331 0.0003136839799123262
362 0.00029998219746697925
363 0.0006649717304210047
384 0.0009573908535360409
416 0.0003493811814946261
430 0.00033256580019006747
434 0.00032731777168967243
454 0.00038363630339787504
574 0.004050434802869015
587 0.0007096674962648366
624 0.0014457920879633922
712 0.0006464403017122036
729 0.0006075174674600367
740 0.0011191728647928555
767 0.00040692219849536895
775 0.00036481917391093806
823 0.0017377326749780026
867 0.0025139213431129345
898 0.0005027842686225869
1027 0.0028920140088337792
1044 0.0005648761188866944
1061 0.0007375005660187797
1062 0.001694628356660083
1064 0.0008128063180586093
1065 0.0013245516828461089
1142 0.00040280813441833274
1314 0.0005446560494091424
1422 0.0008384895369568529
1477 0.0005494856956725966
1491 0.0006649717304210047
1643 0.0007375005660187797
1645 0.0009060445366416521
1806 0.000685825303055794
1979 0.0005818342485617932
2023 0.0006220145312703716
2653 0.0009060445366416521
4185 0.00612918342834036
4186 0.00306459171417018
4187 0.0034110498184154047
4188 0.0011370166061384682
4189 0.0011370166061384682
4190 0.0011370166061384682
4191 0.0022740332122769364
4192 0.0034110498184154047
4193 0.0034110498184154047
4194 0.0010215305713900601
4195 0.0010215305713900601
4196 0.0011370166061384682