6 0.00011331135962706119
8 0.0002302492435057135
10 0.00009416996187125524
15 0.000055337193439289376
20 0.0002851269943544553
24 0.00012749924599488326
25 0.00004914275771090647
26 0.000018360514340706863
27 0.00001995165315167076
28 0.000009552780696291852
29 0.000010672856571901583
31 0.0000055235267105798985
44 0.00015086301495667102
45 0.000005846154498803574
47 0.0002708891434150717
50 0.00004529586521301164
57 0.00018016835758640515
59 0.000012924366889422343
60 0.000012924366889422343
80 0.0006787343976211396
84 0.0005494856956725966
97 0.0000602039675312256
103 0.000256234019105384
110 0.0003600357507382571
117 0.001156371624554933
119 0.00046345541606448445
125 0.00038013792159427004
129 0.0004724074680904385
132 0.00019350436353001335
134 0.0006072485212553113
139 0.0001247963410453852
143 0.0002681502686494669
144 0.0006259011852042593
146 0.00036481917391093806
149 0.0006146083728946911
159 0.00014086769495867446
161 0.00032348746208875627
168 0.00004914275771090647
232 0.0005182941691667408
247 0.0012595133201682067
252 0.00021183173694126436
262 0.0003464581042452242
279 0.0006464403017122036
296 0.0006649717304210047
300 0.00030262299481361246
301 0.0002517773560482004
411 0.0008128063180586093
415 0.0006649717304210047
430 0.00033256580019006747
437 0.00043897349683716435
442 0.0007296383478218761
452 0.0005399624677752377
456 0.00040485246840563934
493 0.0017279629323841779
512 0.00044672424919219483
515 0.00043897349683716435
524 0.0006220145312703716
530 0.0002736737953600468
601 0.0004176750344063272
643 0.00453022268320826
701 0.001140678536614772
713 0.0022178381263422897
740 0.004476691459171422
799 0.0011348700991882098
921 0.0011519752882561186
985 0.0019543841199150015
986 0.0006649717304210047
987 0.000953975571705261
1208 0.0006649717304210047
1325 0.0016633785947567173
1333 0.0007096674962648366
1367 0.0015067606054811865
1375 0.0008688663374890013
1494 0.000790558501893244
1562 0.0006220145312703716
1599 0.0018660435938111148
1687 0.000685825303055794
2035 0.0007230035022084448
2204 0.006027042421924746
2439 0.0018120890732833041
2478 0.002376725846065714
2570 0.007834210053549989
2850 0.0008128063180586093
3367 0.0008384895369568529
3448 0.0008128063180586093
4206 0.0020430611427801203
4207 0.0022740332122769364
4208 0.0022740332122769364
4209 0.0011370166061384682
4210 0.0022740332122769364
4211 0.0011370166061384682
4212 0.0011370166061384682