0 0.00010360515709016387
6 0.0000679868157762367
7 0.001061592787862714
10 0.000010463329096806138
11 0.00044410039764801966
24 0.00012749924599488326
26 0.00002295064292588358
27 0.0000066505510505569195
28 0.000019105561392583703
29 0.000021345713143803165
30 0.00008005552081252168
31 0.000011047053421159797
34 0.00011936985864893924
45 0.000011692308997607148
48 0.00014129003011415398
59 0.000012924366889422343
60 0.000025848733778844687
92 0.00036481917391093806
168 0.00004914275771090647
171 0.0004176750344063272
172 0.00023913727761189357
183 0.0024384189541758277
195 0.00021509233277500263
232 0.0005182941691667408
252 0.00021183173694126436
262 0.0003464581042452242
266 0.0003010819448897304
349 0.002606599012467004
370 0.0004221783120451008
384 0.00047869542676802046
392 0.0019147817070720818
434 0.00032731777168967243
437 0.00043897349683716435
475 0.0005052002574614732
496 0.0003493811814946261
509 0.00047869542676802046
519 0.0004221783120451008
549 0.0011519752882561186
569 0.000685825303055794
576 0.0005759876441280593
613 0.0004176750344063272
637 0.0025154686108705584
714 0.0005027842686225869
775 0.0018240958695546904
782 0.0006220145312703716
789 0.005030937221741117
1058 0.0021290024887945097
1101 0.0023716755056797318
1132 0.00044410039764801966
1208 0.0006649717304210047
1409 0.0008384895369568529
1411 0.0007533803027405932
1442 0.0007533803027405932
1494 0.000790558501893244
1501 0.0014460070044168896
1634 0.0007230035022084448
1659 0.0020430611427801203
1674 0.0009060445366416521
2098 0.001581117003786488
2133 0.0010215305713900601
2198 0.0010215305713900601
2273 0.001371650606111588
2559 0.0006464403017122036
3037 0.0008384895369568529
3137 0.0008384895369568529
3362 0.001907951143410522
4213 0.002861926715115783
4214 0.0008688663374890013
4215 0.0011370166061384682
4216 0.0022740332122769364
4217 0.0022740332122769364
4218 0.0011370166061384682
4219 0.0011370166061384682
4220 0.0022740332122769364
4221 0.0010215305713900601