10 0.00004185331638722455
15 0.00016601158031786812
17 0.00024376566216822076
26 0.000018360514340706863
27 0.000013301102101113839
28 0.000014329171044437778
29 0.000010672856571901583
31 0.000011047053421159797
32 0.00021699417009883517
34 0.00023873971729787848
36 0.00034879085198948
41 0.00018725926302105958
45 0.00000876923174820536
50 0.00009059173042602328
51 0.0015672246997313311
59 0.000006462183444711172
60 0.000012924366889422343
74 0.0001314382268441069
76 0.00023762262054737309
89 0.004393798836688185
90 0.0003600357507382571
95 0.00041077778694674673
100 0.00014427673725646523
110 0.0003600357507382571
140 0.0002005952689646678
162 0.0003800531302520963
164 0.0006624764288875735
168 0.00004914275771090647
169 0.0002663490497050791
174 0.0004111404270832213
175 0.00028530254609905744
185 0.0021050563207159617
265 0.00024220853747341272
266 0.0003010819448897304
273 0.0003697439993427182
303 0.002863125745256989
328 0.0003260311928669616
343 0.001735998643696754
362 0.0032998041721367718
385 0.004664647522500667
475 0.0005052002574614732
516 0.0006378942679921852
577 0.0006464403017122036
588 0.0007230035022084448
613 0.0004176750344063272
681 0.000570339268307386
787 0.0021690105066253344
865 0.0022604963394449976
913 0.0004111404270832213
1047 0.0018438251186840733
1075 0.001994915191263014
1132 0.0008882007952960393
1242 0.0022595044755467776
1243 0.0005878935028388465
1855 0.0009060445366416521
2346 0.0006464403017122036
3228 0.007819797037401011
4157 0.0009060445366416521
4222 0.0011370166061384682
4223 0.0011370166061384682
4224 0.0011370166061384682