6 0.00009064908770164895
20 0.00014256349717722765
25 0.00004914275771090647
26 0.000027540771511060296
27 0.00001995165315167076
28 0.000009552780696291852
29 0.000005336428285950791
30 0.00008005552081252168
31 0.000022094106842319594
45 0.000011692308997607148
48 0.00014129003011415398
50 0.00009059173042602328
53 0.0017486169824817651
54 0.000160544392965215
57 0.001261178503104836
59 0.000006462183444711172
60 0.000038773100668267026
72 0.0011092319980281545
74 0.0001314382268441069
75 0.0009269711948352643
76 0.0011881131027368654
91 0.0007039019999193597
92 0.0007296383478218761
95 0.00006846296449112447
96 0.00007121693016110292
97 0.0000602039675312256
100 0.00014427673725646523
119 0.0001544851386881615
122 0.0009235121264357772
124 0.00022809939265001406
134 0.00020241617375177045
159 0.0009860738647107213
168 0.00004914275771090647
170 0.00043897349683716435
185 0.00023389514674621796
194 0.0004339996609241885
223 0.0007578003861922098
234 0.00038363630339787504
251 0.0003066922772966927
255 0.00047827455522378713
264 0.0017110178049221578
303 0.005726251490513978
331 0.0003136839799123262
361 0.0004605016093796513
362 0.00029998219746697925
482 0.002819656940928329
483 0.0003800531302520963
488 0.0005648761188866944
489 0.0006146083728946911
538 0.0007462199904606845
654 0.00038729823387417876
743 0.0003800531302520963
767 0.00040692219849536895
842 0.000570339268307386
1003 0.0025154686108705584
1004 0.0011370166061384682
1005 0.0022740332122769364
1006 0.0011370166061384682
1007 0.0008688663374890013
1008 0.0016769790739137058
1009 0.0018120890732833041
1010 0.0011370166061384682
1011 0.0011370166061384682
1012 0.0011370166061384682