0 0.00010360515709016387
1 0.0005494856956725966
2 0.001089628176058837
3 0.00044939008413828627
4 0.000801577161694931
5 0.0001350647307564619
6 0.00011331135962706119
7 0.0007077285252418094
8 0.0006907477305171405
9 0.0024664952151141725
10 0.00003138998729041841
11 0.0022205019882400984
15 0.000055337193439289376
23 0.0001917778078759736
24 0.00012749924599488326
25 0.00014742827313271942
26 0.000018360514340706863
27 0.00001995165315167076
28 0.00004298751313331333
29 0.000021345713143803165
31 0.000022094106842319594
32 0.00007233139003294505
34 0.00023873971729787848
37 0.0003987932141285859
38 0.0004576534865273853
42 0.00029780424319051263
43 0.0001247963410453852
44 0.00015086301495667102
45 0.000005846154498803574
46 0.0016365888584483623
47 0.0002708891434150717
48 0.0005651601204566159
49 0.0002231883932943071
54 0.000160544392965215
57 0.00018016835758640515
59 0.000006462183444711172
60 0.000012924366889422343
71 0.00033256580019006747
72 0.0007394879986854364
87 0.00036808616347914477
95 0.0006161666804201201
96 0.0004985185111277203
97 0.0001204079350624512
103 0.00008541133970179466
117 0.001156371624554933
119 0.000308970277376323
134 0.00020241617375177045
143 0.0002681502686494669
159 0.00014086769495867446
162 0.0003800531302520963
167 0.0003185136261757804
168 0.00009828551542181294
169 0.0002663490497050791
195 0.00021509233277500263
200 0.0002833071793801778
202 0.00030783737547859243
247 0.0003148783300420517
266 0.0006021638897794608
271 0.0008830344552307394
273 0.0003697439993427182
290 0.0005648761188866944
343 0.0004339996609241885
355 0.000685825303055794
357 0.0007375005660187797
358 0.0009060445366416521
393 0.00048193069598779744
430 0.00033256580019006747
496 0.0003493811814946261
506 0.001581117003786488
519 0.0004221783120451008
586 0.0011519752882561186
589 0.0003818350844534872
618 0.002931576179872502
707 0.0007375005660187797
741 0.0006750724671448359
767 0.0008138443969907379
790 0.0006649717304210047
795 0.0010707949874704638
820 0.001259530567250804
846 0.0006378942679921852
918 0.0008128063180586093
960 0.0004724074680904385
1177 0.0006220145312703716
1259 0.000953975571705261
1438 0.0006750724671448359
1443 0.0017377326749780026
1521 0.001175787005677693
1625 0.0006554485025236457
1642 0.0006146083728946911
2327 0.0006464403017122036
2908 0.0010215305713900601
3678 0.008585780145347348
4234 0.0022740332122769364
4235 0.0011370166061384682
4236 0.004548066424553873
4237 0.0010215305713900601
4238 0.0022740332122769364
4239 0.0011370166061384682
4240 0.0011370166061384682
4241 0.0011370166061384682
4242 0.0020430611427801203
4243 0.0034110498184154047