0 0.00010360515709016387
2 0.0007264187840392248
5 0.0004051941922693857
6 0.00004532454385082448
8 0.000460498487011427
10 0.000020926658193612276
13 0.0003124981305672972
17 0.00024376566216822076
25 0.00014742827313271942
26 0.000009180257170353432
27 0.0000066505510505569195
28 0.000019105561392583703
29 0.000010672856571901583
30 0.00016011104162504336
31 0.0000055235267105798985
34 0.00005968492932446962
36 0.00034879085198948
45 0.000011692308997607148
47 0.0002708891434150717
48 0.00014129003011415398
49 0.0002231883932943071
52 0.000944486436909675
59 0.000006462183444711172
60 0.000038773100668267026
67 0.0006987623629892522
68 0.00040280813441833274
69 0.00038545720818497763
75 0.0009269711948352643
79 0.0011519752882561186
80 0.0006787343976211396
81 0.0006678080987797565
82 0.0009982446762925661
97 0.0000602039675312256
98 0.0014944483077729512
103 0.000256234019105384
121 0.0006393849844536105
136 0.00029565439233481325
140 0.0002005952689646678
144 0.00041726745680283956
148 0.0011846183141234145
159 0.00014086769495867446
169 0.0002663490497050791
178 0.0053965417609043755
185 0.00023389514674621796
188 0.0020731766766669633
195 0.00021509233277500263
200 0.0002833071793801778
201 0.0011348700991882098
203 0.0003136839799123262
214 0.0004954467145424086
215 0.0005446560494091424
252 0.0004236634738825287
265 0.00024220853747341272
266 0.0003010819448897304
297 0.00044939008413828627
299 0.0006419639687078222
328 0.0003260311928669616
365 0.0021979427826903865
368 0.0016484570870177898
372 0.0003553858360236491
385 0.0005182941691667408
416 0.0003493811814946261
434 0.00032731777168967243
454 0.00038363630339787504
475 0.0002526001287307366
519 0.0008443566240902016
589 0.0003818350844534872
591 0.0005818342485617932
799 0.0003782900330627366
806 0.0012207665954861067
876 0.0007375005660187797
959 0.0006075174674600367
975 0.0016633785947567173
1035 0.0007375005660187797
1069 0.0007936429235430756
1255 0.0007709345372720537
1273 0.0013946405666204024
1314 0.0010893120988182848
1776 0.015443320043113575
1801 0.0014750011320375594
1864 0.0007709345372720537
2037 0.0019136828039765554
3059 0.0010215305713900601
4248 0.0034110498184154047
4249 0.0034110498184154047
4250 0.0010215305713900601
4251 0.0022740332122769364
4252 0.0022740332122769364
4253 0.0011370166061384682
4254 0.0020430611427801203
4255 0.0011370166061384682
4256 0.0011370166061384682