2 0.001816046960098062
3 0.00044939008413828627
9 0.015503684209289085
10 0.00004185331638722455
15 0.0002213487737571575
18 0.0006345860527207468
23 0.0007671112315038944
26 0.000013770385755530148
27 0.00001995165315167076
28 0.00004298751313331333
29 0.000037354998001655535
31 0.000022094106842319594
34 0.0002984246466223481
36 0.00069758170397896
43 0.0001247963410453852
44 0.0006034520598266841
45 0.00002923077249401787
48 0.0008477401806849238
54 0.000160544392965215
57 0.00018016835758640515
59 0.000019386550334133513
60 0.000012924366889422343
70 0.0008128063180586093
73 0.0009771920599575008
74 0.0001314382268441069
79 0.002303950576512237
85 0.0007375005660187797
90 0.0014401430029530283
92 0.0007296383478218761
93 0.0002302492435057135
95 0.00020538889347337336
97 0.0001204079350624512
102 0.0007820849235471108
103 0.0005978793779125625
114 0.0005941814615164285
119 0.0001544851386881615
120 0.0013946405666204024
124 0.00045619878530002813
129 0.0004724074680904385
130 0.00036808616347914477
132 0.00019350436353001335
136 0.00029565439233481325
140 0.001002976344823339
145 0.0004991223381462831
146 0.00036481917391093806
152 0.000953975571705261
159 0.0004226030848760234
161 0.0006469749241775125
163 0.0026998397772028133
167 0.0012740545047031217
168 0.00014742827313271942
169 0.0002663490497050791
172 0.00023913727761189357
173 0.0007096674962648366
174 0.0008222808541664426
176 0.0004576534865273853
183 0.0008128063180586093
185 0.00023389514674621796
189 0.0014265653564599955
195 0.00021509233277500263
200 0.0011332287175207113
214 0.0002477233572712043
235 0.000244549715989849
242 0.0015418690745441074
247 0.0012595133201682067
265 0.00024220853747341272
273 0.0003697439993427182
326 0.0005399624677752377
331 0.0009410519397369785
342 0.0004885960299787504
357 0.0007375005660187797
362 0.00029998219746697925
389 0.00045485323355897795
419 0.0007533803027405932
434 0.00032731777168967243
435 0.00044410039764801966
437 0.00043897349683716435
454 0.0038363630339787506
529 0.00044939008413828627
531 0.0012757885359843703
538 0.00037310999523034225
539 0.0010989713913451932
544 0.0005353974937352319
555 0.0006871708547968443
572 0.0005224082332437771
585 0.01355896928037192
586 0.0005759876441280593
587 0.0021290024887945097
589 0.004582021013441846
590 0.001531076418368639
623 0.0032235112656575585
624 0.004819306959877975
654 0.00038729823387417876
657 0.0009060445366416521
687 0.0005065284965219635
702 0.02891146466170252
718 0.002303950576512237
727 0.0005494856956725966
736 0.0039923748781517015
767 0.00040692219849536895
776 0.0004154682322153874
808 0.0017110178049221578
827 0.0067804227246653385
832 0.0012292167457893823
871 0.0007375005660187797
897 0.0005494856956725966
931 0.0008128063180586093
982 0.004703148022710772
984 0.0007533803027405932
985 0.0019543841199150015
1056 0.0012928806034244072
1067 0.0005544595315855724
1069 0.0003968214617715378
1103 0.0009387005947386255
1177 0.0006220145312703716
1194 0.0014460070044168896
1209 0.004192447684784265
1248 0.0005353974937352319
1269 0.0006007160688395344
1303 0.008585780145347348
1305 0.004881241983171408
1378 0.0018120890732833041
1411 0.0007533803027405932
1415 0.0007096674962648366
1419 0.0007375005660187797
1421 0.007115026517039195
1585 0.0007096674962648366
1588 0.002743301212223176
1591 0.0009060445366416521
1592 0.00306459171417018
1615 0.0006649717304210047
1817 0.0007533803027405932
1851 0.000953975571705261
1865 0.000953975571705261
1997 0.0007096674962648366
2003 0.005677339970118693
2023 0.0006220145312703716
2165 0.00906044536641652
2193 0.005213198024934008
2235 0.000790558501893244
2252 0.0007096674962648366
2288 0.045790827441852526
2339 0.002312803611816161
2473 0.0008688663374890013
2498 0.0009060445366416521
2543 0.000629765283625402
2551 0.0006554485025236457
2735 0.0007375005660187797
3019 0.000953975571705261
3046 0.0007709345372720537
3155 0.0007533803027405932
3169 0.006342311756491564
3206 0.0009060445366416521
3441 0.0016769790739137058
3566 0.0008384895369568529
3675 0.0020430611427801203
3698 0.0010215305713900601
3726 0.0010215305713900601
3744 0.0008384895369568529
3803 0.000953975571705261
3804 0.0009060445366416521
3911 0.0009060445366416521
4147 0.0008128063180586093
4152 0.0009060445366416521
4214 0.0008688663374890013
4257 0.0022740332122769364
4258 0.0011370166061384682
4259 0.0011370166061384682
4260 0.0022740332122769364
4261 0.0034110498184154047
4262 0.006822099636830809
4263 0.0017377326749780026
4264 0.0010215305713900601
4265 0.0011370166061384682
4266 0.0011370166061384682
4267 0.009096132849107746
4268 0.0010215305713900601
4269 0.008585780145347348
4270 0.0011370166061384682
4271 0.0010215305713900601
4272 0.0034110498184154047
4273 0.004548066424553873
4274 0.0034110498184154047
4275 0.023877348728907833
4276 0.014781215879800086
4277 0.0034110498184154047
4278 0.0022740332122769364
4279 0.0056850830306923415
4280 0.0056850830306923415
4281 0.0011370166061384682
4282 0.004548066424553873
4283 0.0022740332122769364
4284 0.0022740332122769364
4285 0.0022740332122769364
4286 0.0011370166061384682
4287 0.0011370166061384682
4288 0.0011370166061384682
4289 0.000953975571705261