0 0.00010360515709016387
6 0.00004532454385082448
8 0.000460498487011427
14 0.00026456709550368824
15 0.000055337193439289376
20 0.00014256349717722765
26 0.000013770385755530148
27 0.000013301102101113839
28 0.000009552780696291852
29 0.000010672856571901583
31 0.000016570580131739694
34 0.00011936985864893924
43 0.0001247963410453852
45 0.000011692308997607148
59 0.000012924366889422343
60 0.000025848733778844687
71 0.0006651316003801349
97 0.0000602039675312256
109 0.0015273403378139488
121 0.0002131283281512035
124 0.00045619878530002813
134 0.00020241617375177045
158 0.0003765453979632206
168 0.00004914275771090647
180 0.0005052002574614732
201 0.0007565800661254732
234 0.00038363630339787504
300 0.00015131149740680623
307 0.0003818350844534872
365 0.0010989713913451932
370 0.002110891560225504
442 0.00036481917391093806
502 0.0007709345372720537
525 0.0006220145312703716
530 0.0002736737953600468
613 0.0004176750344063272
618 0.0019543841199150015
624 0.0009638613919755949
625 0.0012757885359843703
668 0.001188362923032857
808 0.000570339268307386
868 0.0012440290625407432
1024 0.0009060445366416521
1491 0.001994915191263014
1676 0.00715071399973042
2044 0.0020430611427801203
2045 0.0008688663374890013
2100 0.0024384189541758277
3404 0.0009060445366416521
3786 0.000953975571705261
4290 0.0008384895369568529
4291 0.0008128063180586093
4292 0.006822099636830809
4293 0.007959116242969277
4294 0.0011370166061384682
4295 0.0011370166061384682
4296 0.0034110498184154047
4297 0.0034110498184154047