6 0.00009064908770164895
10 0.000010463329096806138
15 0.000055337193439289376
20 0.00014256349717722765
26 0.000013770385755530148
27 0.000013301102101113839
28 0.000009552780696291852
29 0.000010672856571901583
31 0.000016570580131739694
45 0.000011692308997607148
48 0.00014129003011415398
50 0.00009059173042602328
54 0.000160544392965215
59 0.000025848733778844687
60 0.000025848733778844687
97 0.0000602039675312256
101 0.0005353974937352319
108 0.0005085159291886202
111 0.0004724074680904385
125 0.00019006896079713502
133 0.0006495089459653231
134 0.00020241617375177045
139 0.0001247963410453852
153 0.00022952953988283507
159 0.00014086769495867446
160 0.001316920490511493
168 0.00004914275771090647
171 0.0004176750344063272
180 0.0002526001287307366
190 0.0005494856956725966
195 0.00021509233277500263
214 0.0014863401436272256
223 0.0010104005149229464
225 0.0005353974937352319
255 0.0009565491104475743
265 0.00024220853747341272
300 0.00045393449222041863
307 0.0003818350844534872
311 0.00033798452589909114
331 0.0003136839799123262
475 0.0002526001287307366
555 0.00034358542739842214
593 0.0007533803027405932
599 0.0004991223381462831
654 0.00038729823387417876
700 0.0003910424617735554
1119 0.000629765283625402
1625 0.0006554485025236457
1785 0.0011297522377733888
1926 0.0020430611427801203
2781 0.004086122285560241
4290 0.0008384895369568529
4291 0.0008128063180586093