0 0.00010360515709016387
6 0.00002266227192541224
8 0.0002302492435057135
10 0.00003138998729041841
15 0.000055337193439289376
24 0.00012749924599488326
26 0.000013770385755530148
27 0.00001995165315167076
28 0.000009552780696291852
29 0.000010672856571901583
31 0.000016570580131739694
34 0.00011936985864893924
45 0.000014615386247008935
50 0.00009059173042602328
59 0.000012924366889422343
60 0.000025848733778844687
69 0.0019272860409248883
79 0.0005759876441280593
97 0.0001204079350624512
132 0.00019350436353001335
134 0.00020241617375177045
139 0.00037438902313615557
143 0.0002681502686494669
144 0.0008345349136056791
168 0.00004914275771090647
174 0.0004111404270832213
180 0.0005052002574614732
195 0.00021509233277500263
198 0.0006464403017122036
201 0.0007565800661254732
222 0.0003748188423091808
247 0.0006297566600841033
276 0.0007394879986854364
300 0.00030262299481361246
302 0.00038363630339787504
307 0.0003818350844534872
375 0.0058694267586979695
376 0.002606599012467004
458 0.0003818350844534872
470 0.00044672424919219483
517 0.003306852276633069
585 0.0003987932141285859
601 0.0004176750344063272
618 0.001465788089936251
754 0.0006973202833102012
775 0.00036481917391093806
850 0.0024384189541758277
864 0.0009060445366416521
1047 0.0006146083728946911
1048 0.0007096674962648366
2651 0.000790558501893244
3996 0.0010215305713900601
4047 0.0010215305713900601
4051 0.001907951143410522
4132 0.0020430611427801203
4165 0.0009060445366416521
4290 0.0008384895369568529
4291 0.0008128063180586093
4298 0.004548066424553873
4299 0.0020430611427801203
4300 0.0011370166061384682
4301 0.0011370166061384682
4302 0.0011370166061384682
4303 0.0011370166061384682
4304 0.0011370166061384682
4305 0.0022740332122769364
4306 0.0011370166061384682
4307 0.0011370166061384682
4308 0.0011370166061384682
4309 0.0011370166061384682
4310 0.0011370166061384682
4311 0.0010215305713900601
4312 0.0011370166061384682
4313 0.0011370166061384682
4314 0.0011370166061384682
4315 0.0011370166061384682
4316 0.0011370166061384682
4317 0.0011370166061384682