6 0.00004532454385082448
8 0.000460498487011427
10 0.000010463329096806138
18 0.0003172930263603734
26 0.000013770385755530148
27 0.0000332527552527846
28 0.000014329171044437778
29 0.000021345713143803165
31 0.000038664686974059284
36 0.0008719771299737001
45 0.000011692308997607148
50 0.00004529586521301164
59 0.000012924366889422343
60 0.000025848733778844687
67 0.0006987623629892522
68 0.002014040672091664
69 0.002312743249109866
75 0.0012359615931136858
80 0.0003393671988105698
81 0.00033390404938987825
84 0.0016484570870177898
97 0.0001204079350624512
100 0.00014427673725646523
108 0.0002542579645943101
119 0.00046345541606448445
121 0.000426256656302407
122 0.0006156747509571849
125 0.00019006896079713502
136 0.0005913087846696265
143 0.0002681502686494669
144 0.0010431686420070989
159 0.0019721477294214426
168 0.00009828551542181294
172 0.00023913727761189357
180 0.0005052002574614732
185 0.00023389514674621796
189 0.0014265653564599955
200 0.0002833071793801778
201 0.0007565800661254732
202 0.00030783737547859243
259 0.0003407614423411458
300 0.00015131149740680623
328 0.0003260311928669616
369 0.0011089190631711448
370 0.002110891560225504
372 0.0003553858360236491
434 0.00032731777168967243
618 0.0019543841199150015
625 0.0006378942679921852
665 0.000953975571705261
806 0.00040692219849536895
1024 0.00453022268320826
1206 0.000953975571705261
1308 0.0014750011320375594
1725 0.015263609147284175
2037 0.0006378942679921852
2491 0.0008688663374890013
3890 0.007631804573642088
4290 0.004192447684784265
4291 0.004064031590293046
4318 0.0022740332122769364
4319 0.001907951143410522