0 0.00020721031418032774
2 0.0007264187840392248
6 0.00015863590347788565
9 0.00035235645930202465
10 0.00003138998729041841
20 0.00014256349717722765
26 0.000009180257170353432
27 0.000013301102101113839
28 0.00002388195174072963
29 0.00002668214142975396
31 0.000022094106842319594
34 0.00017905478797340885
36 0.00034879085198948
37 0.0003987932141285859
38 0.0004576534865273853
43 0.0002495926820907704
45 0.00000876923174820536
47 0.0002708891434150717
50 0.00009059173042602328
55 0.0004520992678889995
56 0.00034358542739842214
59 0.000006462183444711172
60 0.000012924366889422343
91 0.00046926799994623984
97 0.0001204079350624512
100 0.00014427673725646523
108 0.0002542579645943101
119 0.000308970277376323
122 0.0009235121264357772
124 0.00022809939265001406
125 0.00038013792159427004
131 0.0013299434608420094
139 0.0001247963410453852
153 0.00022952953988283507
161 0.00032348746208875627
167 0.0003185136261757804
168 0.00004914275771090647
180 0.0002526001287307366
186 0.0008138443969907379
224 0.0015548825075002222
232 0.0005182941691667408
247 0.0003148783300420517
252 0.00021183173694126436
262 0.0003464581042452242
266 0.0003010819448897304
302 0.0007672726067957501
304 0.0014215433440945965
306 0.003388908581668985
343 0.000867999321848377
352 0.000514279248876994
356 0.0005266264618316295
417 0.0003600357507382571
442 0.0007296383478218761
464 0.0011297522377733888
475 0.0005052002574614732
479 0.000629765283625402
509 0.004308258840912184
530 0.0005473475907200936
549 0.0005759876441280593
678 0.000629765283625402
711 0.010801159474317375
775 0.0007296383478218761
776 0.0004154682322153874
787 0.0007230035022084448
881 0.000629765283625402
949 0.0014193349925296732
1142 0.00040280813441833274
1305 0.003486601416551006
1345 0.0009060445366416521
1428 0.002743301212223176
1430 0.0010215305713900601
1501 0.0007230035022084448
1521 0.0005878935028388465
1641 0.002718133609924956
1860 0.008696143520825683
1913 0.0010215305713900601
1985 0.0024384189541758277
2158 0.005436267219849912
2763 0.001581117003786488
3194 0.0009060445366416521
3680 0.000953975571705261
3998 0.000953975571705261
4291 0.003251225272234437
4320 0.0022740332122769364
4321 0.0011370166061384682
4322 0.004548066424553873
4323 0.006822099636830809
4324 0.003815902286821044
4325 0.0011370166061384682
4326 0.0011370166061384682
4327 0.0011370166061384682
4328 0.0011370166061384682
4329 0.0010215305713900601
4330 0.0011370166061384682
4331 0.0011370166061384682
4332 0.0011370166061384682
4333 0.0011370166061384682