6 0.0000679868157762367
8 0.0006907477305171405
10 0.000020926658193612276
15 0.000055337193439289376
20 0.00014256349717722765
26 0.000009180257170353432
27 0.0000066505510505569195
28 0.000014329171044437778
29 0.000016009284857852372
30 0.00008005552081252168
31 0.000022094106842319594
32 0.0001446627800658901
34 0.00005968492932446962
45 0.00000876923174820536
48 0.00028258006022830796
50 0.00004529586521301164
51 0.0026120411662188853
52 0.0016528512645919312
53 0.0005828723274939218
54 0.00064217757186086
59 0.000006462183444711172
60 0.000012924366889422343
71 0.00033256580019006747
91 0.00023463399997311992
93 0.0011512462175285675
97 0.0000602039675312256
98 0.001195558646218361
100 0.00014427673725646523
103 0.00008541133970179466
122 0.0015391868773929622
124 0.00022809939265001406
134 0.0004048323475035409
136 0.00029565439233481325
140 0.0002005952689646678
144 0.0022949710124156174
159 0.00014086769495867446
162 0.0003800531302520963
168 0.00004914275771090647
170 0.00043897349683716435
180 0.0002526001287307366
185 0.00023389514674621796
201 0.0003782900330627366
202 0.00030783737547859243
223 0.0005052002574614732
241 0.000466348213813385
247 0.0003148783300420517
282 0.0010215305713900601
300 0.001361803476661256
301 0.001510664136289202
303 0.0004090179636081414
304 0.0003553858360236491
309 0.001053252923663259
311 0.00033798452589909114
327 0.00047869542676802046
423 0.000953975571705261
430 0.00033256580019006747
475 0.0002526001287307366
502 0.0007709345372720537
671 0.0003910424617735554
691 0.00038363630339787504
790 0.0006649717304210047
812 0.0015067606054811865
1476 0.0024584334915787646
1520 0.000570339268307386
1540 0.000685825303055794
1711 0.0007533803027405932
1808 0.0006007160688395344
1963 0.0013946405666204024
2582 0.0008688663374890013
3603 0.0010215305713900601
4290 0.0025154686108705584
4291 0.0024384189541758277
4334 0.0011370166061384682
4335 0.0034110498184154047