0 0.00020721031418032774
5 0.0001350647307564619
6 0.0000679868157762367
10 0.00003138998729041841
15 0.0002213487737571575
17 0.0004875313243364415
20 0.00014256349717722765
25 0.00004914275771090647
26 0.000013770385755530148
27 0.000013301102101113839
28 0.00002388195174072963
29 0.000016009284857852372
31 0.000011047053421159797
32 0.00007233139003294505
34 0.0002984246466223481
36 0.00017439542599474
45 0.00000876923174820536
50 0.00004529586521301164
51 0.0015672246997313311
52 0.0011806080461370938
53 0.0017486169824817651
54 0.0004816331788956449
59 0.000006462183444711172
60 0.000025848733778844687
71 0.0006651316003801349
72 0.0014789759973708727
76 0.00023762262054737309
91 0.00046926799994623984
95 0.00006846296449112447
96 0.00007121693016110292
97 0.0000602039675312256
119 0.00046345541606448445
125 0.00019006896079713502
146 0.00036481917391093806
168 0.00014742827313271942
170 0.00043897349683716435
180 0.0002526001287307366
202 0.00030783737547859243
219 0.0003616150149759352
221 0.0008180359272162828
222 0.0007496376846183616
246 0.0005399624677752377
252 0.00021183173694126436
255 0.0019130982208951485
262 0.0003464581042452242
265 0.00048441707494682545
300 0.00045393449222041863
304 0.0017769291801182456
306 0.0022592723877793235
309 0.0052662646183162945
370 0.0004221783120451008
414 0.0006075174674600367
444 0.0005878935028388465
475 0.0005052002574614732
555 0.0006871708547968443
601 0.0004176750344063272
767 0.00040692219849536895
776 0.0004154682322153874
1013 0.0010989713913451932
1014 0.0011370166061384682
1015 0.0011370166061384682
1016 0.0011370166061384682
1017 0.0011370166061384682
1018 0.0011370166061384682
1019 0.0010215305713900601
1020 0.0008128063180586093
1021 0.0011370166061384682