6 0.00009064908770164895
20 0.00014256349717722765
26 0.000009180257170353432
27 0.0000066505510505569195
28 0.000009552780696291852
29 0.000010672856571901583
31 0.000027617633552899494
43 0.0001247963410453852
45 0.000011692308997607148
50 0.00004529586521301164
59 0.000006462183444711172
60 0.000012924366889422343
124 0.0009123975706000563
125 0.00019006896079713502
153 0.00022952953988283507
167 0.0003185136261757804
180 0.0007578003861922098
217 0.0004477623281243235
247 0.0003148783300420517
252 0.00021183173694126436
262 0.0003464581042452242
276 0.0007394879986854364
300 0.0007565574870340312
331 0.0003136839799123262
458 0.0003818350844534872
496 0.0003493811814946261
530 0.0002736737953600468
573 0.0004885960299787504
788 0.0036241781465666083
1562 0.0006220145312703716
1563 0.0006075174674600367
2775 0.0007230035022084448
2922 0.000790558501893244
4290 0.0016769790739137058
4291 0.0016256126361172186
4336 0.0011370166061384682
4337 0.0011370166061384682