5 0.0001350647307564619
6 0.00009064908770164895
8 0.000460498487011427
10 0.00006277997458083683
15 0.0002766859671964469
25 0.00004914275771090647
26 0.000018360514340706863
27 0.000053204408404455356
28 0.00002388195174072963
29 0.000021345713143803165
30 0.00016011104162504336
31 0.000027617633552899494
34 0.00011936985864893924
41 0.00037451852604211916
42 0.00029780424319051263
43 0.0002495926820907704
44 0.00015086301495667102
45 0.000011692308997607148
50 0.00031707105649108144
59 0.000025848733778844687
60 0.000038773100668267026
75 0.0009269711948352643
80 0.0006787343976211396
90 0.0003600357507382571
92 0.0007296383478218761
93 0.000460498487011427
97 0.0001204079350624512
100 0.0004328302117693956
108 0.0002542579645943101
119 0.0007724256934408075
138 0.0005999643949339585
139 0.0001247963410453852
158 0.0003765453979632206
167 0.0022295953832304626
168 0.00004914275771090647
172 0.00047827455522378713
195 0.00021509233277500263
200 0.0002833071793801778
201 0.0003782900330627366
251 0.0003066922772966927
263 0.000790558501893244
265 0.00024220853747341272
274 0.000629765283625402
301 0.0002517773560482004
361 0.0004605016093796513
362 0.00029998219746697925
377 0.011300704541108899
430 0.0006651316003801349
438 0.0014193349925296732
550 0.00040280813441833274
613 0.0004176750344063272
625 0.0012757885359843703
635 0.0005182941691667408
700 0.0003910424617735554
716 0.0027291194013538676
742 0.00040692219849536895
797 0.0004755217854866652
825 0.0025154686108705584
826 0.00790558501893244
853 0.0005494856956725966
870 0.0006075174674600367
1029 0.0016256126361172186
1165 0.0024384189541758277
1265 0.0033539581478274115
1389 0.00306459171417018
2019 0.0010215305713900601
2245 0.0008128063180586093
2313 0.004183921699861207
2975 0.000953975571705261
3001 0.0009060445366416521
3208 0.0020430611427801203
3991 0.000953975571705261
4225 0.00715071399973042
4338 0.028425415153461708
4339 0.011370166061384683
4340 0.007959116242969277
4341 0.0010215305713900601
4342 0.0010215305713900601
4343 0.0011370166061384682