5 0.0001350647307564619
6 0.00015863590347788565
8 0.001381495461034281
10 0.00003138998729041841
15 0.0002766859671964469
23 0.0003835556157519472
24 0.00012749924599488326
25 0.00014742827313271942
26 0.000027540771511060296
27 0.00001995165315167076
28 0.000014329171044437778
29 0.000010672856571901583
31 0.000022094106842319594
34 0.00017905478797340885
36 0.00052318627798422
45 0.00001753846349641072
49 0.0002231883932943071
50 0.00009059173042602328
59 0.000006462183444711172
60 0.00006462183444711171
71 0.00033256580019006747
93 0.000460498487011427
97 0.0000602039675312256
100 0.00014427673725646523
102 0.0003910424617735554
103 0.00008541133970179466
119 0.0009269108321289689
123 0.0005818342485617932
139 0.0001247963410453852
140 0.0002005952689646678
200 0.0005666143587603556
201 0.0003782900330627366
202 0.00030783737547859243
220 0.0005399624677752377
252 0.00021183173694126436
266 0.0003010819448897304
339 0.007145023285720314
398 0.0003632093920196124
402 0.00975367581670331
442 0.00036481917391093806
479 0.0018892958508762061
496 0.0003493811814946261
743 0.0003800531302520963
793 0.0005759876441280593
1065 0.0008830344552307394
1160 0.01064501244397255
1687 0.001371650606111588
1979 0.0005818342485617932
2023 0.0006220145312703716
2233 0.00906044536641652
2313 0.0020919608499306037
2960 0.0008128063180586093
3000 0.0010215305713900601
3599 0.0010215305713900601
4344 0.0022740332122769364
4345 0.0011370166061384682
4346 0.0011370166061384682
4347 0.0011370166061384682
4348 0.0022740332122769364
4349 0.0011370166061384682