0 0.00010360515709016387
5 0.0004051941922693857
6 0.00015863590347788565
10 0.00004185331638722455
15 0.00016601158031786812
25 0.00004914275771090647
26 0.000013770385755530148
27 0.000013301102101113839
28 0.00002388195174072963
29 0.000021345713143803165
31 0.000016570580131739694
32 0.0001446627800658901
34 0.00005968492932446962
43 0.0001247963410453852
44 0.00015086301495667102
45 0.000005846154498803574
50 0.00004529586521301164
51 0.0005224082332437771
52 0.0033057025291838623
53 0.0029143616374696086
54 0.00032108878593043
57 0.00018016835758640515
59 0.000012924366889422343
60 0.000012924366889422343
87 0.0011042584904374343
90 0.0003600357507382571
91 0.00046926799994623984
93 0.000460498487011427
95 0.00027385185796449787
96 0.00028486772064441167
97 0.0000602039675312256
98 0.003885565600209673
100 0.00014427673725646523
101 0.0005353974937352319
102 0.0019552123088677773
103 0.000256234019105384
108 0.0002542579645943101
122 0.0009235121264357772
125 0.00019006896079713502
130 0.00036808616347914477
132 0.00019350436353001335
139 0.0002495926820907704
142 0.000904198535777999
143 0.0002681502686494669
163 0.0005999643949339585
172 0.00023913727761189357
185 0.00023389514674621796
203 0.0012547359196493047
214 0.0017340635008984298
220 0.0010799249355504753
223 0.0005052002574614732
255 0.00023913727761189357
264 0.000570339268307386
300 0.0010591804818476434
312 0.0004885960299787504
331 0.0003136839799123262
362 0.00029998219746697925
434 0.00032731777168967243
475 0.0002526001287307366
728 0.002312803611816161
743 0.0003800531302520963
851 0.00046935029736931276
924 0.0012757885359843703
943 0.0007096674962648366
1088 0.0006649717304210047
1105 0.0007533803027405932
1122 0.000685825303055794
1123 0.000685825303055794
1472 0.0014193349925296732
1745 0.0020430611427801203
1767 0.0014193349925296732
2035 0.007230035022084448
4350 0.0011370166061384682