5 0.0001350647307564619
6 0.00009064908770164895
8 0.0002302492435057135
10 0.00003138998729041841
14 0.0007937012865110646
15 0.00011067438687857875
17 0.00024376566216822076
20 0.00014256349717722765
23 0.0001917778078759736
25 0.00014742827313271942
26 0.000009180257170353432
27 0.00001995165315167076
28 0.00002388195174072963
29 0.00002668214142975396
30 0.00008005552081252168
31 0.000022094106842319594
32 0.00021699417009883517
34 0.00005968492932446962
36 0.00034879085198948
41 0.00037451852604211916
42 0.00029780424319051263
44 0.00015086301495667102
45 0.000005846154498803574
50 0.00004529586521301164
52 0.0030695809199564436
53 0.0002914361637469609
54 0.0004816331788956449
55 0.0004520992678889995
59 0.000012924366889422343
60 0.000006462183444711172
74 0.0001314382268441069
95 0.0006846296449112446
96 0.0006409523714499261
97 0.0000602039675312256
98 0.00029888966155459023
103 0.00034164535880717864
119 0.0001544851386881615
124 0.0006842981779500422
130 0.0022085169808748685
132 0.00058051309059004
139 0.0002495926820907704
144 0.0016690698272113582
151 0.0003393671988105698
167 0.0003185136261757804
168 0.00004914275771090647
195 0.00021509233277500263
241 0.00093269642762677
247 0.002833904970378465
297 0.00044939008413828627
298 0.0004991223381462831
299 0.0003209819843539111
333 0.0007709345372720537
398 0.0003632093920196124
430 0.00033256580019006747
463 0.0006075174674600367
479 0.000629765283625402
491 0.0016633785947567173
610 0.0005759876441280593
840 0.0005027842686225869
843 0.0014750011320375594
856 0.0013501449342896718
1072 0.0005544595315855724
1212 0.0008688663374890013
1236 0.0016769790739137058
1412 0.0005648761188866944
1874 0.000629765283625402
2144 0.0016256126361172186
3018 0.0018120890732833041
3506 0.0017377326749780026
3821 0.0008384895369568529
4351 0.002861926715115783
4359 0.021603315516630896
4360 0.0011370166061384682
4361 0.0010215305713900601
4362 0.0020430611427801203
4363 0.0010215305713900601
4364 0.0011370166061384682
4365 0.0022740332122769364
4366 0.0010215305713900601
4367 0.0011370166061384682
4368 0.0011370166061384682