5 0.0001350647307564619
6 0.0000679868157762367
10 0.00004185331638722455
15 0.0004980347409536044
17 0.00024376566216822076
23 0.0003835556157519472
24 0.00012749924599488326
25 0.00009828551542181294
26 0.000013770385755530148
27 0.000053204408404455356
28 0.00002388195174072963
29 0.000032018569715704745
30 0.00008005552081252168
31 0.000022094106842319594
32 0.0001446627800658901
34 0.00023873971729787848
36 0.00017439542599474
37 0.005981898211928789
41 0.00018725926302105958
42 0.00029780424319051263
45 0.000005846154498803574
50 0.0001358875956390349
56 0.00034358542739842214
59 0.000019386550334133513
60 0.000012924366889422343
74 0.0001314382268441069
76 0.00023762262054737309
87 0.00036808616347914477
95 0.0008215555738934935
96 0.000783386231772132
97 0.0001204079350624512
100 0.0005771069490258609
103 0.00008541133970179466
119 0.0001544851386881615
123 0.0005818342485617932
134 0.0004048323475035409
135 0.0005446560494091424
139 0.0004991853641815408
161 0.00032348746208875627
163 0.00029998219746697925
168 0.00004914275771090647
175 0.00028530254609905744
180 0.0005052002574614732
200 0.0002833071793801778
203 0.0003136839799123262
224 0.0005182941691667408
225 0.0005353974937352319
226 0.0010365883383334816
250 0.0005878935028388465
300 0.0010591804818476434
301 0.0010071094241928015
302 0.00230181782038725
325 0.008779469936743287
339 0.01633148179593215
360 0.0005309542669637955
372 0.0003553858360236491
382 0.0008128063180586093
430 0.00033256580019006747
464 0.0005648761188866944
496 0.0003493811814946261
654 0.00038729823387417876
680 0.0005309542669637955
707 0.0007375005660187797
725 0.000685825303055794
730 0.003932691015141874
743 0.0011401593907562888
776 0.0004154682322153874
787 0.0007230035022084448
917 0.000953975571705261
1110 0.000685825303055794
1265 0.0008384895369568529
1412 0.0005648761188866944
1559 0.0012150349349200735
1576 0.0007533803027405932
3079 0.0016256126361172186
3496 0.0008128063180586093
4369 0.017055249092077025
4370 0.001907951143410522
4371 0.0011370166061384682
4372 0.035753569998652104
4373 0.0056850830306923415
4374 0.0056850830306923415
4375 0.0022740332122769364
4376 0.0011370166061384682
4377 0.0011370166061384682
4378 0.0011370166061384682