6 0.0000679868157762367
10 0.000010463329096806138
15 0.00016601158031786812
21 0.0006220145312703716
25 0.00004914275771090647
26 0.000009180257170353432
27 0.00001995165315167076
28 0.000009552780696291852
29 0.000010672856571901583
30 0.00016011104162504336
31 0.000011047053421159797
32 0.0001446627800658901
45 0.000005846154498803574
50 0.00009059173042602328
52 0.0004722432184548375
53 0.0005828723274939218
54 0.000160544392965215
55 0.0004520992678889995
57 0.00018016835758640515
59 0.000012924366889422343
60 0.000012924366889422343
93 0.0002302492435057135
95 0.0005477037159289957
96 0.0005697354412888233
100 0.00014427673725646523
102 0.0003910424617735554
132 0.00019350436353001335
137 0.000570339268307386
139 0.0001247963410453852
143 0.0002681502686494669
168 0.00004914275771090647
169 0.0002663490497050791
171 0.0004176750344063272
172 0.00023913727761189357
175 0.00028530254609905744
185 0.0004677902934924359
213 0.00036481917391093806
214 0.0002477233572712043
217 0.0006716434921864852
220 0.0005399624677752377
223 0.0002526001287307366
278 0.0009982446762925661
279 0.0012928806034244072
300 0.0007565574870340312
328 0.0003260311928669616
331 0.0015684198995616308
399 0.0008384895369568529
415 0.001994915191263014
430 0.0006651316003801349
434 0.0013092710867586897
463 0.003037587337300184
496 0.0003493811814946261
530 0.0002736737953600468
661 0.003932691015141874
743 0.0007601062605041926
927 0.0010215305713900601
945 0.0006750724671448359
1154 0.0013946405666204024
1252 0.001140678536614772
1282 0.0005544595315855724
1701 0.0007533803027405932
2031 0.002606599012467004
2244 0.003083738149088215
2475 0.0007096674962648366
4379 0.0022740332122769364