0 0.00010360515709016387
1 0.0005494856956725966
3 0.00044939008413828627
4 0.0036070972276271897
6 0.00015863590347788565
7 0.0014154570504836188
8 0.000460498487011427
9 0.001057069377906074
10 0.00005231664548403069
11 0.0013323011929440589
15 0.00011067438687857875
18 0.0009518790790811201
23 0.0001917778078759736
25 0.00004914275771090647
26 0.000018360514340706863
27 0.000026602204202227678
28 0.000009552780696291852
29 0.000016009284857852372
30 0.00008005552081252168
31 0.000016570580131739694
34 0.00005968492932446962
36 0.00017439542599474
37 0.0003987932141285859
38 0.0004576534865273853
39 0.0008688663374890013
40 0.0008688663374890013
42 0.0005956084863810253
45 0.000011692308997607148
47 0.0002708891434150717
52 0.0014167296553645125
54 0.000160544392965215
59 0.000006462183444711172
60 0.000038773100668267026
80 0.0006787343976211396
81 0.0006678080987797565
93 0.0002302492435057135
116 0.0010707949874704638
119 0.000308970277376323
122 0.00030783737547859243
141 0.0005103588061228796
144 0.0008345349136056791
151 0.0003393671988105698
159 0.00014086769495867446
168 0.00004914275771090647
172 0.00023913727761189357
195 0.00043018466555000526
265 0.00024220853747341272
297 0.00044939008413828627
298 0.001497367014438849
299 0.002567855874831289
308 0.001061908533927591
310 0.002743301212223176
325 0.00043897349683716435
328 0.0003260311928669616
446 0.0008353500688126544
449 0.0012804200898042838
585 0.0003987932141285859
589 0.0015273403378139488
759 0.0008384895369568529
1142 0.0008056162688366655
1828 0.0008688663374890013
1835 0.0009060445366416521
4380 0.0022740332122769364
4381 0.0011370166061384682