0 0.00010360515709016387
5 0.0005402589230258477
15 0.0003873603540750256
17 0.00024376566216822076
20 0.00014256349717722765
23 0.0001917778078759736
24 0.00012749924599488326
25 0.00014742827313271942
26 0.000018360514340706863
27 0.0000332527552527846
28 0.000004776390348145926
29 0.000005336428285950791
31 0.000027617633552899494
34 0.00005968492932446962
45 0.000011692308997607148
48 0.00028258006022830796
49 0.0004463767865886142
59 0.000032310917223555856
60 0.000038773100668267026
90 0.0003600357507382571
93 0.0002302492435057135
97 0.0001204079350624512
100 0.00014427673725646523
108 0.0002542579645943101
119 0.00046345541606448445
124 0.0006842981779500422
132 0.00019350436353001335
136 0.0005913087846696265
139 0.00037438902313615557
144 0.0020863372840141978
146 0.00036481917391093806
148 0.007107709884740488
168 0.00014742827313271942
171 0.0016707001376253087
172 0.00023913727761189357
195 0.00021509233277500263
247 0.0003148783300420517
266 0.0006021638897794608
267 0.0005494856956725966
300 0.0007565574870340312
331 0.001882103879473957
392 0.00047869542676802046
442 0.00036481917391093806
455 0.001399044641440155
493 0.0011519752882561186
554 0.0003600357507382571
701 0.000570339268307386
703 0.0019964893525851323
704 0.0008688663374890013
727 0.0005494856956725966
743 0.0003800531302520963
799 0.003026320264501893
806 0.0036622997864583203
865 0.0004520992678889995
866 0.0008688663374890013
871 0.0007375005660187797
930 0.0005648761188866944
945 0.0006750724671448359
986 0.003324858652105023
1035 0.0014750011320375594
1055 0.000953975571705261
1060 0.0005544595315855724
1069 0.0007936429235430756
1075 0.002659886921684019
1099 0.0006146083728946911
1104 0.0006554485025236457
1142 0.0008056162688366655
1161 0.017954236721367124
1181 0.0005266264618316295
1242 0.0005648761188866944
1477 0.0021979427826903865
1571 0.0006378942679921852
1599 0.0037320871876222296
1687 0.000685825303055794
1994 0.0006075174674600367
2203 0.0009060445366416521
2204 0.011300704541108899
2207 0.0056896442264102644
2543 0.000629765283625402
2570 0.0005595864323964277
2790 0.0009060445366416521
2878 0.0008688663374890013
3321 0.000953975571705261
3448 0.0008128063180586093
3748 0.002718133609924956
4382 0.000953975571705261
4383 0.004086122285560241
4384 0.0022740332122769364
4385 0.0011370166061384682
4386 0.0020430611427801203
4387 0.0011370166061384682
4388 0.0011370166061384682
4389 0.0011370166061384682
4390 0.0011370166061384682