10 0.00007324330367764296
13 0.0003124981305672972
17 0.00024376566216822076
25 0.00004914275771090647
26 0.00002295064292588358
27 0.000013301102101113839
28 0.000009552780696291852
29 0.000010672856571901583
30 0.00016011104162504336
31 0.000016570580131739694
34 0.00005968492932446962
36 0.00017439542599474
45 0.00001753846349641072
48 0.00014129003011415398
50 0.00004529586521301164
59 0.000006462183444711172
60 0.00005169746755768937
67 0.0013975247259785043
68 0.001611232537673331
71 0.00033256580019006747
76 0.00047524524109474617
95 0.00013692592898224894
96 0.00014243386032220583
97 0.0000602039675312256
98 0.0005977793231091805
108 0.0002542579645943101
119 0.000308970277376323
124 0.00045619878530002813
134 0.00020241617375177045
142 0.001808397071555998
144 0.00041726745680283956
157 0.0034291265152789703
168 0.00004914275771090647
185 0.0004677902934924359
200 0.0002833071793801778
202 0.00030783737547859243
214 0.0002477233572712043
222 0.0011244565269275424
223 0.0005052002574614732
255 0.0011956863880594679
271 0.0004415172276153697
276 0.0007394879986854364
301 0.0010071094241928015
302 0.001150908910193625
354 0.0004955391650005044
365 0.0005494856956725966
389 0.00045485323355897795
455 0.00093269642762677
458 0.0007636701689069744
481 0.0004339996609241885
496 0.0003493811814946261
538 0.00037310999523034225
550 0.00040280813441833274
555 0.00034358542739842214
585 0.0003987932141285859
618 0.003908768239830003
625 0.0006378942679921852
671 0.0003910424617735554
744 0.0005544595315855724
767 0.00040692219849536895
775 0.0007296383478218761
923 0.001140678536614772
942 0.0012928806034244072
1022 0.0011370166061384682
1023 0.0011370166061384682
1024 0.002718133609924956
1025 0.000953975571705261
1026 0.0008688663374890013
1027 0.0007230035022084448
1028 0.0011370166061384682
1029 0.0008128063180586093
1030 0.0011370166061384682
1031 0.0006554485025236457