6 0.00009064908770164895
7 0.0014154570504836188
8 0.000920996974022854
10 0.00005231664548403069
15 0.000055337193439289376
17 0.0004875313243364415
25 0.00004914275771090647
26 0.000009180257170353432
27 0.000013301102101113839
28 0.000028658342088875557
29 0.000032018569715704745
30 0.00008005552081252168
31 0.000027617633552899494
32 0.0001446627800658901
34 0.00005968492932446962
36 0.00017439542599474
41 0.00018725926302105958
42 0.0008934127295715378
43 0.00037438902313615557
44 0.000452589044870013
45 0.000005846154498803574
50 0.00009059173042602328
59 0.000012924366889422343
60 0.000012924366889422343
65 0.000466348213813385
71 0.00033256580019006747
74 0.0001314382268441069
87 0.00036808616347914477
90 0.0003600357507382571
95 0.0003423148224556223
96 0.00035608465080551457
100 0.00014427673725646523
109 0.0026728455911744103
119 0.0001544851386881615
130 0.00036808616347914477
132 0.0013545305447100933
144 0.0010431686420070989
168 0.00004914275771090647
172 0.00023913727761189357
176 0.0004576534865273853
198 0.0006464403017122036
201 0.0003782900330627366
203 0.0003136839799123262
247 0.002833904970378465
251 0.0003066922772966927
271 0.0013245516828461089
324 0.0006554485025236457
365 0.0005494856956725966
370 0.0012665349361353025
384 0.00047869542676802046
392 0.00047869542676802046
395 0.0006378942679921852
497 0.0013401727475765846
538 0.0011193299856910267
550 0.00040280813441833274
576 0.0005759876441280593
589 0.0015273403378139488
610 0.0005759876441280593
618 0.0004885960299787504
624 0.0024096534799389873
668 0.002376725846065714
697 0.002351574011355386
713 0.0038812167210990067
734 0.0005027842686225869
735 0.0005941814615164285
775 0.0014592766956437523
1025 0.002861926715115783
1142 0.00040280813441833274
1149 0.0007096674962648366
1243 0.0005878935028388465
1433 0.00395279250946622
1495 0.0025857612068488143
1642 0.0018438251186840733
1824 0.0008384895369568529
1866 0.0008384895369568529
2045 0.0008688663374890013
2283 0.00838489536956853
2383 0.000953975571705261
2603 0.0009060445366416521
4391 0.0034110498184154047
4392 0.0022740332122769364
4393 0.0022740332122769364
4394 0.0022740332122769364
4395 0.005213198024934008
4396 0.0011370166061384682
4397 0.0011370166061384682
4398 0.0011370166061384682
4399 0.0011370166061384682
4400 0.0011370166061384682
4401 0.0011370166061384682
4402 0.0011370166061384682