6 0.0001812981754032979
10 0.00006277997458083683
15 0.0002213487737571575
17 0.00024376566216822076
22 0.0005595864323964277
24 0.00012749924599488326
25 0.00009828551542181294
26 0.000009180257170353432
27 0.00004655385735389843
28 0.000014329171044437778
29 0.000016009284857852372
30 0.00016011104162504336
31 0.000027617633552899494
32 0.0001446627800658901
34 0.00017905478797340885
42 0.00029780424319051263
43 0.0001247963410453852
44 0.00015086301495667102
45 0.000005846154498803574
49 0.0008927535731772284
50 0.0002717751912780698
59 0.000012924366889422343
60 0.000012924366889422343
67 0.0006987623629892522
80 0.0016968359940528492
89 0.006083721466183641
93 0.0002302492435057135
95 0.0003423148224556223
96 0.00035608465080551457
97 0.0002408158701249024
103 0.00017082267940358932
110 0.0003600357507382571
119 0.000308970277376323
125 0.00038013792159427004
134 0.00020241617375177045
136 0.00029565439233481325
139 0.0001247963410453852
153 0.00022952953988283507
159 0.00014086769495867446
163 0.00029998219746697925
168 0.00004914275771090647
195 0.00021509233277500263
200 0.0002833071793801778
210 0.0005494856956725966
217 0.00022388116406216174
220 0.0005399624677752377
235 0.000244549715989849
266 0.0003010819448897304
276 0.0007394879986854364
303 0.003272143708865131
327 0.00047869542676802046
328 0.0003260311928669616
452 0.007559474548853326
481 0.0004339996609241885
482 0.002819656940928329
572 0.0005224082332437771
585 0.0003987932141285859
601 0.0004176750344063272
679 0.000685825303055794
723 0.0007709345372720537
735 0.0005941814615164285
865 0.0013562978036669984
1110 0.000685825303055794
1160 0.0007096674962648366
1265 0.0033539581478274115
1415 0.011354679940237386
1571 0.0006378942679921852
1596 0.010574247031596318
1642 0.0006146083728946911
1658 0.0009060445366416521
1757 0.001966345507570937
1799 0.0007709345372720537
2339 0.0007709345372720537
2381 0.004344331687445007
4403 0.0009060445366416521
4404 0.0020430611427801203