6 0.00009064908770164895
10 0.000020926658193612276
14 0.00026456709550368824
15 0.0002766859671964469
21 0.0006220145312703716
22 0.0005595864323964277
24 0.00012749924599488326
25 0.00019657103084362587
26 0.000009180257170353432
27 0.000026602204202227678
28 0.00002388195174072963
29 0.000016009284857852372
30 0.00008005552081252168
31 0.000011047053421159797
32 0.0001446627800658901
34 0.00005968492932446962
36 0.00017439542599474
45 0.000005846154498803574
46 0.00032731777168967243
47 0.0002708891434150717
48 0.00014129003011415398
49 0.0004463767865886142
50 0.00009059173042602328
52 0.00023612160922741876
53 0.0002914361637469609
55 0.000904198535777999
59 0.000006462183444711172
60 0.000012924366889422343
67 0.0003493811814946261
68 0.00040280813441833274
87 0.00036808616347914477
95 0.00020538889347337336
96 0.00021365079048330874
97 0.0000602039675312256
103 0.00008541133970179466
119 0.0007724256934408075
132 0.00019350436353001335
133 0.00032475447298266157
134 0.0004048323475035409
136 0.00029565439233481325
139 0.0001247963410453852
143 0.0005363005372989338
159 0.0004226030848760234
161 0.00032348746208875627
186 0.0012207665954861067
203 0.0003136839799123262
220 0.0010799249355504753
223 0.0002526001287307366
331 0.0003136839799123262
367 0.0005759876441280593
434 0.00032731777168967243
435 0.00044410039764801966
458 0.0003818350844534872
550 0.001611232537673331
616 0.0025154686108705584
743 0.0007601062605041926
783 0.0013299434608420094
799 0.0003782900330627366
806 0.002848455389467582
945 0.0006750724671448359
975 0.008871352505369159
985 0.0009771920599575008
988 0.0014193349925296732
1104 0.0006554485025236457
1325 0.0005544595315855724
1599 0.0018660435938111148
1687 0.000685825303055794
1711 0.0007533803027405932
1714 0.0006750724671448359
1947 0.0008688663374890013
1979 0.0005818342485617932
2204 0.00226014090822178
2273 0.002743301212223176
2570 0.0011191728647928555
2589 0.0008688663374890013
2919 0.0018120890732833041
3109 0.0018120890732833041
4405 0.0011370166061384682