0 0.00010360515709016387
5 0.0002701294615129238
6 0.00009064908770164895
10 0.00004185331638722455
18 0.0003172930263603734
20 0.00014256349717722765
23 0.0001917778078759736
25 0.0002457137885545324
26 0.000009180257170353432
27 0.00001995165315167076
28 0.000014329171044437778
29 0.000016009284857852372
30 0.00016011104162504336
31 0.000016570580131739694
32 0.00021699417009883517
33 0.003328652498406656
34 0.00005968492932446962
41 0.00018725926302105958
45 0.000005846154498803574
47 0.0002708891434150717
48 0.00028258006022830796
49 0.0002231883932943071
50 0.00009059173042602328
52 0.0023612160922741876
53 0.0008743084912408826
54 0.000160544392965215
59 0.000012924366889422343
60 0.000006462183444711172
97 0.0000602039675312256
100 0.00014427673725646523
103 0.00008541133970179466
132 0.00019350436353001335
168 0.00004914275771090647
203 0.0006273679598246524
221 0.001227053890824424
222 0.0011244565269275424
299 0.002567855874831289
309 0.0031597587709897763
470 0.00044672424919219483
544 0.0005353974937352319
584 0.004183921699861207
591 0.0005818342485617932
654 0.00038729823387417876
840 0.0015083528058677605
1013 0.0010989713913451932
1020 0.0016256126361172186
1337 0.0005353974937352319
3163 0.0016769790739137058
3608 0.0010215305713900601
4406 0.0011370166061384682
4407 0.0011370166061384682
4408 0.0011370166061384682
4409 0.0011370166061384682
4410 0.0011370166061384682