5 0.0001350647307564619
6 0.00004532454385082448
10 0.000020926658193612276
13 0.0006249962611345944
14 0.00026456709550368824
15 0.000055337193439289376
24 0.0002549984919897665
25 0.00004914275771090647
26 0.000009180257170353432
27 0.00001995165315167076
28 0.000019105561392583703
29 0.000010672856571901583
30 0.00008005552081252168
31 0.00004418821368463919
34 0.0002984246466223481
36 0.00052318627798422
45 0.000005846154498803574
47 0.0002708891434150717
50 0.00009059173042602328
59 0.000006462183444711172
60 0.000012924366889422343
74 0.0001314382268441069
90 0.0003600357507382571
117 0.0007709144163699553
119 0.00046345541606448445
121 0.0002131283281512035
125 0.00019006896079713502
129 0.000944814936180877
153 0.00045905907976567014
168 0.00004914275771090647
172 0.00023913727761189357
186 0.0012207665954861067
188 0.0005182941691667408
202 0.00030783737547859243
217 0.0013432869843729705
221 0.0008180359272162828
222 0.0007496376846183616
223 0.0007578003861922098
234 0.00038363630339787504
247 0.0003148783300420517
252 0.00021183173694126436
255 0.0007174118328356807
262 0.0006929162084904484
269 0.0007230035022084448
271 0.0008830344552307394
304 0.0010661575080709474
306 0.0022592723877793235
362 0.0005999643949339585
414 0.0006075174674600367
429 0.0004755217854866652
437 0.00043897349683716435
442 0.0007296383478218761
479 0.0031488264181270104
490 0.0005648761188866944
491 0.0005544595315855724
492 0.000685825303055794
530 0.0002736737953600468
555 0.00034358542739842214
585 0.0003987932141285859
671 0.0003910424617735554
795 0.0016061924812056955
834 0.0012757885359843703
950 0.0005353974937352319
973 0.002824380594433472
974 0.002351574011355386
1008 0.0016769790739137058
1024 0.0009060445366416521
1241 0.0008128063180586093
1338 0.0019393209051366106
1340 0.0006750724671448359
1451 0.0006146083728946911
1482 0.0007709345372720537
1540 0.001371650606111588
1711 0.0007533803027405932
1900 0.0007533803027405932
2651 0.000790558501893244
3308 0.0008128063180586093
4415 0.0011370166061384682
4416 0.0011370166061384682
4417 0.0008688663374890013
4418 0.0011370166061384682
4419 0.0011370166061384682
4420 0.0011370166061384682