0 0.00010360515709016387
5 0.0001350647307564619
6 0.00009064908770164895
10 0.0000837066327744491
23 0.0003835556157519472
24 0.00012749924599488326
25 0.00004914275771090647
26 0.000013770385755530148
27 0.000013301102101113839
28 0.000009552780696291852
29 0.000010672856571901583
30 0.00008005552081252168
31 0.000027617633552899494
32 0.0001446627800658901
34 0.00005968492932446962
41 0.00018725926302105958
43 0.0009983707283630816
45 0.00000876923174820536
50 0.00004529586521301164
53 0.0011657446549878435
59 0.000006462183444711172
60 0.000012924366889422343
66 0.004408356985377814
71 0.00033256580019006747
87 0.00036808616347914477
95 0.0005477037159289957
96 0.0005697354412888233
97 0.0000602039675312256
100 0.00014427673725646523
116 0.0021415899749409276
121 0.000426256656302407
139 0.0002495926820907704
168 0.00004914275771090647
202 0.00030783737547859243
245 0.0012292167457893823
252 0.00021183173694126436
301 0.0002517773560482004
359 0.0007375005660187797
481 0.000867999321848377
538 0.0007462199904606845
546 0.0007709345372720537
602 0.0004955391650005044
639 0.00045485323355897795
655 0.0008688663374890013
736 0.0028516963415369297
743 0.0007601062605041926
973 0.003954132832206861
974 0.002351574011355386
1242 0.0005648761188866944
1419 0.0014750011320375594
4102 0.0009060445366416521
4421 0.000953975571705261
4422 0.000953975571705261
4423 0.0011370166061384682
4424 0.0009060445366416521