5 0.0001350647307564619
6 0.00011331135962706119
10 0.00005231664548403069
15 0.000055337193439289376
20 0.00014256349717722765
23 0.0001917778078759736
26 0.000013770385755530148
27 0.000013301102101113839
28 0.000009552780696291852
29 0.000010672856571901583
31 0.000027617633552899494
32 0.0001446627800658901
34 0.0002984246466223481
36 0.00017439542599474
41 0.00018725926302105958
43 0.0002495926820907704
45 0.00000876923174820536
59 0.000012924366889422343
60 0.000012924366889422343
68 0.004833697613019993
80 0.0013574687952422793
87 0.0011042584904374343
95 0.00041077778694674673
96 0.00042730158096661747
97 0.0000602039675312256
101 0.0005353974937352319
117 0.003083657665479821
121 0.000426256656302407
136 0.00029565439233481325
140 0.0002005952689646678
159 0.0004226030848760234
168 0.00009828551542181294
169 0.0002663490497050791
195 0.00043018466555000526
240 0.0005065284965219635
247 0.0009446349901261551
267 0.0005494856956725966
331 0.0015684198995616308
380 0.0009510435709733304
392 0.00047869542676802046
430 0.00033256580019006747
437 0.0008779469936743287
530 0.0002736737953600468
538 0.0007462199904606845
610 0.0005759876441280593
613 0.0004176750344063272
639 0.0036388258684718236
671 0.0011731273853206662
676 0.0005818342485617932
728 0.0007709345372720537
744 0.0005544595315855724
973 0.00508388506998025
974 0.002351574011355386
1193 0.0005309542669637955
1245 0.0008128063180586093
1878 0.0008688663374890013
2346 0.0012928806034244072
2735 0.0007375005660187797
2780 0.000790558501893244
2890 0.0009060445366416521
3046 0.004625607223632322
3163 0.0008384895369568529
4147 0.0008128063180586093
4425 0.004548066424553873