5 0.0002701294615129238
6 0.00011331135962706119
7 0.0003538642626209047
10 0.000010463329096806138
12 0.0014750011320375594
14 0.00026456709550368824
15 0.0002766859671964469
23 0.0003835556157519472
24 0.00012749924599488326
25 0.00004914275771090647
26 0.000027540771511060296
27 0.00001995165315167076
28 0.000014329171044437778
29 0.000016009284857852372
31 0.000011047053421159797
32 0.0001446627800658901
41 0.00018725926302105958
45 0.000005846154498803574
50 0.00009059173042602328
52 0.000944486436909675
53 0.0002914361637469609
59 0.000006462183444711172
60 0.000012924366889422343
67 0.003144430633451634
68 0.00040280813441833274
69 0.00038545720818497763
71 0.0006651316003801349
80 0.0003393671988105698
81 0.00033390404938987825
93 0.0002302492435057135
95 0.0006846296449112446
96 0.0007121693016110291
97 0.0000602039675312256
98 0.00029888966155459023
100 0.00014427673725646523
101 0.0005353974937352319
102 0.0003910424617735554
110 0.0003600357507382571
117 0.0007709144163699553
148 0.00039487277137447156
163 0.0014999109873348963
168 0.00004914275771090647
175 0.00028530254609905744
176 0.0018306139461095412
202 0.00030783737547859243
203 0.0003136839799123262
265 0.00048441707494682545
368 0.0016484570870177898
369 0.0016633785947567173
391 0.0023025080468982565
416 0.0003493811814946261
435 0.00044410039764801966
437 0.0021948674841858217
530 0.0002736737953600468
539 0.0005494856956725966
618 0.005374556329766253
726 0.0006554485025236457
776 0.0004154682322153874
973 0.003389256713320166
974 0.003527361017033079
1048 0.0007096674962648366
1269 0.0006007160688395344
1335 0.0007533803027405932
1495 0.0006464403017122036
1776 0.0008128063180586093
3442 0.0025154686108705584
4147 0.0008128063180586093
4426 0.0011370166061384682
4427 0.0011370166061384682