0 0.00010360515709016387
6 0.0001359736315524734
10 0.000020926658193612276
15 0.000055337193439289376
23 0.0001917778078759736
25 0.00004914275771090647
26 0.000009180257170353432
27 0.00001995165315167076
28 0.000019105561392583703
29 0.00002668214142975396
30 0.00016011104162504336
31 0.000027617633552899494
32 0.0001446627800658901
34 0.00011936985864893924
41 0.00018725926302105958
43 0.0001247963410453852
44 0.00015086301495667102
45 0.000005846154498803574
49 0.0002231883932943071
50 0.00009059173042602328
54 0.00032108878593043
59 0.000006462183444711172
60 0.000012924366889422343
74 0.0002628764536882138
76 0.00023762262054737309
91 0.00023463399997311992
95 0.0008900185383846179
96 0.0008546031619332349
97 0.0001204079350624512
100 0.00028855347451293045
103 0.00008541133970179466
122 0.00030783737547859243
138 0.0005999643949339585
151 0.0006787343976211396
153 0.00022952953988283507
175 0.00028530254609905744
202 0.00030783737547859243
217 0.002686573968745941
223 0.0005052002574614732
255 0.0009565491104475743
256 0.0005266264618316295
264 0.0017110178049221578
265 0.00024220853747341272
281 0.0006378942679921852
290 0.0005648761188866944
300 0.001361803476661256
301 0.0022659962044338034
362 0.00029998219746697925
390 0.001175787005677693
434 0.00032731777168967243
458 0.0015273403378139488
459 0.000570339268307386
475 0.0002526001287307366
482 0.002014040672091664
575 0.00047869542676802046
679 0.000685825303055794
857 0.0006750724671448359
1032 0.001907951143410522
1033 0.00695093069991201
1034 0.0010215305713900601
1035 0.0007375005660187797
1036 0.0004339996609241885
1037 0.000790558501893244
1038 0.0005103588061228796
1039 0.0007533803027405932
1040 0.0011370166061384682
1041 0.0011370166061384682