0 0.0003108154712704916
6 0.00009064908770164895
10 0.000020926658193612276
13 0.00218748691397108
20 0.00014256349717722765
24 0.0011474932139539493
25 0.0002457137885545324
26 0.000009180257170353432
27 0.0000066505510505569195
28 0.000014329171044437778
30 0.00008005552081252168
31 0.00004418821368463919
34 0.00011936985864893924
43 0.0002495926820907704
45 0.00000876923174820536
48 0.00014129003011415398
49 0.0002231883932943071
59 0.000006462183444711172
60 0.000012924366889422343
76 0.00023762262054737309
87 0.00036808616347914477
89 0.00033798452589909114
95 0.00006846296449112447
103 0.00034164535880717864
119 0.0001544851386881615
121 0.0002131283281512035
132 0.00058051309059004
134 0.00020241617375177045
136 0.00029565439233481325
139 0.0004991853641815408
140 0.0002005952689646678
159 0.0011269415596693957
162 0.0003800531302520963
168 0.00004914275771090647
195 0.00021509233277500263
235 0.000489099431979698
251 0.0006133845545933855
252 0.00021183173694126436
262 0.0010393743127356727
265 0.00024220853747341272
266 0.0003010819448897304
293 0.0005065284965219635
300 0.0015131149740680624
302 0.002685454123785125
304 0.0010661575080709474
306 0.00677781716333797
325 0.0008779469936743287
342 0.0004885960299787504
360 0.0005309542669637955
429 0.0009510435709733304
442 0.0018240958695546904
454 0.00038363630339787504
497 0.00044672424919219483
568 0.0005595864323964277
623 0.0009210032187593025
726 0.0006554485025236457
846 0.0012757885359843703
848 0.0005446560494091424
867 0.0015083528058677605
897 0.0005494856956725966
898 0.0010055685372451738
899 0.0006973202833102012
900 0.001053252923663259
901 0.0005759876441280593
902 0.0011089190631711448
903 0.0005818342485617932
904 0.0006007160688395344
905 0.0005878935028388465
906 0.000570339268307386
907 0.0005878935028388465
908 0.0005818342485617932
909 0.0005941814615164285
910 0.000570339268307386
911 0.0005759876441280593
912 0.0009573908535360409
913 0.001233421281249664
923 0.0017110178049221578
1062 0.0005648761188866944
1065 0.0004415172276153697
1066 0.0009638613919755949
1067 0.0005544595315855724
1068 0.0005103588061228796
1171 0.0010365883383334816
1559 0.0012150349349200735
1596 0.0006220145312703716
1874 0.000629765283625402
2467 0.0020430611427801203
2477 0.0008128063180586093
2478 0.0005941814615164285
2922 0.000790558501893244
4186 0.0010215305713900601
4428 0.0010215305713900601
4429 0.0020430611427801203
4430 0.0011370166061384682
4431 0.0011370166061384682
4432 0.000953975571705261
4433 0.0011370166061384682
4434 0.0011370166061384682
4435 0.0011370166061384682