0 0.00010360515709016387
2 0.0003632093920196124
3 0.00044939008413828627
4 0.0036070972276271897
5 0.0001350647307564619
6 0.00004532454385082448
7 0.004954099676692665
8 0.0006907477305171405
9 0.004228277511624296
10 0.00003138998729041841
14 0.00026456709550368824
20 0.00014256349717722765
23 0.0001917778078759736
24 0.00012749924599488326
25 0.00004914275771090647
26 0.000009180257170353432
27 0.000013301102101113839
28 0.000019105561392583703
29 0.00002668214142975396
30 0.00008005552081252168
31 0.000022094106842319594
34 0.0005371643639202266
36 0.00052318627798422
37 0.0023927592847715153
38 0.0027459209191643117
42 0.00029780424319051263
43 0.0011231670694084668
45 0.000005846154498803574
47 0.0018962240039055017
48 0.00014129003011415398
50 0.00004529586521301164
54 0.0014448995366869348
56 0.0010307562821952664
59 0.000006462183444711172
60 0.000012924366889422343
74 0.0005257529073764276
76 0.0011881131027368654
100 0.00014427673725646523
103 0.00008541133970179466
108 0.0002542579645943101
132 0.00019350436353001335
140 0.0002005952689646678
159 0.00014086769495867446
162 0.0007601062605041926
168 0.00004914275771090647
170 0.0008779469936743287
172 0.00023913727761189357
174 0.0008222808541664426
186 0.00040692219849536895
194 0.0004339996609241885
201 0.0003782900330627366
202 0.00030783737547859243
247 0.0003148783300420517
300 0.0007565574870340312
301 0.0012588867802410019
302 0.0019181815169893753
304 0.0014215433440945965
306 0.005271635571485088
380 0.002377608927433326
381 0.003854672686360269
385 0.0010365883383334816
398 0.0003632093920196124
475 0.0002526001287307366
589 0.005345691182348821
594 0.0034910054913707585
639 0.00045485323355897795
691 0.0007672726067957501
697 0.004703148022710772
892 0.0005595864323964277
1086 0.0005446560494091424
1180 0.0021786241976365695
1193 0.0005309542669637955
1582 0.002233621245960974
2008 0.0008128063180586093
4436 0.0011370166061384682
4437 0.0034110498184154047