5 0.0001350647307564619
6 0.00009064908770164895
8 0.000920996974022854
10 0.000020926658193612276
14 0.00026456709550368824
15 0.00011067438687857875
16 0.0024880581250814864
20 0.00014256349717722765
23 0.0001917778078759736
25 0.00004914275771090647
26 0.000013770385755530148
27 0.000026602204202227678
28 0.00002388195174072963
29 0.000021345713143803165
30 0.00016011104162504336
31 0.000027617633552899494
32 0.0001446627800658901
34 0.00011936985864893924
36 0.00034879085198948
41 0.00018725926302105958
43 0.0002495926820907704
44 0.00015086301495667102
45 0.000005846154498803574
50 0.00009059173042602328
59 0.000012924366889422343
60 0.000012924366889422343
74 0.0001314382268441069
75 0.004634855974176321
80 0.0006787343976211396
81 0.0006678080987797565
95 0.0005477037159289957
96 0.0005697354412888233
97 0.0001204079350624512
100 0.0004328302117693956
103 0.00008541133970179466
108 0.0005085159291886202
109 0.006109361351255795
119 0.0001544851386881615
125 0.00038013792159427004
131 0.0006649717304210047
139 0.0001247963410453852
141 0.003062152836737278
153 0.00022952953988283507
165 0.001877401189477251
167 0.0009555408785273412
168 0.00004914275771090647
175 0.0005706050921981149
201 0.0003782900330627366
202 0.0006156747509571849
227 0.0010448164664875542
251 0.0003066922772966927
252 0.000635495210823793
266 0.0003010819448897304
278 0.0004991223381462831
384 0.008137822255056349
385 0.0005182941691667408
469 0.005301237655865772
544 0.0005353974937352319
550 0.0008056162688366655
691 0.0007672726067957501
700 0.0003910424617735554
1555 0.0017377326749780026
1556 0.0017377326749780026
1573 0.0007709345372720537
4438 0.0011370166061384682
4439 0.0011370166061384682