0 0.0003108154712704916
2 0.001089628176058837
4 0.000801577161694931
5 0.0001350647307564619
6 0.00011331135962706119
7 0.0014154570504836188
9 0.001057069377906074
10 0.00007324330367764296
11 0.007549706760016334
14 0.00026456709550368824
15 0.00011067438687857875
18 0.0006345860527207468
23 0.0001917778078759736
25 0.00004914275771090647
26 0.000013770385755530148
27 0.00001995165315167076
28 0.000014329171044437778
29 0.000016009284857852372
30 0.00024016656243756505
31 0.000022094106842319594
32 0.0001446627800658901
34 0.00005968492932446962
36 0.00017439542599474
37 0.002791552498900101
38 0.0009153069730547706
41 0.00018725926302105958
42 0.00029780424319051263
43 0.0001247963410453852
44 0.00015086301495667102
45 0.000005846154498803574
48 0.00014129003011415398
50 0.00004529586521301164
56 0.00034358542739842214
59 0.000006462183444711172
60 0.000012924366889422343
74 0.0002628764536882138
76 0.0009504904821894923
84 0.004395885565380773
91 0.00023463399997311992
95 0.0005477037159289957
96 0.0005697354412888233
97 0.00036122380518735357
103 0.00008541133970179466
123 0.0005818342485617932
133 0.00032475447298266157
139 0.000623981705226926
140 0.0002005952689646678
151 0.0003393671988105698
159 0.0002817353899173489
168 0.00004914275771090647
170 0.00043897349683716435
172 0.00023913727761189357
194 0.000867999321848377
219 0.0003616150149759352
255 0.0007174118328356807
259 0.0003407614423411458
331 0.0006273679598246524
343 0.005207995931090262
352 0.000514279248876994
356 0.0005266264618316295
391 0.0009210032187593025
462 0.001188362923032857
577 0.004525082111985424
586 0.0005759876441280593
588 0.0021690105066253344
589 0.0003818350844534872
639 0.00045485323355897795
691 0.001150908910193625
697 0.0005878935028388465
820 0.000629765283625402
1111 0.004425003396112678
1113 0.0008128063180586093
1117 0.0009060445366416521
1243 0.0005878935028388465
1874 0.000629765283625402
4440 0.011370166061384683
4441 0.004548066424553873
4442 0.0011370166061384682