0 0.00010360515709016387
5 0.0001350647307564619
6 0.00009064908770164895
8 0.0006907477305171405
10 0.00007324330367764296
15 0.000055337193439289376
17 0.0004875313243364415
20 0.00014256349717722765
23 0.0001917778078759736
25 0.00004914275771090647
26 0.000013770385755530148
27 0.000053204408404455356
28 0.000014329171044437778
29 0.000016009284857852372
30 0.00024016656243756505
31 0.000038664686974059284
32 0.0001446627800658901
34 0.00011936985864893924
41 0.00018725926302105958
43 0.0002495926820907704
44 0.00015086301495667102
45 0.000005846154498803574
50 0.00018118346085204656
55 0.0004520992678889995
57 0.00018016835758640515
59 0.000012924366889422343
60 0.000012924366889422343
67 0.0038431929964408864
68 0.00040280813441833274
69 0.00038545720818497763
71 0.00033256580019006747
74 0.0001314382268441069
75 0.0006179807965568429
80 0.0006787343976211396
81 0.0006678080987797565
93 0.0002302492435057135
95 0.0006846296449112446
96 0.0007121693016110291
97 0.0000602039675312256
100 0.00014427673725646523
103 0.00008541133970179466
111 0.0023620373404521925
115 0.0007096674962648366
117 0.00038545720818497763
119 0.00046345541606448445
125 0.000570206882391405
132 0.00019350436353001335
134 0.0004048323475035409
139 0.0001247963410453852
140 0.0002005952689646678
148 0.0027641093996213003
158 0.0007530907959264412
159 0.0014086769495867447
166 0.0004605016093796513
167 0.0009555408785273412
168 0.00004914275771090647
169 0.0002663490497050791
195 0.00021509233277500263
200 0.0005666143587603556
201 0.0022697401983764196
202 0.00030783737547859243
213 0.0007296383478218761
219 0.0003616150149759352
235 0.000244549715989849
259 0.0006815228846822916
284 0.0008384895369568529
307 0.0003818350844534872
372 0.0003553858360236491
391 0.0009210032187593025
439 0.0005266264618316295
440 0.0009267985345579925
460 0.0006554485025236457
483 0.0003800531302520963
512 0.00044672424919219483
541 0.01581117003786488
547 0.0006554485025236457
548 0.00226014090822178
555 0.00034358542739842214
654 0.0011618947016225362
676 0.0005818342485617932
691 0.0007672726067957501
713 0.006653514379026869
714 0.0005027842686225869
735 0.004159270230614999
785 0.002789281133240805
892 0.0005595864323964277
933 0.0005224082332437771
1142 0.001611232537673331
1248 0.0010707949874704638
1263 0.0012150349349200735
1269 0.0012014321376790688
1312 0.0013299434608420094
1520 0.000570339268307386
2161 0.0019136828039765554
2218 0.0008384895369568529
3508 0.0017377326749780026
4395 0.005213198024934008
4443 0.00306459171417018
4444 0.0010215305713900601
4445 0.0010215305713900601
4446 0.0010215305713900601
4447 0.002861926715115783
4448 0.0008688663374890013
4449 0.0010215305713900601