0 0.00010360515709016387
5 0.0001350647307564619
6 0.00011331135962706119
8 0.000920996974022854
10 0.00006277997458083683
15 0.000055337193439289376
17 0.0004875313243364415
20 0.00014256349717722765
23 0.0001917778078759736
25 0.00004914275771090647
26 0.000013770385755530148
27 0.00005985495945501227
28 0.000014329171044437778
29 0.000016009284857852372
30 0.00024016656243756505
31 0.000038664686974059284
32 0.0001446627800658901
34 0.00011936985864893924
41 0.00018725926302105958
43 0.0002495926820907704
44 0.00015086301495667102
45 0.000005846154498803574
50 0.0002264793260650582
53 0.0014571808187348043
55 0.0004520992678889995
57 0.00018016835758640515
59 0.000012924366889422343
60 0.000012924366889422343
67 0.0038431929964408864
68 0.00040280813441833274
71 0.00033256580019006747
74 0.0001314382268441069
75 0.0006179807965568429
80 0.0006787343976211396
81 0.0006678080987797565
93 0.0002302492435057135
95 0.0006161666804201201
96 0.0006409523714499261
97 0.0001204079350624512
100 0.0004328302117693956
103 0.00008541133970179466
111 0.001889629872361754
115 0.0007096674962648366
117 0.00038545720818497763
119 0.00046345541606448445
125 0.000570206882391405
132 0.00019350436353001335
134 0.0004048323475035409
139 0.0001247963410453852
140 0.0002005952689646678
148 0.0027641093996213003
159 0.002394750814297466
166 0.0004605016093796513
167 0.0012740545047031217
168 0.00004914275771090647
169 0.0002663490497050791
195 0.00021509233277500263
200 0.0005666143587603556
201 0.0018914501653136831
202 0.00030783737547859243
213 0.0007296383478218761
219 0.0003616150149759352
235 0.000244549715989849
251 0.0003066922772966927
259 0.0006815228846822916
278 0.0004991223381462831
284 0.0008384895369568529
307 0.0003818350844534872
372 0.0003553858360236491
440 0.0009267985345579925
460 0.0006554485025236457
483 0.0003800531302520963
512 0.00044672424919219483
540 0.0005648761188866944
541 0.01423005303407839
547 0.0006554485025236457
548 0.0037669015137029665
555 0.00034358542739842214
654 0.0007745964677483575
676 0.0005818342485617932
691 0.0007672726067957501
713 0.008316892973783586
714 0.0005027842686225869
735 0.005347633153647857
785 0.002789281133240805
892 0.0005595864323964277
933 0.0005224082332437771
1142 0.001611232537673331
1248 0.0010707949874704638
1263 0.0012150349349200735
1269 0.0012014321376790688
1312 0.0013299434608420094
1520 0.000570339268307386
2161 0.0025515770719687406
2218 0.0008384895369568529
3508 0.0017377326749780026
4395 0.008688663374890014
4443 0.00306459171417018
4444 0.0010215305713900601
4445 0.0010215305713900601
4446 0.0010215305713900601
4447 0.003815902286821044
4448 0.0008688663374890013
4449 0.0010215305713900601