0 0.00010360515709016387
5 0.0002701294615129238
10 0.000020926658193612276
14 0.00026456709550368824
15 0.000055337193439289376
17 0.00024376566216822076
23 0.0001917778078759736
25 0.00004914275771090647
26 0.000013770385755530148
27 0.000013301102101113839
28 0.000004776390348145926
29 0.000010672856571901583
30 0.0003202220832500867
31 0.000011047053421159797
32 0.0001446627800658901
41 0.00018725926302105958
43 0.0007487780462723111
44 0.00015086301495667102
45 0.000005846154498803574
50 0.00004529586521301164
51 0.0020896329329751083
52 0.002833459310729025
53 0.0014571808187348043
54 0.000160544392965215
59 0.000012924366889422343
60 0.000012924366889422343
74 0.0001314382268441069
93 0.0002302492435057135
95 0.0006161666804201201
96 0.0006409523714499261
97 0.0000602039675312256
98 0.001195558646218361
100 0.00014427673725646523
103 0.000256234019105384
133 0.0006495089459653231
136 0.00029565439233481325
139 0.0004991853641815408
158 0.0003765453979632206
161 0.0006469749241775125
162 0.0003800531302520963
168 0.00004914275771090647
170 0.00043897349683716435
176 0.0004576534865273853
246 0.0005399624677752377
300 0.00030262299481361246
301 0.0005035547120964008
309 0.0031597587709897763
311 0.00033798452589909114
327 0.0014360862803040613
328 0.0003260311928669616
389 0.00045485323355897795
691 0.0019181815169893753
1099 0.0006146083728946911
1132 0.00044410039764801966
2141 0.0020919608499306037
2621 0.0047433510113594635
4451 0.0011370166061384682
4452 0.0011370166061384682