0 0.00010360515709016387
5 0.0001350647307564619
6 0.0000679868157762367
8 0.0002302492435057135
10 0.00003138998729041841
20 0.00014256349717722765
23 0.0001917778078759736
25 0.00004914275771090647
26 0.000013770385755530148
27 0.00001995165315167076
28 0.000009552780696291852
29 0.000010672856571901583
30 0.00024016656243756505
31 0.00003314116026347939
32 0.0001446627800658901
34 0.00011936985864893924
41 0.00018725926302105958
43 0.0002495926820907704
45 0.000005846154498803574
47 0.0002708891434150717
50 0.00004529586521301164
53 0.0008743084912408826
54 0.00032108878593043
59 0.000012924366889422343
60 0.000012924366889422343
92 0.00036481917391093806
95 0.0006161666804201201
96 0.0006409523714499261
97 0.0000602039675312256
100 0.00014427673725646523
103 0.00008541133970179466
121 0.0006393849844536105
132 0.00019350436353001335
138 0.0005999643949339585
139 0.00037438902313615557
168 0.00004914275771090647
172 0.00023913727761189357
195 0.00021509233277500263
200 0.0002833071793801778
217 0.0013432869843729705
223 0.0010104005149229464
235 0.000244549715989849
241 0.000466348213813385
251 0.0003066922772966927
265 0.00024220853747341272
266 0.0003010819448897304
552 0.001907951143410522
740 0.0005595864323964277
802 0.0015067606054811865
834 0.0006378942679921852
1134 0.000790558501893244
1317 0.0005544595315855724
1360 0.0005941814615164285
3807 0.000953975571705261
4453 0.005723853430231566