0 0.00010360515709016387
5 0.0001350647307564619
6 0.0002719472631049468
10 0.0000837066327744491
13 0.0006249962611345944
14 0.0005291341910073765
15 0.0002213487737571575
23 0.0005753334236279207
24 0.000509996983979533
25 0.00009828551542181294
26 0.000027540771511060296
27 0.00001995165315167076
28 0.000028658342088875557
29 0.000037354998001655535
30 0.00024016656243756505
31 0.00004418821368463919
32 0.0003616569501647253
34 0.00005968492932446962
41 0.00037451852604211916
43 0.0002495926820907704
44 0.0006034520598266841
45 0.00001753846349641072
48 0.0004238700903424619
49 0.0002231883932943071
50 0.00004529586521301164
54 0.00128435514372172
56 0.00034358542739842214
59 0.000006462183444711172
60 0.000012924366889422343
74 0.0001314382268441069
87 0.0011042584904374343
89 0.00033798452589909114
95 0.0005477037159289957
96 0.0004985185111277203
97 0.0001204079350624512
103 0.0005978793779125625
111 0.0004724074680904385
119 0.0001544851386881615
121 0.001278769968907221
125 0.00038013792159427004
130 0.0007361723269582895
134 0.00020241617375177045
135 0.0005446560494091424
140 0.0004011905379293356
159 0.0007043384747933724
162 0.0003800531302520963
168 0.00009828551542181294
169 0.0002663490497050791
180 0.0007578003861922098
217 0.00022388116406216174
221 0.001227053890824424
222 0.0011244565269275424
227 0.0010448164664875542
233 0.00038915983010845493
234 0.00038363630339787504
235 0.000244549715989849
252 0.000635495210823793
259 0.0003407614423411458
262 0.0010393743127356727
265 0.0007266256124202381
266 0.0003010819448897304
295 0.0009060445366416521
300 0.0006052459896272249
302 0.00038363630339787504
306 0.004141999377595427
312 0.0004885960299787504
325 0.00043897349683716435
354 0.0004955391650005044
360 0.0005309542669637955
391 0.0004605016093796513
400 0.00715071399973042
430 0.00033256580019006747
435 0.0013323011929440589
442 0.00036481917391093806
452 0.0010799249355504753
470 0.0008934484983843897
482 0.0012084244032549982
544 0.0005353974937352319
573 0.0009771920599575008
599 0.0004991223381462831
610 0.0005759876441280593
623 0.0004605016093796513
635 0.0005182941691667408
672 0.0005182941691667408
680 0.0005309542669637955
703 0.0009982446762925661
714 0.0010055685372451738
719 0.0005544595315855724
767 0.0008138443969907379
848 0.0005446560494091424
867 0.0005027842686225869
889 0.0018120890732833041
897 0.0005494856956725966
899 0.0013946405666204024
900 0.0005266264618316295
901 0.0005759876441280593
902 0.0005544595315855724
903 0.0005818342485617932
904 0.0006007160688395344
905 0.0005878935028388465
906 0.000570339268307386
907 0.0005878935028388465
908 0.0005818342485617932
909 0.0005941814615164285
910 0.000570339268307386
911 0.0005759876441280593
912 0.0009573908535360409
924 0.0006378942679921852
1060 0.0005544595315855724
1062 0.0011297522377733888
1063 0.0007375005660187797
1065 0.0004415172276153697
1066 0.00048193069598779744
1177 0.0006220145312703716
1252 0.000570339268307386
1393 0.0005878935028388465
1559 0.0012150349349200735
1581 0.0010215305713900601
1582 0.00044672424919219483
1779 0.0007533803027405932
1893 0.000953975571705261
2055 0.000953975571705261
2346 0.0006464403017122036
2895 0.0010215305713900601
3120 0.0009060445366416521
3139 0.0009060445366416521
3228 0.0008688663374890013
4454 0.0056850830306923415
4455 0.006822099636830809
4456 0.0022740332122769364
4457 0.0011370166061384682
4458 0.0011370166061384682
4459 0.013644199273661619
4460 0.0011370166061384682
4461 0.0011370166061384682
4462 0.0010215305713900601
4463 0.000953975571705261
4464 0.0020430611427801203
4465 0.0020430611427801203
4466 0.0011370166061384682
4467 0.0011370166061384682
4468 0.0022740332122769364
4469 0.000953975571705261