0 0.00010360515709016387
5 0.0001350647307564619
6 0.00009064908770164895
10 0.000010463329096806138
15 0.0002213487737571575
20 0.0002851269943544553
23 0.0001917778078759736
24 0.0002549984919897665
25 0.00004914275771090647
26 0.000009180257170353432
27 0.000026602204202227678
28 0.000014329171044437778
29 0.00002668214142975396
31 0.000016570580131739694
32 0.0001446627800658901
41 0.00018725926302105958
43 0.0001247963410453852
44 0.00015086301495667102
45 0.000005846154498803574
50 0.00004529586521301164
52 0.0030695809199564436
53 0.0011657446549878435
54 0.00032108878593043
59 0.000019386550334133513
60 0.000006462183444711172
74 0.0001314382268441069
89 0.00033798452589909114
95 0.0006161666804201201
96 0.0005697354412888233
97 0.00018061190259367678
103 0.00017082267940358932
110 0.0003600357507382571
121 0.0006393849844536105
134 0.00020241617375177045
140 0.0002005952689646678
143 0.0002681502686494669
145 0.0004991223381462831
159 0.00014086769495867446
168 0.00004914275771090647
180 0.0002526001287307366
185 0.00023389514674621796
214 0.0004954467145424086
235 0.000244549715989849
241 0.000466348213813385
255 0.00023913727761189357
297 0.00044939008413828627
298 0.0004991223381462831
299 0.0009629459530617334
300 0.0006052459896272249
301 0.0010071094241928015
307 0.0003818350844534872
308 0.0005309542669637955
380 0.0004755217854866652
416 0.0003493811814946261
519 0.0004221783120451008
530 0.0002736737953600468
571 0.0007533803027405932
601 0.0004176750344063272
639 0.00045485323355897795
671 0.0003910424617735554
686 0.001140678536614772
687 0.0005065284965219635
692 0.000953975571705261
742 0.0008138443969907379
786 0.000570339268307386
840 0.0005027842686225869
843 0.0007375005660187797
855 0.0006649717304210047
856 0.0006750724671448359
857 0.0020252174014345073
859 0.0016256126361172186
860 0.0008384895369568529
1049 0.000629765283625402
1069 0.0003968214617715378
1110 0.000685825303055794
1124 0.0014460070044168896
1278 0.000953975571705261
1295 0.0007533803027405932
1767 0.0014193349925296732
1785 0.0005648761188866944
2012 0.0009060445366416521
2031 0.0008688663374890013
2111 0.0008688663374890013
2144 0.0016256126361172186
2155 0.000953975571705261
2336 0.001053252923663259
2532 0.001371650606111588
2589 0.0008688663374890013
3253 0.0008384895369568529
3285 0.0009060445366416521
3328 0.000953975571705261
3493 0.001907951143410522
3680 0.000953975571705261
3910 0.0016769790739137058
3971 0.0010215305713900601
4470 0.0010215305713900601
4471 0.0011370166061384682
4472 0.0010215305713900601
4473 0.000953975571705261
4474 0.0010215305713900601
4475 0.0011370166061384682
4476 0.0011370166061384682
4477 0.0011370166061384682
4478 0.004548066424553873
4479 0.0011370166061384682
4480 0.0034110498184154047
4481 0.0011370166061384682
4482 0.0011370166061384682
4483 0.000953975571705261
4484 0.0011370166061384682
4485 0.0011370166061384682
4486 0.0010215305713900601
4487 0.0022740332122769364
4488 0.0056850830306923415
4489 0.0034110498184154047
4490 0.0011370166061384682
4491 0.0011370166061384682
4492 0.0011370166061384682
4493 0.0020430611427801203
4494 0.0022740332122769364
4495 0.0022740332122769364
4496 0.0011370166061384682
4497 0.0017377326749780026