5 0.0001350647307564619
6 0.00015863590347788565
10 0.00018833992374251048
13 0.0009374943917018915
15 0.0002213487737571575
23 0.0001917778078759736
24 0.000509996983979533
25 0.00019657103084362587
26 0.000009180257170353432
27 0.00003990330630334152
28 0.00003821112278516741
29 0.00002668214142975396
30 0.00008005552081252168
31 0.000022094106842319594
32 0.0001446627800658901
34 0.00011936985864893924
36 0.00034879085198948
41 0.00018725926302105958
43 0.0013727597514992373
44 0.000452589044870013
45 0.00000876923174820536
49 0.0002231883932943071
50 0.00018118346085204656
52 0.00023612160922741876
53 0.0002914361637469609
54 0.000160544392965215
55 0.000904198535777999
59 0.000006462183444711172
60 0.000012924366889422343
71 0.00033256580019006747
73 0.0004885960299787504
74 0.0002628764536882138
84 0.0005494856956725966
92 0.00036481917391093806
95 0.0008215555738934935
96 0.0008546031619332349
97 0.000301019837656128
100 0.00014427673725646523
103 0.0005978793779125625
110 0.0003600357507382571
119 0.000308970277376323
121 0.0006393849844536105
129 0.001889629872361754
130 0.00036808616347914477
132 0.00019350436353001335
133 0.002922790256843954
134 0.00020241617375177045
140 0.0004011905379293356
144 0.00041726745680283956
146 0.00036481917391093806
159 0.0007043384747933724
160 0.004828708465208807
168 0.00004914275771090647
171 0.0016707001376253087
180 0.0002526001287307366
203 0.0006273679598246524
213 0.00036481917391093806
217 0.00022388116406216174
219 0.0007232300299518704
223 0.0002526001287307366
233 0.00038915983010845493
234 0.00038363630339787504
235 0.000489099431979698
266 0.0003010819448897304
273 0.0003697439993427182
278 0.001497367014438849
281 0.0006378942679921852
290 0.0005648761188866944
304 0.0014215433440945965
305 0.002824380594433472
306 0.0015061815918528823
414 0.0006075174674600367
430 0.00033256580019006747
435 0.00044410039764801966
439 0.001053252923663259
440 0.001853597069115985
442 0.00036481917391093806
470 0.0008934484983843897
490 0.0011297522377733888
491 0.0011089190631711448
492 0.000685825303055794
499 0.0011297522377733888
524 0.0006220145312703716
530 0.0002736737953600468
540 0.0005648761188866944
569 0.000685825303055794
601 0.0004176750344063272
670 0.0005941814615164285
691 0.001150908910193625
700 0.0003910424617735554
811 0.000685825303055794
840 0.0005027842686225869
851 0.00046935029736931276
892 0.0005595864323964277
912 0.00047869542676802046
916 0.0012928806034244072
1068 0.0005103588061228796
1781 0.000790558501893244
1817 0.0007533803027405932
1890 0.0007230035022084448
1994 0.0006075174674600367
1996 0.0006378942679921852
2221 0.0007230035022084448
2475 0.0007096674962648366
2949 0.000953975571705261
2950 0.0008688663374890013
3046 0.0007709345372720537
3672 0.0072483562931332166
4498 0.02655979485614156
4499 0.0010215305713900601
4500 0.00715071399973042
4501 0.0020430611427801203
4502 0.009193775142510541
4503 0.0010215305713900601
4504 0.00715071399973042
4505 0.0010215305713900601
4506 0.000953975571705261