6 0.0001359736315524734
10 0.00006277997458083683
14 0.0005291341910073765
15 0.0003873603540750256
17 0.00024376566216822076
20 0.00014256349717722765
23 0.0003835556157519472
25 0.00009828551542181294
26 0.000009180257170353432
27 0.0000332527552527846
28 0.000014329171044437778
29 0.000021345713143803165
31 0.00003314116026347939
32 0.00021699417009883517
33 0.002377608927433326
41 0.00018725926302105958
43 0.0001247963410453852
44 0.00015086301495667102
45 0.000005846154498803574
47 0.0005417782868301434
50 0.00018118346085204656
51 0.0026120411662188853
52 0.0011806080461370938
53 0.0008743084912408826
54 0.00032108878593043
59 0.000012924366889422343
60 0.000012924366889422343
74 0.0002628764536882138
82 0.0009982446762925661
95 0.0005477037159289957
96 0.0004985185111277203
97 0.0000602039675312256
98 0.0005977793231091805
100 0.00014427673725646523
102 0.0003910424617735554
103 0.00008541133970179466
115 0.0007096674962648366
119 0.00046345541606448445
121 0.000426256656302407
134 0.00020241617375177045
135 0.0005446560494091424
136 0.0005913087846696265
140 0.0002005952689646678
143 0.0002681502686494669
144 0.00020863372840141978
162 0.0007601062605041926
168 0.00004914275771090647
174 0.0004111404270832213
175 0.00028530254609905744
177 0.00044410039764801966
180 0.0010104005149229464
195 0.00021509233277500263
202 0.00030783737547859243
203 0.0003136839799123262
221 0.0008180359272162828
222 0.0007496376846183616
227 0.0010448164664875542
233 0.00038915983010845493
235 0.000489099431979698
241 0.000466348213813385
243 0.0007709345372720537
245 0.0006146083728946911
247 0.0006297566600841033
251 0.0003066922772966927
252 0.00021183173694126436
309 0.0036863852328214053
311 0.00033798452589909114
342 0.0004885960299787504
345 0.0006649717304210047
359 0.0007375005660187797
452 0.0005399624677752377
454 0.0007672726067957501
509 0.00047869542676802046
530 0.0002736737953600468
594 0.0005818342485617932
601 0.0004176750344063272
671 0.0003910424617735554
740 0.0005595864323964277
799 0.0003782900330627366
840 0.0005027842686225869
978 0.0010215305713900601
1020 0.0024384189541758277
1194 0.0007230035022084448
1255 0.0007709345372720537
1313 0.0008384895369568529
1391 0.002606599012467004
1435 0.0015418690745441074
1464 0.001907951143410522
1632 0.0010215305713900601
1650 0.0010215305713900601
1922 0.0006464403017122036
1925 0.0006220145312703716
1949 0.0010215305713900601
2100 0.0008128063180586093
2252 0.0007096674962648366
2267 0.0018120890732833041
2588 0.0008384895369568529
2612 0.000953975571705261
3153 0.0010215305713900601
3294 0.000953975571705261
3589 0.000953975571705261
4157 0.0009060445366416521
4462 0.005107652856950301
4464 0.0020430611427801203
4507 0.0034110498184154047
4508 0.0022740332122769364
4509 0.006822099636830809
4510 0.0011370166061384682
4511 0.0011370166061384682
4512 0.0011370166061384682
4513 0.0011370166061384682
4514 0.0034110498184154047
4515 0.0011370166061384682
4516 0.0011370166061384682
4517 0.0011370166061384682
4518 0.0011370166061384682
4519 0.0011370166061384682
4520 0.0011370166061384682
4521 0.0011370166061384682
4522 0.0056850830306923415
4523 0.0056850830306923415