6 0.0000679868157762367
10 0.00023019324012973504
15 0.0002766859671964469
23 0.0003835556157519472
25 0.00019657103084362587
26 0.000009180257170353432
27 0.000026602204202227678
28 0.000028658342088875557
29 0.000032018569715704745
31 0.000027617633552899494
32 0.0001446627800658901
34 0.00017905478797340885
41 0.00018725926302105958
42 0.0005956084863810253
43 0.0001247963410453852
44 0.00015086301495667102
45 0.000005846154498803574
48 0.00014129003011415398
50 0.0001358875956390349
59 0.000012924366889422343
60 0.000012924366889422343
74 0.0003943146805323207
80 0.0006787343976211396
95 0.0007530926094023691
96 0.0007121693016110291
97 0.0000602039675312256
103 0.0004270566985089733
121 0.000852513312604814
132 0.00019350436353001335
133 0.0006495089459653231
135 0.0005446560494091424
138 0.00029998219746697925
139 0.0002495926820907704
143 0.0002681502686494669
144 0.0008345349136056791
146 0.00036481917391093806
160 0.001316920490511493
164 0.00033123821444378676
168 0.00009828551542181294
170 0.0021948674841858217
180 0.0002526001287307366
203 0.0003136839799123262
235 0.000244549715989849
245 0.0012292167457893823
246 0.005939587145527614
311 0.0010139535776972734
454 0.00038363630339787504
503 0.000790558501893244
515 0.00043897349683716435
671 0.0007820849235471108
672 0.0005182941691667408
721 0.0012292167457893823
743 0.0007601062605041926
816 0.0004852300340911263
1482 0.0007709345372720537
1563 0.0012150349349200735
1711 0.0007533803027405932
1911 0.0007096674962648366
1912 0.0008128063180586093
2230 0.0009060445366416521
2924 0.005061024515459113
4025 0.004086122285560241
4424 0.0018120890732833041
4524 0.0011370166061384682
4525 0.0011370166061384682
4526 0.0011370166061384682
4527 0.0011370166061384682
4528 0.0011370166061384682