0 0.00010360515709016387
10 0.000010463329096806138
15 0.000055337193439289376
20 0.00014256349717722765
23 0.0001917778078759736
26 0.000009180257170353432
27 0.000013301102101113839
28 0.000009552780696291852
29 0.000016009284857852372
31 0.000027617633552899494
32 0.0001446627800658901
34 0.00011936985864893924
41 0.00018725926302105958
45 0.00000876923174820536
50 0.00004529586521301164
59 0.000012924366889422343
60 0.000012924366889422343
95 0.0005477037159289957
96 0.0004985185111277203
97 0.0000602039675312256
121 0.0002131283281512035
124 0.00045619878530002813
139 0.0002495926820907704
143 0.0002681502686494669
158 0.0003765453979632206
168 0.00004914275771090647
179 0.0005027842686225869
180 0.0002526001287307366
221 0.0008180359272162828
222 0.0007496376846183616
227 0.0010448164664875542
247 0.0012595133201682067
300 0.00015131149740680623
301 0.0002517773560482004
380 0.0019020871419466608
767 0.00040692219849536895
870 0.0006075174674600367
1785 0.0011297522377733888
2084 0.0006554485025236457
2665 0.0007230035022084448
3351 0.0007375005660187797
3591 0.004086122285560241
4529 0.0022740332122769364
4530 0.0011370166061384682