0 0.00010360515709016387
6 0.00009064908770164895
10 0.00003138998729041841
20 0.00014256349717722765
23 0.0001917778078759736
25 0.00004914275771090647
26 0.000009180257170353432
27 0.000026602204202227678
28 0.000014329171044437778
29 0.000021345713143803165
30 0.0004002776040626084
31 0.00003314116026347939
32 0.0001446627800658901
36 0.00017439542599474
41 0.00018725926302105958
43 0.0001247963410453852
44 0.00015086301495667102
45 0.000005846154498803574
50 0.00004529586521301164
57 0.0003603367151728103
59 0.000006462183444711172
60 0.000012924366889422343
67 0.0003493811814946261
74 0.0001314382268441069
93 0.0002302492435057135
95 0.0006161666804201201
96 0.0005697354412888233
97 0.00018061190259367678
103 0.00008541133970179466
108 0.0002542579645943101
119 0.000308970277376323
124 0.00045619878530002813
125 0.00038013792159427004
136 0.00029565439233481325
139 0.0002495926820907704
143 0.0002681502686494669
159 0.0002817353899173489
166 0.0004605016093796513
168 0.00009828551542181294
185 0.00023389514674621796
195 0.0010754616638750133
200 0.0005666143587603556
211 0.0005446560494091424
328 0.0006520623857339232
361 0.0009210032187593025
497 0.00044672424919219483
515 0.0008779469936743287
547 0.00458813951766552
590 0.0010207176122457593
625 0.0006378942679921852
700 0.0003910424617735554
712 0.0012928806034244072
734 0.0010055685372451738
742 0.0024415331909722134
806 0.0008138443969907379
807 0.0007709345372720537
921 0.0069118517295367115
975 0.0011089190631711448
1069 0.0003968214617715378
1104 0.0006554485025236457
1132 0.0008882007952960393
1184 0.000790558501893244
1211 0.0009060445366416521
1854 0.0005818342485617932
2020 0.003162234007572976
2021 0.01676979073913706
2025 0.0008128063180586093
2161 0.0038273656079531107
2221 0.0014460070044168896
2313 0.003486601416551006
2459 0.0009060445366416521
2712 0.010426396049868015
2753 0.01225836685668072
3506 0.01390186139982402
3744 0.0008384895369568529
4342 0.0010215305713900601
4532 0.01327989742807078
4533 0.0011370166061384682