0 0.00010360515709016387
6 0.00020396044732871014
10 0.00003138998729041841
14 0.00026456709550368824
15 0.00011067438687857875
17 0.0004875313243364415
20 0.00014256349717722765
24 0.000509996983979533
25 0.00014742827313271942
26 0.000027540771511060296
27 0.00001995165315167076
28 0.00003821112278516741
29 0.000016009284857852372
30 0.00016011104162504336
31 0.000016570580131739694
34 0.00005968492932446962
45 0.00000876923174820536
49 0.0002231883932943071
50 0.00004529586521301164
54 0.00064217757186086
59 0.000006462183444711172
60 0.000012924366889422343
73 0.0009771920599575008
74 0.0001314382268441069
91 0.0009385359998924797
93 0.0002302492435057135
95 0.00006846296449112447
96 0.00007121693016110292
103 0.0004270566985089733
111 0.000944814936180877
114 0.0005941814615164285
119 0.0001544851386881615
124 0.00022809939265001406
135 0.0021786241976365695
136 0.0005913087846696265
139 0.0002495926820907704
144 0.00041726745680283956
151 0.0006787343976211396
159 0.001831280034462768
162 0.0003800531302520963
168 0.00019657103084362587
191 0.0006973202833102012
217 0.000895524656248647
221 0.0008180359272162828
234 0.00038363630339787504
235 0.000244549715989849
259 0.0003407614423411458
265 0.00048441707494682545
293 0.0005065284965219635
300 0.00030262299481361246
306 0.0022592723877793235
325 0.0008779469936743287
361 0.0004605016093796513
390 0.001175787005677693
442 0.00036481917391093806
490 0.002824380594433472
496 0.004541955359430139
539 0.0005494856956725966
568 0.0005595864323964277
585 0.0003987932141285859
594 0.005236508237056138
623 0.0009210032187593025
691 0.00038363630339787504
701 0.000570339268307386
714 0.0005027842686225869
719 0.0005544595315855724
744 0.0005544595315855724
776 0.0008309364644307748
832 0.0006146083728946911
848 0.0005446560494091424
867 0.0015083528058677605
897 0.0005494856956725966
898 0.0005027842686225869
900 0.0005266264618316295
901 0.0005759876441280593
902 0.0005544595315855724
903 0.0005818342485617932
904 0.0006007160688395344
905 0.0005878935028388465
906 0.000570339268307386
907 0.0005878935028388465
908 0.0005818342485617932
909 0.0005941814615164285
910 0.000570339268307386
911 0.0005759876441280593
912 0.00047869542676802046
1042 0.01721484619619139
1043 0.021603315516630896
1044 0.0011297522377733888
1045 0.004769877858526305
1046 0.004625607223632322
1047 0.004916866983157529
1048 0.0028386699850593464
1049 0.000629765283625402
1050 0.0010215305713900601
1051 0.0006750724671448359
1052 0.0011370166061384682
1053 0.0011370166061384682
1054 0.0022740332122769364
1055 0.001907951143410522
1056 0.0006464403017122036
1057 0.002861926715115783
1058 0.0014193349925296732
1059 0.0011370166061384682
1060 0.0005544595315855724
1061 0.0007375005660187797
1062 0.0011297522377733888
1063 0.0007375005660187797
1064 0.0008128063180586093
1065 0.0008830344552307394
1066 0.00048193069598779744
1067 0.0005544595315855724
1068 0.0005103588061228796
1069 0.0003968214617715378
1070 0.0011370166061384682
1071 0.0007533803027405932
1072 0.0005544595315855724
1073 0.000953975571705261
1074 0.0011370166061384682
1075 0.001994915191263014
1076 0.0011370166061384682
1077 0.0011370166061384682
1078 0.0011370166061384682
1079 0.0011370166061384682
1080 0.0011370166061384682
1081 0.0011370166061384682
1082 0.0008688663374890013