5 0.0001350647307564619
10 0.000010463329096806138
15 0.00033202316063573624
20 0.00014256349717722765
23 0.0001917778078759736
24 0.00012749924599488326
25 0.00004914275771090647
26 0.000009180257170353432
27 0.000026602204202227678
28 0.000009552780696291852
29 0.000021345713143803165
31 0.0000055235267105798985
32 0.0008679766803953407
34 0.00005968492932446962
42 0.0008934127295715378
43 0.0001247963410453852
44 0.00030172602991334203
45 0.000011692308997607148
47 0.0002708891434150717
50 0.00004529586521301164
52 0.0037779457476387
53 0.003788670128710491
54 0.00032108878593043
59 0.000006462183444711172
72 0.0014789759973708727
73 0.0004885960299787504
81 0.00033390404938987825
87 0.00036808616347914477
95 0.00041077778694674673
96 0.00042730158096661747
97 0.00018061190259367678
108 0.0007627738937829303
124 0.0009123975706000563
132 0.00019350436353001335
139 0.0001247963410453852
159 0.0002817353899173489
160 0.0017558939873486574
163 0.00029998219746697925
168 0.00009828551542181294
169 0.0005326980994101582
170 0.00043897349683716435
195 0.0008603693311000105
214 0.0004954467145424086
265 0.00024220853747341272
273 0.0007394879986854364
297 0.00044939008413828627
298 0.0004991223381462831
299 0.0032098198435391114
308 0.0005309542669637955
327 0.00047869542676802046
362 0.001199928789867917
385 0.0005182941691667408
454 0.00038363630339787504
456 0.0020242623420281968
475 0.0005052002574614732
554 0.0003600357507382571
639 0.00045485323355897795
706 0.002351574011355386
734 0.0005027842686225869
839 0.0004755217854866652
1035 0.0007375005660187797
1069 0.0007936429235430756
1119 0.000629765283625402
1393 0.0005878935028388465
1476 0.0024584334915787646
1548 0.0014460070044168896
1938 0.003073041864473456
1979 0.0005818342485617932
2271 0.0010215305713900601
4497 0.0008688663374890013
4538 0.0011370166061384682
4539 0.0010215305713900601
4540 0.0011370166061384682
4541 0.0011370166061384682
4542 0.0011370166061384682
4543 0.0011370166061384682
4544 0.0011370166061384682
4545 0.0011370166061384682
4546 0.0011370166061384682
4547 0.0011370166061384682
4548 0.0011370166061384682
4549 0.0011370166061384682
4550 0.0011370166061384682
4551 0.0011370166061384682