0 0.00010360515709016387
5 0.0001350647307564619
6 0.00011331135962706119
8 0.0002302492435057135
10 0.0001674132655488982
15 0.000442697547514315
17 0.000975062648672883
24 0.000509996983979533
26 0.000009180257170353432
27 0.000026602204202227678
28 0.000014329171044437778
29 0.000016009284857852372
31 0.000027617633552899494
32 0.00021699417009883517
34 0.00005968492932446962
45 0.00000876923174820536
48 0.00014129003011415398
50 0.00004529586521301164
59 0.000006462183444711172
60 0.000012924366889422343
72 0.0003697439993427182
75 0.0009269711948352643
81 0.001335616197559513
87 0.00036808616347914477
91 0.00046926799994623984
93 0.0002302492435057135
95 0.0006846296449112446
96 0.0007121693016110291
97 0.0001204079350624512
100 0.00014427673725646523
103 0.000256234019105384
132 0.00058051309059004
133 0.0006495089459653231
144 0.0006259011852042593
159 0.0009860738647107213
163 0.00029998219746697925
168 0.00009828551542181294
169 0.0010653961988203165
170 0.0017558939873486574
172 0.00023913727761189357
175 0.00028530254609905744
177 0.00044410039764801966
185 0.0004677902934924359
195 0.00021509233277500263
211 0.0005446560494091424
213 0.00036481917391093806
215 0.0010893120988182848
216 0.0006075174674600367
246 0.006479549613302851
255 0.00047827455522378713
264 0.000570339268307386
273 0.0003697439993427182
331 0.0025094718392986094
362 0.0005999643949339585
396 0.0008128063180586093
475 0.0005052002574614732
639 0.0018194129342359118
716 0.0009097064671179559
921 0.0028799382206402967
1110 0.000685825303055794
1548 0.0021690105066253344
1597 0.0006554485025236457
1938 0.0018438251186840733
2043 0.0011519752882561186
2087 0.003013521210962373