5 0.0001350647307564619
7 0.0003538642626209047
10 0.00010463329096806138
15 0.0002766859671964469
20 0.00014256349717722765
26 0.000009180257170353432
27 0.0000332527552527846
28 0.000014329171044437778
29 0.00002668214142975396
31 0.000027617633552899494
32 0.00021699417009883517
34 0.00005968492932446962
36 0.00017439542599474
45 0.00000876923174820536
59 0.000006462183444711172
60 0.000012924366889422343
67 0.0027950494519570087
68 0.0024168488065099965
69 0.0038545720818497766
73 0.0004885960299787504
80 0.0010181015964317096
81 0.00033390404938987825
82 0.0019964893525851323
95 0.00027385185796449787
96 0.00028486772064441167
97 0.0002408158701249024
107 0.0005595864323964277
108 0.0002542579645943101
116 0.0010707949874704638
121 0.0002131283281512035
129 0.0004724074680904385
134 0.0004048323475035409
144 0.0010431686420070989
157 0.0061724277275021465
159 0.00014086769495867446
162 0.0003800531302520963
180 0.0002526001287307366
200 0.0005666143587603556
202 0.00030783737547859243
222 0.0003748188423091808
265 0.00024220853747341272
273 0.0007394879986854364
302 0.00038363630339787504
342 0.0009771920599575008
391 0.0009210032187593025
393 0.00048193069598779744
398 0.0007264187840392248
430 0.00033256580019006747
437 0.00043897349683716435
456 0.0008097049368112787
530 0.0002736737953600468
539 0.0016484570870177898
555 0.0006871708547968443
619 0.0005446560494091424
626 0.0009060445366416521
706 0.0029394675141942326
829 0.0006220145312703716
875 0.001907951143410522
876 0.0029500022640751187
1027 0.0007230035022084448
1060 0.0005544595315855724
1142 0.00040280813441833274
1263 0.003037587337300184
1282 0.0011089190631711448
1308 0.0007375005660187797
1314 0.0005446560494091424
1495 0.0006464403017122036
1642 0.0018438251186840733
1808 0.0006007160688395344
1938 0.0006146083728946911
2037 0.0006378942679921852
2780 0.000790558501893244
2897 0.0017377326749780026
4552 0.0034110498184154047