0 0.00010360515709016387
5 0.0004051941922693857
10 0.0002511198983233473
15 0.00011067438687857875
23 0.0001917778078759736
25 0.00004914275771090647
26 0.000009180257170353432
27 0.000013301102101113839
28 0.000014329171044437778
29 0.000010672856571901583
30 0.00008005552081252168
31 0.000016570580131739694
32 0.00021699417009883517
42 0.0005956084863810253
45 0.000014615386247008935
47 0.0002708891434150717
48 0.0005651601204566159
50 0.00004529586521301164
59 0.000006462183444711172
60 0.000012924366889422343
95 0.00047924075143787115
96 0.0005697354412888233
97 0.0000602039675312256
100 0.00014427673725646523
130 0.00036808616347914477
159 0.0002817353899173489
168 0.00004914275771090647
172 0.00023913727761189357
200 0.0002833071793801778
219 0.0010848450449278055
220 0.0016198874033257126
235 0.000244549715989849
251 0.0003066922772966927
273 0.0003697439993427182
300 0.0006052459896272249
301 0.0010071094241928015
302 0.0015345452135915002
327 0.00047869542676802046
391 0.004605016093796513
430 0.00033256580019006747
446 0.0008353500688126544
454 0.00038363630339787504
555 0.00034358542739842214
574 0.008775942072882865
587 0.0007096674962648366
612 0.0006750724671448359
713 0.011643650163297022
714 0.0005027842686225869
717 0.0007709345372720537
735 0.003565088769098571
913 0.0004111404270832213
1103 0.00046935029736931276
1122 0.000685825303055794
1123 0.000685825303055794
1266 0.000629765283625402
1282 0.0005544595315855724
1317 0.0011089190631711448
1582 0.00044672424919219483
1643 0.0007375005660187797
1647 0.0008384895369568529
1774 0.0007096674962648366
2043 0.0017279629323841779
2839 0.0009060445366416521
2897 0.0008688663374890013
3079 0.0008128063180586093
3155 0.0007533803027405932
4553 0.0011370166061384682
4554 0.0010215305713900601
4555 0.0011370166061384682