5 0.0001350647307564619
10 0.000020926658193612276
15 0.0002213487737571575
26 0.000009180257170353432
27 0.0000066505510505569195
28 0.000014329171044437778
29 0.000010672856571901583
31 0.00003314116026347939
32 0.00021699417009883517
42 0.00029780424319051263
45 0.000011692308997607148
59 0.000006462183444711172
60 0.000012924366889422343
95 0.00027385185796449787
96 0.00028486772064441167
97 0.0000602039675312256
116 0.0005353974937352319
121 0.0002131283281512035
136 0.00029565439233481325
144 0.00041726745680283956
200 0.0002833071793801778
214 0.0004954467145424086
219 0.0003616150149759352
220 0.0005399624677752377
223 0.0007578003861922098
245 0.0006146083728946911
246 0.0005399624677752377
252 0.00021183173694126436
273 0.0003697439993427182
290 0.0005648761188866944
354 0.0004955391650005044
497 0.00044672424919219483
706 0.002351574011355386
936 0.0006554485025236457
1304 0.0005595864323964277
1520 0.001140678536614772
3145 0.000953975571705261