6 0.00011331135962706119
8 0.000460498487011427
10 0.000020926658193612276
18 0.0003172930263603734
20 0.00014256349717722765
24 0.00012749924599488326
25 0.00004914275771090647
26 0.000018360514340706863
27 0.000013301102101113839
28 0.000009552780696291852
29 0.000010672856571901583
30 0.00008005552081252168
31 0.000027617633552899494
34 0.00017905478797340885
36 0.00017439542599474
43 0.0001247963410453852
45 0.000011692308997607148
47 0.0005417782868301434
57 0.0003603367151728103
59 0.000012924366889422343
60 0.000038773100668267026
97 0.0000602039675312256
117 0.00038545720818497763
119 0.000308970277376323
125 0.00038013792159427004
134 0.00020241617375177045
137 0.000570339268307386
140 0.0008023810758586712
153 0.0006885886196485052
155 0.001259530567250804
163 0.00029998219746697925
168 0.00004914275771090647
169 0.0005326980994101582
172 0.00023913727761189357
180 0.0002526001287307366
197 0.000570339268307386
219 0.0003616150149759352
259 0.0003407614423411458
265 0.00024220853747341272
276 0.0007394879986854364
300 0.0012104919792544498
417 0.0007200715014765141
437 0.00043897349683716435
481 0.0004339996609241885
486 0.0007230035022084448
490 0.0005648761188866944
491 0.0005544595315855724
506 0.000790558501893244
573 0.0004885960299787504
775 0.00036481917391093806
793 0.0034559258647683558
1038 0.0005103588061228796
1101 0.000790558501893244
1562 0.0006220145312703716
1563 0.0006075174674600367
1868 0.0006075174674600367
2387 0.0036241781465666083
2775 0.0007230035022084448
3122 0.005723853430231566
4556 0.0025154686108705584
4557 0.0011370166061384682
4558 0.0009060445366416521
4559 0.00306459171417018
4560 0.004548066424553873
4561 0.0011370166061384682
4562 0.0022740332122769364
4563 0.0010215305713900601