2 0.0003632093920196124
3 0.00044939008413828627
4 0.000801577161694931
6 0.00009064908770164895
8 0.000920996974022854
9 0.004932990430228345
10 0.00005231664548403069
15 0.00011067438687857875
23 0.0001917778078759736
24 0.00012749924599488326
25 0.00004914275771090647
26 0.000018360514340706863
27 0.00001995165315167076
28 0.00002388195174072963
29 0.00002668214142975396
31 0.000027617633552899494
34 0.00023873971729787848
36 0.00052318627798422
37 0.0011963796423857577
38 0.0013729604595821559
45 0.000011692308997607148
50 0.00004529586521301164
59 0.000019386550334133513
60 0.000038773100668267026
97 0.0000602039675312256
102 0.0003910424617735554
103 0.00008541133970179466
108 0.0005085159291886202
129 0.0004724074680904385
134 0.00020241617375177045
138 0.0005999643949339585
140 0.0002005952689646678
151 0.0003393671988105698
168 0.00004914275771090647
172 0.00023913727761189357
185 0.00023389514674621796
233 0.00038915983010845493
235 0.000489099431979698
352 0.00257139624438497
356 0.0015798793854948881
430 0.00033256580019006747
439 0.0005266264618316295
440 0.0013901978018369889
586 0.0005759876441280593
639 0.0036388258684718236
702 0.0010707949874704638
851 0.00046935029736931276
912 0.00047869542676802046
1075 0.0013299434608420094
1122 0.000685825303055794
1123 0.000685825303055794
1193 0.0015928628008913862
1360 0.0005941814615164285
3910 0.009223384906525382
4556 0.005030937221741117
4558 0.0009060445366416521
4564 0.005723853430231566
4565 0.0010215305713900601