4 0.000801577161694931
5 0.0001350647307564619
6 0.0003172718069557713
10 0.00003138998729041841
15 0.000055337193439289376
18 0.0003172930263603734
23 0.0003835556157519472
24 0.000509996983979533
25 0.00014742827313271942
26 0.000009180257170353432
27 0.00001995165315167076
28 0.00002388195174072963
29 0.000021345713143803165
30 0.00016011104162504336
31 0.000022094106842319594
32 0.0001446627800658901
34 0.00011936985864893924
42 0.00029780424319051263
43 0.0001247963410453852
44 0.00015086301495667102
45 0.000005846154498803574
47 0.0002708891434150717
49 0.0002231883932943071
50 0.00009059173042602328
56 0.0006871708547968443
57 0.0010810101455184307
59 0.000006462183444711172
60 0.000012924366889422343
74 0.0001314382268441069
93 0.0002302492435057135
95 0.0006846296449112446
96 0.0006409523714499261
97 0.0001204079350624512
103 0.00008541133970179466
119 0.00046345541606448445
125 0.0007602758431885401
139 0.0002495926820907704
143 0.0002681502686494669
153 0.00022952953988283507
159 0.00014086769495867446
168 0.00004914275771090647
189 0.0004755217854866652
200 0.0002833071793801778
214 0.0002477233572712043
266 0.0003010819448897304
328 0.0003260311928669616
391 0.0009210032187593025
415 0.0006649717304210047
417 0.0007200715014765141
466 0.0006973202833102012
530 0.0002736737953600468
555 0.00034358542739842214
667 0.0006750724671448359
668 0.002376725846065714
669 0.004159270230614999
808 0.0017110178049221578
851 0.00046935029736931276
988 0.0007096674962648366
1142 0.0012084244032549982
1274 0.0007533803027405932
1642 0.0012292167457893823
1825 0.0007709345372720537
1979 0.0005818342485617932
2771 0.0007709345372720537
4244 0.015322958570850902
4556 0.0016769790739137058
4558 0.0009060445366416521
4566 0.0011370166061384682
4567 0.0011370166061384682
4568 0.0010215305713900601