0 0.00010360515709016387
6 0.00015863590347788565
10 0.00003138998729041841
13 0.0003124981305672972
23 0.0001917778078759736
25 0.00004914275771090647
26 0.000009180257170353432
27 0.00001995165315167076
28 0.000019105561392583703
29 0.00002668214142975396
30 0.00008005552081252168
31 0.000022094106842319594
32 0.0001446627800658901
34 0.00005968492932446962
41 0.00018725926302105958
43 0.0001247963410453852
44 0.00015086301495667102
45 0.00000876923174820536
46 0.0013092710867586897
48 0.00028258006022830796
49 0.0002231883932943071
50 0.00009059173042602328
52 0.00023612160922741876
54 0.0004816331788956449
59 0.000012924366889422343
60 0.000012924366889422343
74 0.0002628764536882138
76 0.0009504904821894923
95 0.0008215555738934935
96 0.0008546031619332349
97 0.0001204079350624512
100 0.00028855347451293045
103 0.00017082267940358932
121 0.0002131283281512035
139 0.00037438902313615557
151 0.0006787343976211396
153 0.00022952953988283507
159 0.00014086769495867446
163 0.00029998219746697925
185 0.0004677902934924359
217 0.0020149304765594554
221 0.0016360718544325655
222 0.0014992753692367232
223 0.0005052002574614732
255 0.0007174118328356807
264 0.0017110178049221578
265 0.00048441707494682545
300 0.0012104919792544498
301 0.0017624414923374024
362 0.00029998219746697925
390 0.001175787005677693
434 0.00032731777168967243
482 0.0008056162688366655
555 0.00034358542739842214
575 0.00047869542676802046
644 0.0005399624677752377
645 0.0005353974937352319
719 0.0005544595315855724
775 0.0010944575217328141
960 0.0004724074680904385
1013 0.0005494856956725966
1038 0.0005103588061228796
1039 0.0007533803027405932
1083 0.0011370166061384682
1084 0.0011370166061384682
1085 0.000953975571705261
1086 0.0005446560494091424