1 0.0005494856956725966
5 0.0001350647307564619
6 0.00009064908770164895
10 0.000020926658193612276
23 0.0003835556157519472
24 0.00012749924599488326
25 0.00014742827313271942
26 0.000009180257170353432
27 0.00001995165315167076
28 0.00002388195174072963
29 0.000032018569715704745
30 0.00008005552081252168
31 0.000011047053421159797
32 0.0001446627800658901
34 0.00005968492932446962
45 0.000002923077249401787
50 0.00004529586521301164
52 0.0004722432184548375
53 0.0002914361637469609
54 0.00032108878593043
59 0.000012924366889422343
60 0.000012924366889422343
65 0.00093269642762677
67 0.0006987623629892522
77 0.0008779469936743287
91 0.00023463399997311992
95 0.0005477037159289957
96 0.0004985185111277203
97 0.0000602039675312256
98 0.00029888966155459023
110 0.0003600357507382571
117 0.00038545720818497763
129 0.0004724074680904385
134 0.0004048323475035409
139 0.0001247963410453852
163 0.00029998219746697925
196 0.0005309542669637955
203 0.0003136839799123262
213 0.00036481917391093806
222 0.0003748188423091808
233 0.0015566393204338197
247 0.0006297566600841033
266 0.0003010819448897304
278 0.0004991223381462831
301 0.0002517773560482004
307 0.0003818350844534872
327 0.0009573908535360409
328 0.0006520623857339232
339 0.0005103588061228796
348 0.0008688663374890013
365 0.007143314043743756
372 0.0003553858360236491
389 0.00045485323355897795
452 0.0005399624677752377
454 0.00038363630339787504
517 0.002834444808542631
540 0.0005648761188866944
572 0.0010448164664875542
611 0.0005309542669637955
671 0.0003910424617735554
676 0.0005818342485617932
680 0.0005309542669637955
691 0.0007672726067957501
709 0.004114951818334764
723 0.0007709345372720537
799 0.0003782900330627366
806 0.00040692219849536895
1283 0.001053252923663259
1317 0.0005544595315855724
1757 0.0006554485025236457
2208 0.0023716755056797318
3139 0.0009060445366416521
4556 0.0033539581478274115
4569 0.0010215305713900601
4570 0.0011370166061384682
4571 0.0011370166061384682
4572 0.0022740332122769364
4573 0.0011370166061384682
4574 0.0011370166061384682
4575 0.003251225272234437
4576 0.00715071399973042
4577 0.0011370166061384682
4578 0.0011370166061384682
4579 0.0011370166061384682
4580 0.0011370166061384682