5 0.0001350647307564619
6 0.00011331135962706119
10 0.000020926658193612276
15 0.000055337193439289376
23 0.0001917778078759736
24 0.00012749924599488326
25 0.00004914275771090647
26 0.000009180257170353432
27 0.0000332527552527846
28 0.000019105561392583703
29 0.000021345713143803165
30 0.00016011104162504336
31 0.000022094106842319594
32 0.0001446627800658901
34 0.00005968492932446962
45 0.000005846154498803574
50 0.00018118346085204656
51 0.0005224082332437771
54 0.00032108878593043
57 0.00018016835758640515
59 0.000012924366889422343
60 0.000012924366889422343
76 0.00047524524109474617
95 0.0006161666804201201
96 0.0005697354412888233
100 0.00014427673725646523
117 0.0007709144163699553
124 0.0009123975706000563
125 0.00019006896079713502
129 0.0004724074680904385
134 0.00020241617375177045
138 0.0005999643949339585
142 0.0004520992678889995
153 0.00022952953988283507
164 0.0006624764288875735
168 0.00004914275771090647
180 0.0002526001287307366
185 0.0004677902934924359
214 0.0014863401436272256
217 0.0004477623281243235
223 0.001263000643653683
227 0.0005224082332437771
242 0.003083738149088215
255 0.0009565491104475743
288 0.000790558501893244
296 0.0006649717304210047
300 0.00015131149740680623
339 0.0005103588061228796
362 0.00029998219746697925
372 0.0003553858360236491
456 0.0008097049368112787
530 0.0002736737953600468
680 0.001061908533927591
691 0.0007672726067957501
839 0.0004755217854866652
918 0.0008128063180586093
1146 0.000685825303055794
1171 0.0010365883383334816
1242 0.0005648761188866944
1451 0.0006146083728946911
1753 0.0008688663374890013
2346 0.0012928806034244072
2356 0.0007375005660187797
2388 0.0008688663374890013
2787 0.0015418690745441074
2801 0.000953975571705261
3893 0.0009060445366416521
4169 0.0010215305713900601
4556 0.0058694267586979695
4581 0.0011370166061384682
4582 0.0011370166061384682
4583 0.0011370166061384682