2 0.001816046960098062
6 0.00020396044732871014
8 0.000920996974022854
10 0.00004185331638722455
14 0.0005291341910073765
15 0.00011067438687857875
20 0.0002851269943544553
23 0.0001917778078759736
25 0.00004914275771090647
26 0.000009180257170353432
27 0.000026602204202227678
28 0.00002388195174072963
29 0.000037354998001655535
30 0.00016011104162504336
31 0.00003314116026347939
32 0.0001446627800658901
34 0.0004177945052712873
35 0.0008384895369568529
36 0.00017439542599474
41 0.00018725926302105958
43 0.0002495926820907704
44 0.00030172602991334203
45 0.000005846154498803574
48 0.00028258006022830796
50 0.00009059173042602328
57 0.0009008417879320257
59 0.000006462183444711172
60 0.000012924366889422343
67 0.0003493811814946261
74 0.0001314382268441069
75 0.004016875177619479
84 0.0005494856956725966
92 0.00036481917391093806
95 0.0007530926094023691
96 0.000783386231772132
97 0.0002408158701249024
100 0.00028855347451293045
103 0.00034164535880717864
108 0.0007627738937829303
122 0.00030783737547859243
124 0.00045619878530002813
125 0.00038013792159427004
131 0.0006649717304210047
136 0.0008869631770044397
139 0.0002495926820907704
140 0.0002005952689646678
141 0.0005103588061228796
143 0.0008044508059484006
145 0.0009982446762925661
153 0.00022952953988283507
159 0.0002817353899173489
168 0.00004914275771090647
169 0.0002663490497050791
185 0.00023389514674621796
189 0.0004755217854866652
200 0.0008499215381405333
203 0.0003136839799123262
234 0.00038363630339787504
240 0.0005065284965219635
248 0.0007230035022084448
249 0.0006378942679921852
250 0.0005878935028388465
251 0.0003066922772966927
265 0.00048441707494682545
286 0.0006973202833102012
293 0.0005065284965219635
360 0.0015928628008913862
361 0.0009210032187593025
446 0.0004176750344063272
483 0.0007601062605041926
497 0.00044672424919219483
515 0.00043897349683716435
547 0.0013108970050472915
549 0.0005759876441280593
590 0.003062152836737278
611 0.0005309542669637955
613 0.0004176750344063272
671 0.0003910424617735554
700 0.0003910424617735554
714 0.0005027842686225869
721 0.0006146083728946911
730 0.0006554485025236457
734 0.0005027842686225869
737 0.0008688663374890013
739 0.0006750724671448359
742 0.004069221984953689
797 0.0004755217854866652
806 0.0008138443969907379
807 0.0007709345372720537
892 0.0005595864323964277
894 0.0009060445366416521
921 0.010943765238433125
975 0.0011089190631711448
1036 0.000867999321848377
1038 0.0005103588061228796
1104 0.0006554485025236457
1132 0.0008882007952960393
1145 0.000790558501893244
1184 0.000790558501893244
1242 0.0005648761188866944
1328 0.0006973202833102012
1422 0.0033539581478274115
1854 0.0005818342485617932
1979 0.0005818342485617932
2020 0.0023716755056797318
2021 0.017608280276093912
2031 0.0008688663374890013
2161 0.006378942679921852
2221 0.0007230035022084448
2303 0.000685825303055794
2336 0.0005266264618316295
2712 0.01390186139982402
3155 0.0007533803027405932
3506 0.02693485646215904
3744 0.0008384895369568529
3889 0.000953975571705261
4324 0.016217584718989438
4532 0.04801193685533283
4535 0.0008384895369568529
4584 0.001907951143410522