0 0.00020721031418032774
5 0.0002701294615129238
6 0.00022662271925412238
8 0.0011512462175285675
10 0.00004185331638722455
15 0.00011067438687857875
20 0.00014256349717722765
23 0.0001917778078759736
25 0.00009828551542181294
26 0.000009180257170353432
27 0.000026602204202227678
28 0.000019105561392583703
29 0.000021345713143803165
31 0.000038664686974059284
32 0.0001446627800658901
34 0.00011936985864893924
36 0.00017439542599474
41 0.00018725926302105958
43 0.0002495926820907704
44 0.00015086301495667102
45 0.000005846154498803574
48 0.00028258006022830796
49 0.0002231883932943071
50 0.00004529586521301164
54 0.00064217757186086
57 0.0016215152182776462
59 0.000012924366889422343
60 0.000012924366889422343
74 0.0001314382268441069
75 0.00030899039827842145
81 0.00033390404938987825
82 0.0004991223381462831
93 0.0002302492435057135
95 0.0006846296449112446
96 0.0007121693016110291
97 0.0002408158701249024
100 0.00014427673725646523
102 0.0003910424617735554
103 0.00017082267940358932
108 0.0005085159291886202
116 0.0005353974937352319
119 0.0001544851386881615
121 0.0036231815785704594
124 0.00045619878530002813
125 0.00019006896079713502
153 0.00022952953988283507
159 0.00014086769495867446
168 0.00009828551542181294
169 0.0002663490497050791
195 0.0010754616638750133
213 0.00036481917391093806
214 0.0032204036445256552
219 0.0007232300299518704
223 0.0005052002574614732
247 0.0003148783300420517
251 0.0003066922772966927
252 0.0004236634738825287
259 0.0006815228846822916
262 0.0006929162084904484
265 0.00048441707494682545
266 0.0006021638897794608
271 0.0004415172276153697
276 0.0007394879986854364
362 0.0008999465924009378
460 0.0006554485025236457
463 0.0006075174674600367
466 0.0006973202833102012
470 0.00044672424919219483
483 0.002660371911764674
610 0.0005759876441280593
659 0.0007230035022084448
661 0.0006554485025236457
680 0.0005309542669637955
739 0.0013501449342896718
786 0.000570339268307386
795 0.0005353974937352319
829 0.003110072656351858
833 0.004052227972175708
834 0.0019136828039765554
853 0.0005494856956725966
865 0.0004520992678889995
1031 0.0006554485025236457
1069 0.0003968214617715378
1088 0.006649717304210046
1103 0.0009387005947386255
1132 0.00044410039764801966
1360 0.0005941814615164285
1648 0.0006075174674600367
1707 0.0007709345372720537
1963 0.0006973202833102012
2189 0.0006146083728946911
2440 0.000790558501893244
3786 0.000953975571705261
4250 0.0010215305713900601
4585 0.0010215305713900601
4586 0.0011370166061384682
4587 0.0010215305713900601
4588 0.0008688663374890013
4589 0.0010215305713900601