0 0.00010360515709016387
6 0.00022662271925412238
8 0.0006907477305171405
10 0.00004185331638722455
13 0.0003124981305672972
15 0.000055337193439289376
20 0.00014256349717722765
23 0.0003835556157519472
24 0.00012749924599488326
25 0.00014742827313271942
26 0.000009180257170353432
27 0.00001995165315167076
28 0.000014329171044437778
29 0.000021345713143803165
30 0.00016011104162504336
31 0.000038664686974059284
32 0.0001446627800658901
41 0.00018725926302105958
42 0.0011912169727620505
43 0.0001247963410453852
44 0.00015086301495667102
45 0.000005846154498803574
47 0.0002708891434150717
48 0.00014129003011415398
49 0.0002231883932943071
50 0.00009059173042602328
54 0.0011238107507565048
59 0.000006462183444711172
60 0.000012924366889422343
74 0.0001314382268441069
76 0.00047524524109474617
95 0.0006846296449112446
96 0.0006409523714499261
97 0.0001204079350624512
100 0.00014427673725646523
103 0.00008541133970179466
122 0.0009235121264357772
153 0.00022952953988283507
159 0.0002817353899173489
168 0.00009828551542181294
180 0.0005052002574614732
188 0.0010365883383334816
195 0.00043018466555000526
213 0.00036481917391093806
214 0.0002477233572712043
217 0.00022388116406216174
234 0.00038363630339787504
251 0.0006133845545933855
265 0.00024220853747341272
300 0.00045393449222041863
303 0.0004090179636081414
434 0.00032731777168967243
446 0.0004176750344063272
466 0.0006973202833102012
470 0.00044672424919219483
475 0.0002526001287307366
482 0.00443088947860166
489 0.0006146083728946911
493 0.0011519752882561186
575 0.00047869542676802046
663 0.0013946405666204024
691 0.0007672726067957501
742 0.00040692219849536895
743 0.0007601062605041926
786 0.0028516963415369297
831 0.003110072656351858
833 0.0025326424826098174
951 0.00627588254979181
1701 0.0007533803027405932
1963 0.0006973202833102012
4588 0.0008688663374890013
4590 0.0011370166061384682