5 0.0001350647307564619
8 0.0002302492435057135
10 0.00004185331638722455
15 0.0002213487737571575
20 0.00014256349717722765
23 0.0001917778078759736
25 0.00014742827313271942
26 0.000009180257170353432
27 0.000026602204202227678
28 0.00002388195174072963
29 0.000016009284857852372
30 0.00008005552081252168
31 0.000016570580131739694
32 0.00021699417009883517
34 0.00011936985864893924
36 0.00017439542599474
41 0.00018725926302105958
43 0.0001247963410453852
44 0.00015086301495667102
45 0.000005846154498803574
50 0.00009059173042602328
59 0.000006462183444711172
60 0.000012924366889422343
74 0.0001314382268441069
93 0.000460498487011427
95 0.0006846296449112446
96 0.0006409523714499261
97 0.0001204079350624512
100 0.00014427673725646523
103 0.00008541133970179466
124 0.0006842981779500422
136 0.00029565439233481325
144 0.0010431686420070989
154 0.0007533803027405932
167 0.0003185136261757804
168 0.00004914275771090647
195 0.00021509233277500263
202 0.00030783737547859243
203 0.0006273679598246524
251 0.0003066922772966927
266 0.0003010819448897304
300 0.00030262299481361246
301 0.0005035547120964008
380 0.0014265653564599955
429 0.0009510435709733304
601 0.005429775447282253
714 0.0005027842686225869
716 0.00045485323355897795
742 0.00040692219849536895
799 0.0003782900330627366
806 0.0044761441834490585
818 0.017145632576394853
892 0.002238345729585711
973 0.007343389545527027
975 0.004435676252684579
1122 0.000685825303055794
1123 0.000685825303055794
1714 0.0033753623357241796
1947 0.005213198024934008
2299 0.032688978284481925
2754 0.0009060445366416521
3211 0.0010215305713900601
4589 0.0010215305713900601
4591 0.021603315516630896
4592 0.0022740332122769364
4593 0.0011370166061384682
4594 0.0011370166061384682