0 0.00010360515709016387
7 0.0003538642626209047
10 0.000010463329096806138
15 0.0002213487737571575
24 0.00012749924599488326
25 0.00009828551542181294
26 0.000009180257170353432
27 0.000013301102101113839
28 0.000019105561392583703
29 0.000005336428285950791
30 0.00008005552081252168
31 0.000011047053421159797
32 0.0001446627800658901
34 0.00005968492932446962
42 0.00029780424319051263
45 0.00000876923174820536
48 0.00014129003011415398
49 0.0002231883932943071
52 0.00023612160922741876
53 0.0002914361637469609
59 0.000025848733778844687
60 0.000012924366889422343
66 0.001259530567250804
67 0.0013975247259785043
68 0.001611232537673331
69 0.002312743249109866
71 0.00033256580019006747
75 0.006179807965568429
80 0.0030543047892951283
81 0.0030051364445089043
82 0.0039929787051702645
95 0.00027385185796449787
96 0.00028486772064441167
97 0.00018061190259367678
103 0.00017082267940358932
108 0.0002542579645943101
109 0.0003818350844534872
110 0.0003600357507382571
114 0.0005941814615164285
121 0.000426256656302407
136 0.0005913087846696265
139 0.0001247963410453852
140 0.0002005952689646678
144 0.00041726745680283956
148 0.0011846183141234145
156 0.0015418690745441074
159 0.0009860738647107213
163 0.00029998219746697925
168 0.00009828551542181294
169 0.0002663490497050791
180 0.0005052002574614732
189 0.0014265653564599955
194 0.0004339996609241885
200 0.0008499215381405333
202 0.00030783737547859243
212 0.000629765283625402
235 0.000244549715989849
252 0.000635495210823793
262 0.0010393743127356727
265 0.00024220853747341272
279 0.0006464403017122036
293 0.0015195854895658904
304 0.0035538583602364913
306 0.0011296361938896618
328 0.0003260311928669616
365 0.0021979427826903865
366 0.000790558501893244
368 0.0005494856956725966
369 0.0005544595315855724
370 0.0008443566240902016
372 0.0003553858360236491
393 0.0009638613919755949
413 0.0005941814615164285
429 0.0009510435709733304
430 0.00033256580019006747
435 0.00044410039764801966
544 0.0005353974937352319
546 0.0015418690745441074
568 0.0005595864323964277
601 0.0004176750344063272
616 0.0008384895369568529
622 0.0015067606054811865
623 0.0004605016093796513
626 0.0009060445366416521
678 0.002519061134501608
700 0.0003910424617735554
716 0.0013645597006769338
776 0.001246404696646162
806 0.002848455389467582
848 0.0005446560494091424
867 0.0010055685372451738
897 0.0005494856956725966
898 0.0005027842686225869
900 0.0005266264618316295
901 0.0005759876441280593
902 0.0005544595315855724
903 0.0005818342485617932
904 0.0006007160688395344
905 0.0005878935028388465
906 0.000570339268307386
907 0.0005878935028388465
908 0.0005818342485617932
909 0.0005941814615164285
910 0.000570339268307386
911 0.0005759876441280593
985 0.0019543841199150015
1044 0.0011297522377733888
1066 0.00048193069598779744
1067 0.0005544595315855724
1068 0.0005103588061228796
1104 0.0006554485025236457
1159 0.0016769790739137058
1184 0.001581117003786488
1243 0.0005878935028388465
1336 0.016217584718989438
1367 0.011300704541108899
1412 0.0005648761188866944
1415 0.0007096674962648366
1421 0.001581117003786488
1495 0.0006464403017122036
1943 0.0009060445366416521
2546 0.0007230035022084448
2737 0.0008384895369568529
3448 0.0008128063180586093
4595 0.0022740332122769364
4596 0.0011370166061384682