0 0.00010360515709016387
6 0.00011331135962706119
10 0.00004185331638722455
13 0.0003124981305672972
20 0.00014256349717722765
23 0.0001917778078759736
25 0.00004914275771090647
26 0.000009180257170353432
27 0.00001995165315167076
28 0.000014329171044437778
29 0.000021345713143803165
30 0.00008005552081252168
31 0.000022094106842319594
32 0.0001446627800658901
34 0.00005968492932446962
41 0.00018725926302105958
43 0.0001247963410453852
44 0.00015086301495667102
45 0.000005846154498803574
50 0.00009059173042602328
54 0.00032108878593043
57 0.0007206734303456206
59 0.000006462183444711172
60 0.000012924366889422343
74 0.0001314382268441069
91 0.00046926799994623984
95 0.0006846296449112446
96 0.0006409523714499261
97 0.0001204079350624512
103 0.00008541133970179466
125 0.000570206882391405
132 0.0007740174541200534
153 0.00022952953988283507
168 0.00004914275771090647
217 0.0011194058203108088
223 0.0002526001287307366
252 0.001270990421647586
255 0.0007174118328356807
300 0.00030262299481361246
307 0.0003818350844534872
417 0.0007200715014765141
456 0.0016194098736225574
475 0.0005052002574614732
555 0.00034358542739842214
661 0.0006554485025236457
767 0.00040692219849536895
775 0.0010944575217328141
816 0.0004852300340911263