5 0.0001350647307564619
6 0.00009064908770164895
10 0.00003138998729041841
15 0.000055337193439289376
25 0.00014742827313271942
26 0.000009180257170353432
27 0.000013301102101113839
28 0.000009552780696291852
29 0.000010672856571901583
30 0.00016011104162504336
31 0.000016570580131739694
32 0.0001446627800658901
34 0.00005968492932446962
45 0.000005846154498803574
59 0.000012924366889422343
60 0.000012924366889422343
90 0.0003600357507382571
95 0.00020538889347337336
96 0.00021365079048330874
124 0.00045619878530002813
139 0.0001247963410453852
140 0.0002005952689646678
143 0.0002681502686494669
144 0.0008345349136056791
163 0.00029998219746697925
168 0.00004914275771090647
180 0.0005052002574614732
217 0.000895524656248647
223 0.0002526001287307366
241 0.000466348213813385
255 0.00047827455522378713
276 0.0007394879986854364
300 0.00030262299481361246
331 0.0009410519397369785
481 0.0004339996609241885
529 0.00044939008413828627
799 0.0003782900330627366
806 0.00040692219849536895
816 0.0004852300340911263
923 0.000570339268307386
985 0.0019543841199150015
1171 0.0010365883383334816
1192 0.0005648761188866944
4597 0.004769877858526305
4598 0.000953975571705261
4601 0.0011370166061384682