6 0.00009064908770164895
10 0.000020926658193612276
15 0.000055337193439289376
25 0.00004914275771090647
26 0.000009180257170353432
27 0.00001995165315167076
28 0.000014329171044437778
29 0.000016009284857852372
30 0.00016011104162504336
31 0.000022094106842319594
32 0.0001446627800658901
34 0.00005968492932446962
41 0.00018725926302105958
43 0.0001247963410453852
44 0.00015086301495667102
45 0.000014615386247008935
46 0.0013092710867586897
48 0.0005651601204566159
49 0.0002231883932943071
50 0.00009059173042602328
52 0.00023612160922741876
59 0.000012924366889422343
60 0.000012924366889422343
74 0.0002628764536882138
93 0.0006907477305171405
95 0.00047924075143787115
96 0.0005697354412888233
97 0.00018061190259367678
103 0.00008541133970179466
125 0.00019006896079713502
133 0.0006495089459653231
134 0.00020241617375177045
136 0.00029565439233481325
139 0.0002495926820907704
144 0.0006259011852042593
151 0.0006787343976211396
153 0.00022952953988283507
161 0.0006469749241775125
162 0.0003800531302520963
168 0.00004914275771090647
170 0.00043897349683716435
195 0.0010754616638750133
197 0.000570339268307386
214 0.0004954467145424086
217 0.001791049312497294
223 0.0007578003861922098
251 0.0006133845545933855
255 0.0007174118328356807
265 0.00024220853747341272
299 0.0003209819843539111
300 0.0006052459896272249
301 0.0005035547120964008
311 0.00033798452589909114
326 0.0005399624677752377
328 0.0003260311928669616
354 0.0004955391650005044
372 0.0003553858360236491
390 0.001175787005677693
452 0.0005399624677752377
512 0.00044672424919219483
671 0.0003910424617735554
701 0.002281357073229544
743 0.0003800531302520963
833 0.0030391709791317808
834 0.0019136828039765554
839 0.0004755217854866652
840 0.0005027842686225869
1248 0.0005353974937352319
1338 0.004525082111985424
1836 0.0020252174014345073
4597 0.002861926715115783
4602 0.002606599012467004