5 0.0001350647307564619
6 0.00011331135962706119
10 0.000020926658193612276
15 0.000055337193439289376
17 0.00024376566216822076
24 0.000509996983979533
25 0.00004914275771090647
26 0.000009180257170353432
27 0.00001995165315167076
28 0.000019105561392583703
29 0.000016009284857852372
30 0.00024016656243756505
31 0.000022094106842319594
32 0.0001446627800658901
34 0.00011936985864893924
43 0.0002495926820907704
44 0.00030172602991334203
45 0.000005846154498803574
50 0.00009059173042602328
59 0.000012924366889422343
60 0.000012924366889422343
74 0.0001314382268441069
93 0.0002302492435057135
95 0.00041077778694674673
96 0.00042730158096661747
103 0.00017082267940358932
124 0.0025090933191501547
125 0.00019006896079713502
127 0.0006220145312703716
133 0.00032475447298266157
134 0.00020241617375177045
138 0.001199928789867917
139 0.0007487780462723111
143 0.0002681502686494669
153 0.00022952953988283507
161 0.00032348746208875627
166 0.0004605016093796513
168 0.00004914275771090647
169 0.0002663490497050791
170 0.00043897349683716435
179 0.0005027842686225869
214 0.0004954467145424086
217 0.0013432869843729705
223 0.0005052002574614732
232 0.0005182941691667408
234 0.00038363630339787504
252 0.000635495210823793
262 0.0006929162084904484
300 0.0010591804818476434
301 0.0017624414923374024
311 0.00033798452589909114
326 0.0005399624677752377
455 0.00093269642762677
701 0.0017110178049221578
840 0.0005027842686225869
851 0.00046935029736931276
1103 0.0009387005947386255
1208 0.0006649717304210047
1411 0.00226014090822178
1501 0.0007230035022084448
1576 0.0007533803027405932
1596 0.0006220145312703716
1597 0.0006554485025236457
1748 0.0008688663374890013
1925 0.0006220145312703716
2336 0.0036863852328214053
2759 0.0009060445366416521
4598 0.001907951143410522
4603 0.006822099636830809