0 0.00010360515709016387
3 0.00044939008413828627
4 0.001603154323389862
5 0.0001350647307564619
6 0.0001359736315524734
7 0.0017693213131045233
9 0.001057069377906074
11 0.00044410039764801966
15 0.00011067438687857875
20 0.00014256349717722765
25 0.00004914275771090647
26 0.000013770385755530148
27 0.00001995165315167076
28 0.000014329171044437778
29 0.000016009284857852372
31 0.000022094106842319594
34 0.00005968492932446962
36 0.00017439542599474
43 0.0001247963410453852
44 0.00015086301495667102
45 0.000005846154498803574
50 0.00004529586521301164
57 0.00018016835758640515
59 0.000006462183444711172
60 0.000012924366889422343
91 0.00046926799994623984
97 0.0000602039675312256
102 0.0003910424617735554
103 0.00008541133970179466
119 0.0001544851386881615
129 0.0004724074680904385
134 0.0004048323475035409
144 0.0010431686420070989
163 0.00029998219746697925
219 0.0007232300299518704
257 0.0007375005660187797
259 0.0006815228846822916
290 0.0005648761188866944
291 0.000685825303055794
307 0.0003818350844534872
343 0.0030379976264693193
544 0.0005353974937352319
654 0.00038729823387417876
679 0.000685825303055794
766 0.0019136828039765554
775 0.00036481917391093806
868 0.0006220145312703716
1180 0.002723280247045712
1287 0.0005595864323964277
1499 0.0009060445366416521
1900 0.0007533803027405932
2017 0.004876837908351655
2052 0.0006649717304210047
3361 0.0012292167457893823
3643 0.0010215305713900601
4575 0.0008128063180586093
4604 0.0010215305713900601
4605 0.0011370166061384682
4606 0.000953975571705261
4607 0.0010215305713900601
4608 0.0011370166061384682
4609 0.0011370166061384682
4610 0.0011370166061384682