6 0.00009064908770164895
8 0.0002302492435057135
10 0.00004185331638722455
13 0.0003124981305672972
15 0.000055337193439289376
17 0.0004875313243364415
18 0.0003172930263603734
20 0.00014256349717722765
24 0.00012749924599488326
26 0.000013770385755530148
27 0.0000066505510505569195
28 0.000009552780696291852
29 0.000010672856571901583
30 0.00024016656243756505
31 0.00003314116026347939
34 0.00005968492932446962
45 0.00001753846349641072
50 0.00009059173042602328
56 0.00034358542739842214
57 0.0003603367151728103
60 0.000025848733778844687
87 0.00036808616347914477
93 0.0002302492435057135
95 0.00006846296449112447
96 0.00007121693016110292
97 0.0002408158701249024
103 0.00008541133970179466
124 0.00045619878530002813
125 0.00038013792159427004
132 0.00019350436353001335
134 0.00020241617375177045
139 0.00037438902313615557
143 0.0002681502686494669
144 0.00020863372840141978
153 0.00022952953988283507
161 0.00032348746208875627
167 0.0006370272523515608
168 0.00009828551542181294
185 0.00023389514674621796
214 0.0002477233572712043
224 0.0005182941691667408
225 0.0005353974937352319
234 0.00038363630339787504
252 0.00021183173694126436
276 0.0003697439993427182
300 0.0006052459896272249
301 0.0010071094241928015
302 0.0007672726067957501
303 0.0004090179636081414
304 0.0003553858360236491
328 0.0003260311928669616
331 0.0003136839799123262
380 0.0004755217854866652
392 0.00047869542676802046
458 0.0003818350844534872
464 0.0005648761188866944
483 0.0003800531302520963
496 0.0003493811814946261
507 0.0008128063180586093
534 0.0010215305713900601
680 0.0005309542669637955
720 0.005061024515459113
726 0.0006554485025236457
730 0.0006554485025236457
738 0.0020252174014345073
778 0.0024384189541758277
799 0.0003782900330627366
950 0.0005353974937352319
985 0.0009771920599575008
986 0.003324858652105023
1003 0.0016769790739137058
1103 0.00046935029736931276
1161 0.012634462877999087
1200 0.0011297522377733888
1269 0.0006007160688395344
1540 0.000685825303055794
1714 0.0027002898685793437
2204 0.0015067606054811865
2206 0.008688663374890014
2221 0.0007230035022084448
2273 0.001371650606111588
2478 0.001188362923032857
2482 0.0007375005660187797
2483 0.0007230035022084448
2485 0.0007533803027405932
2570 0.0016787592971892833
2807 0.000790558501893244
2808 0.000790558501893244
2809 0.000790558501893244
2810 0.000790558501893244
2811 0.000790558501893244
2812 0.000790558501893244
2813 0.000790558501893244
2817 0.000953975571705261
3026 0.0009060445366416521
3319 0.000953975571705261
3361 0.0012292167457893823
3542 0.0008128063180586093
4617 0.0010215305713900601
4618 0.0009060445366416521
4619 0.0011370166061384682
4620 0.0034110498184154047
4621 0.0011370166061384682
4622 0.0011370166061384682