5 0.0001350647307564619
6 0.00011331135962706119
9 0.00035235645930202465
10 0.00006277997458083683
15 0.0002213487737571575
20 0.00014256349717722765
26 0.000009180257170353432
27 0.000013301102101113839
28 0.000019105561392583703
29 0.000021345713143803165
30 0.00008005552081252168
31 0.000022094106842319594
34 0.00023873971729787848
36 0.00034879085198948
45 0.00000876923174820536
50 0.00009059173042602328
57 0.00018016835758640515
59 0.000006462183444711172
60 0.000012924366889422343
92 0.00036481917391093806
94 0.0004885960299787504
97 0.0000602039675312256
100 0.00028855347451293045
121 0.000426256656302407
124 0.0006842981779500422
125 0.00019006896079713502
132 0.0015480349082401068
134 0.0004048323475035409
139 0.0002495926820907704
153 0.00022952953988283507
159 0.0004226030848760234
168 0.00009828551542181294
172 0.00023913727761189357
175 0.00028530254609905744
177 0.00044410039764801966
217 0.0029104551328081023
221 0.0004090179636081414
222 0.0003748188423091808
223 0.0002526001287307366
227 0.0005224082332437771
234 0.00038363630339787504
255 0.0035870591641784036
265 0.00048441707494682545
300 0.0007565574870340312
301 0.0012588867802410019
304 0.0010661575080709474
362 0.0005999643949339585
430 0.00033256580019006747
446 0.0004176750344063272
456 0.00040485246840563934
469 0.007228960439816962
475 0.0002526001287307366
490 0.0005648761188866944
491 0.0005544595315855724
492 0.000685825303055794
555 0.00034358542739842214
584 0.002789281133240805
601 0.0004176750344063272
691 0.0007672726067957501
743 0.0007601062605041926
1036 0.0004339996609241885
1038 0.0005103588061228796
1301 0.0017377326749780026
1500 0.0028920140088337792
1868 0.0006075174674600367
3361 0.0018438251186840733
3372 0.004769877858526305
4623 0.0011370166061384682
4624 0.0022740332122769364