0 0.0003108154712704916
6 0.00011331135962706119
10 0.00011509662006486752
15 0.000055337193439289376
20 0.0002851269943544553
24 0.0002549984919897665
26 0.000009180257170353432
27 0.00001995165315167076
28 0.00003343473243702148
29 0.000010672856571901583
31 0.000027617633552899494
34 0.0002984246466223481
45 0.00001753846349641072
48 0.00028258006022830796
49 0.0002231883932943071
50 0.00004529586521301164
57 0.0007206734303456206
59 0.000025848733778844687
60 0.000006462183444711172
74 0.0001314382268441069
89 0.00033798452589909114
90 0.0007200715014765141
97 0.00018061190259367678
98 0.00029888966155459023
103 0.00034164535880717864
124 0.00022809939265001406
125 0.00038013792159427004
132 0.0003870087270600267
134 0.0006072485212553113
135 0.0010893120988182848
144 0.0008345349136056791
148 0.00039487277137447156
153 0.00045905907976567014
159 0.0007043384747933724
163 0.00029998219746697925
168 0.00009828551542181294
186 0.0008138443969907379
195 0.00043018466555000526
214 0.0019817868581696345
217 0.0004477623281243235
219 0.0003616150149759352
223 0.0002526001287307366
225 0.0005353974937352319
226 0.0005182941691667408
234 0.00038363630339787504
252 0.00021183173694126436
255 0.00047827455522378713
259 0.0003407614423411458
265 0.00048441707494682545
293 0.0005065284965219635
300 0.0010591804818476434
305 0.001694628356660083
306 0.0011296361938896618
331 0.0009410519397369785
362 0.0005999643949339585
372 0.0003553858360236491
413 0.0005941814615164285
429 0.0009510435709733304
435 0.00044410039764801966
442 0.0007296383478218761
456 0.00040485246840563934
458 0.0007636701689069744
464 0.0005648761188866944
475 0.0005052002574614732
483 0.0015202125210083853
544 0.0005353974937352319
555 0.0013743417095936886
623 0.0004605016093796513
654 0.0007745964677483575
719 0.0022178381263422897
832 0.0006146083728946911
833 0.0005065284965219635
834 0.0006378942679921852
848 0.0005446560494091424
851 0.00046935029736931276
867 0.0015083528058677605
871 0.0007375005660187797
897 0.0005494856956725966
898 0.0010055685372451738
899 0.0013946405666204024
900 0.0005266264618316295
901 0.0005759876441280593
902 0.0005544595315855724
903 0.0005818342485617932
905 0.0005878935028388465
906 0.000570339268307386
907 0.0005878935028388465
908 0.0005818342485617932
909 0.0005941814615164285
910 0.000570339268307386
911 0.0005759876441280593
912 0.0009573908535360409
914 0.0008384895369568529
937 0.0020430611427801203
1044 0.0005648761188866944
1062 0.001694628356660083
1065 0.0013245516828461089
1132 0.0022205019882400984
1171 0.0031097650150004445
1287 0.0005595864323964277
1500 0.004338021013250669
1520 0.002281357073229544
1589 0.0007533803027405932
1782 0.000685825303055794
1854 0.0005818342485617932
1979 0.0017455027456853792
2735 0.0014750011320375594
3228 0.0008688663374890013
3361 0.0018438251186840733
4625 0.0010215305713900601
4626 0.0010215305713900601
4627 0.0011370166061384682
4628 0.0022740332122769364
4629 0.0011370166061384682
4630 0.0011370166061384682
4631 0.000953975571705261
4632 0.0011370166061384682
4633 0.0011370166061384682
4634 0.0011370166061384682
4635 0.0011370166061384682
4636 0.0011370166061384682
4637 0.0011370166061384682