6 0.00011331135962706119
10 0.00005231664548403069
15 0.000055337193439289376
23 0.0001917778078759736
26 0.000009180257170353432
27 0.00001995165315167076
28 0.000014329171044437778
29 0.000032018569715704745
31 0.000016570580131739694
32 0.0001446627800658901
34 0.00023873971729787848
41 0.00018725926302105958
43 0.0001247963410453852
44 0.00015086301495667102
45 0.00000876923174820536
48 0.00014129003011415398
50 0.00009059173042602328
59 0.000006462183444711172
60 0.000012924366889422343
74 0.0001314382268441069
75 0.00030899039827842145
90 0.0003600357507382571
92 0.0014592766956437523
95 0.0008215555738934935
96 0.000783386231772132
97 0.0002408158701249024
100 0.00014427673725646523
103 0.000256234019105384
108 0.0002542579645943101
125 0.00038013792159427004
134 0.00020241617375177045
153 0.00045905907976567014
167 0.0003185136261757804
168 0.00004914275771090647
169 0.0002663490497050791
175 0.00028530254609905744
177 0.00044410039764801966
214 0.0007431700718136128
217 0.002686573968745941
219 0.0003616150149759352
255 0.0023913727761189357
256 0.004213011694653036
259 0.0017038072117057288
362 0.0020998753822688548
457 0.0006378942679921852
458 0.0003818350844534872
475 0.0005052002574614732
691 0.0007672726067957501
743 0.0007601062605041926
793 0.0005759876441280593
979 0.002718133609924956
1282 0.0027722976579278623
1500 0.003615017511042224
3361 0.0024584334915787646