0 0.00020721031418032774
5 0.0001350647307564619
10 0.00004185331638722455
14 0.00026456709550368824
17 0.00024376566216822076
18 0.0003172930263603734
23 0.0001917778078759736
25 0.00004914275771090647
26 0.000009180257170353432
27 0.00001995165315167076
28 0.000009552780696291852
29 0.000016009284857852372
30 0.00016011104162504336
31 0.0000055235267105798985
32 0.0001446627800658901
41 0.00018725926302105958
43 0.0001247963410453852
44 0.00015086301495667102
45 0.000005846154498803574
46 0.0013092710867586897
48 0.00028258006022830796
49 0.0002231883932943071
50 0.00004529586521301164
52 0.00188897287381935
53 0.004371542456204414
54 0.000160544392965215
59 0.000012924366889422343
60 0.000012924366889422343
72 0.0003697439993427182
74 0.0002628764536882138
76 0.00023762262054737309
95 0.0006846296449112446
96 0.0007121693016110291
97 0.0001204079350624512
98 0.0008966689846637708
100 0.00014427673725646523
103 0.00017082267940358932
108 0.0002542579645943101
121 0.0006393849844536105
151 0.0006787343976211396
159 0.00014086769495867446
168 0.00004914275771090647
175 0.00028530254609905744
185 0.00023389514674621796
255 0.0007174118328356807
264 0.001140678536614772
300 0.00030262299481361246
301 0.0005035547120964008
362 0.00029998219746697925
390 0.001175787005677693
398 0.0003632093920196124
449 0.0017072267864057119
538 0.00037310999523034225
644 0.0005399624677752377
645 0.0005353974937352319
716 0.0013645597006769338
719 0.0005544595315855724
721 0.0006146083728946911
743 0.0003800531302520963
1087 0.0011370166061384682
1088 0.0006649717304210047
1089 0.0010215305713900601
1090 0.0011370166061384682
1091 0.0008688663374890013
1092 0.0011370166061384682
1093 0.0011370166061384682