10 0.00012555994916167365
15 0.00011067438687857875
17 0.00024376566216822076
20 0.00014256349717722765
23 0.0001917778078759736
26 0.000009180257170353432
27 0.00001995165315167076
28 0.000009552780696291852
29 0.000016009284857852372
30 0.00008005552081252168
31 0.000016570580131739694
32 0.0001446627800658901
34 0.00011936985864893924
41 0.00018725926302105958
45 0.00000876923174820536
50 0.00009059173042602328
59 0.000006462183444711172
60 0.000012924366889422343
76 0.00023762262054737309
95 0.00041077778694674673
96 0.00035608465080551457
97 0.0001204079350624512
100 0.00014427673725646523
108 0.0002542579645943101
121 0.000426256656302407
127 0.0006220145312703716
132 0.00174153927177012
133 0.00032475447298266157
134 0.0004048323475035409
140 0.0002005952689646678
144 0.0022949710124156174
163 0.00029998219746697925
164 0.00033123821444378676
166 0.0004605016093796513
168 0.00014742827313271942
172 0.00023913727761189357
186 0.0016276887939814758
190 0.0005494856956725966
247 0.0015743916502102585
255 0.0028696473313427227
264 0.000570339268307386
265 0.0016954597623138887
266 0.0003010819448897304
300 0.0012104919792544498
301 0.002014218848385603
302 0.001150908910193625
362 0.0017998931848018755
372 0.0003553858360236491
381 0.0007709345372720537
455 0.000466348213813385
639 0.0013645597006769338
691 0.0007672726067957501
700 0.0015641698470942216
743 0.0003800531302520963
1342 0.0014460070044168896
1477 0.0005494856956725966
1582 0.0013401727475765846
1808 0.0018021482065186032
3361 0.003073041864473456
3447 0.0009060445366416521
3542 0.0008128063180586093
4638 0.0011370166061384682
4639 0.0010215305713900601