1 0.0010989713913451932
3 0.00044939008413828627
4 0.0028055200659322585
5 0.0002701294615129238
6 0.0000679868157762367
7 0.0017693213131045233
9 0.0024664952151141725
10 0.000010463329096806138
15 0.000055337193439289376
17 0.0004875313243364415
23 0.0001917778078759736
25 0.00009828551542181294
26 0.000013770385755530148
27 0.0000066505510505569195
28 0.000014329171044437778
29 0.000016009284857852372
31 0.000011047053421159797
34 0.00005968492932446962
36 0.00034879085198948
37 0.0011963796423857577
38 0.0013729604595821559
42 0.00029780424319051263
45 0.000005846154498803574
46 0.00032731777168967243
48 0.00028258006022830796
49 0.0002231883932943071
59 0.000006462183444711172
60 0.000012924366889422343
72 0.0003697439993427182
74 0.0001314382268441069
97 0.0000602039675312256
103 0.00017082267940358932
108 0.0002542579645943101
151 0.0003393671988105698
172 0.00023913727761189357
186 0.00040692219849536895
252 0.0008473269477650574
304 0.0014215433440945965
306 0.002635817785742544
352 0.000514279248876994
356 0.0005266264618316295
449 0.0008536133932028559
586 0.002303950576512237
610 0.0005759876441280593
639 0.00045485323355897795
835 0.0008384895369568529
923 0.000570339268307386
1180 0.003267936296454854
1193 0.001061908533927591
1412 0.0005648761188866944
1571 0.0006378942679921852
2602 0.0014750011320375594
4640 0.0011370166061384682