0 0.00010360515709016387
6 0.00011331135962706119
8 0.0006907477305171405
10 0.00005231664548403069
12 0.0014750011320375594
14 0.0005291341910073765
15 0.00011067438687857875
20 0.00014256349717722765
25 0.00004914275771090647
26 0.000013770385755530148
27 0.0000066505510505569195
28 0.000014329171044437778
29 0.000010672856571901583
30 0.00008005552081252168
31 0.00003314116026347939
34 0.00011936985864893924
36 0.00017439542599474
41 0.00018725926302105958
45 0.00000876923174820536
47 0.0008126674302452151
59 0.000006462183444711172
60 0.000025848733778844687
75 0.00030899039827842145
91 0.0007039019999193597
95 0.00013692592898224894
109 0.001909175422267436
119 0.000308970277376323
124 0.00045619878530002813
138 0.00029998219746697925
139 0.00037438902313615557
140 0.0002005952689646678
143 0.0005363005372989338
145 0.0004991223381462831
165 0.0014080508921079382
172 0.00023913727761189357
200 0.0002833071793801778
328 0.0003260311928669616
442 0.00036481917391093806
449 0.00213403348300714
456 0.001214557405216918
469 0.003373514871914582
490 0.0011297522377733888
491 0.0011089190631711448
839 0.0004755217854866652
881 0.000629765283625402
1264 0.0018225524023801102
2052 0.005319773843368038
4563 0.0010215305713900601