0 0.00010360515709016387
5 0.0001350647307564619
6 0.0000679868157762367
8 0.0006907477305171405
10 0.000020926658193612276
14 0.00026456709550368824
15 0.00033202316063573624
17 0.0004875313243364415
18 0.0003172930263603734
24 0.00012749924599488326
25 0.00004914275771090647
26 0.000009180257170353432
27 0.00004655385735389843
28 0.000014329171044437778
29 0.000021345713143803165
30 0.00008005552081252168
31 0.000016570580131739694
34 0.00017905478797340885
45 0.000005846154498803574
50 0.00009059173042602328
52 0.0030695809199564436
53 0.0014571808187348043
54 0.0004816331788956449
59 0.000019386550334133513
60 0.000012924366889422343
80 0.0003393671988105698
90 0.0003600357507382571
91 0.00023463399997311992
95 0.00006846296449112447
97 0.0000602039675312256
98 0.0017933379693275415
100 0.00014427673725646523
103 0.00017082267940358932
119 0.0001544851386881615
121 0.000426256656302407
122 0.0012313495019143697
164 0.00033123821444378676
165 0.0014080508921079382
168 0.00004914275771090647
169 0.0002663490497050791
175 0.00028530254609905744
201 0.0003782900330627366
218 0.0012440290625407432
255 0.0011956863880594679
297 0.0008987801682765725
298 0.001497367014438849
299 0.0009629459530617334
300 0.00015131149740680623
306 0.003388908581668985
307 0.0003818350844534872
308 0.001061908533927591
309 0.0036863852328214053
310 0.002057475909167382
324 0.0006554485025236457
325 0.00043897349683716435
398 0.0007264187840392248
470 0.0008934484983843897
490 0.0005648761188866944
491 0.0005544595315855724
492 0.000685825303055794
767 0.00040692219849536895
856 0.0006750724671448359
859 0.0008128063180586093
1278 0.000953975571705261
2023 0.0006220145312703716
2239 0.0007709345372720537
4497 0.0008688663374890013
4641 0.0010215305713900601
4642 0.0011370166061384682
4643 0.0011370166061384682
4644 0.0011370166061384682
4645 0.0011370166061384682
4646 0.0020430611427801203
4647 0.0020430611427801203
4648 0.0022740332122769364
4649 0.0010215305713900601
4650 0.0011370166061384682