5 0.0001350647307564619
8 0.001841993948045708
10 0.00004185331638722455
25 0.00004914275771090647
26 0.000009180257170353432
27 0.00001995165315167076
28 0.000014329171044437778
29 0.000021345713143803165
30 0.00024016656243756505
31 0.000022094106842319594
32 0.00021699417009883517
33 0.002853130712919991
36 0.00017439542599474
41 0.00018725926302105958
42 0.00029780424319051263
43 0.0001247963410453852
44 0.00015086301495667102
45 0.000005846154498803574
59 0.000006462183444711172
60 0.000012924366889422343
65 0.000466348213813385
67 0.0010481435444838782
68 0.001611232537673331
69 0.0034691148736647986
75 0.0018539423896705286
81 0.00033390404938987825
82 0.0004991223381462831
97 0.0001204079350624512
108 0.0002542579645943101
117 0.001156371624554933
119 0.00046345541606448445
134 0.0004048323475035409
139 0.0001247963410453852
141 0.0010207176122457593
145 0.001497367014438849
158 0.0007530907959264412
159 0.00014086769495867446
167 0.0003185136261757804
168 0.00004914275771090647
200 0.0005666143587603556
214 0.0002477233572712043
351 0.0032772425126182288
362 0.0005999643949339585
370 0.0016887132481804032
392 0.00047869542676802046
538 0.00037310999523034225
544 0.0005353974937352319
550 0.0008056162688366655
589 0.0011455052533604615
599 0.0004991223381462831
625 0.0012757885359843703
635 0.0005182941691667408
691 0.00038363630339787504
783 0.001994915191263014
799 0.0011348700991882098
806 0.0016276887939814758
973 0.003954132832206861
974 0.003527361017033079
975 0.0011089190631711448
982 0.0029394675141942326
1142 0.00040280813441833274
1283 0.0005266264618316295
1317 0.0005544595315855724
1349 0.0006649717304210047
1440 0.0019393209051366106
1574 0.0018120890732833041
1979 0.0005818342485617932
2491 0.0008688663374890013
2870 0.0007230035022084448