10 0.000010463329096806138
15 0.00016601158031786812
24 0.00012749924599488326
25 0.00004914275771090647
26 0.000009180257170353432
27 0.00007315606155612611
28 0.000019105561392583703
29 0.000021345713143803165
30 0.00008005552081252168
31 0.000022094106842319594
32 0.0001446627800658901
34 0.00011936985864893924
42 0.00029780424319051263
44 0.00015086301495667102
45 0.000005846154498803574
48 0.0004238700903424619
50 0.00031707105649108144
59 0.000019386550334133513
60 0.000012924366889422343
73 0.001465788089936251
75 0.0024719231862273716
78 0.0005309542669637955
79 0.0005759876441280593
80 0.0013574687952422793
81 0.0006678080987797565
91 0.00046926799994623984
95 0.00041077778694674673
96 0.00042730158096661747
100 0.00028855347451293045
103 0.00017082267940358932
109 0.0003818350844534872
131 0.0013299434608420094
134 0.00020241617375177045
148 0.0011846183141234145
151 0.0006787343976211396
158 0.0007530907959264412
159 0.0004226030848760234
163 0.00029998219746697925
168 0.00004914275771090647
169 0.0002663490497050791
174 0.0004111404270832213
197 0.001140678536614772
198 0.004525082111985424
211 0.001633968148227427
232 0.0005182941691667408
235 0.000489099431979698
252 0.000635495210823793
262 0.0010393743127356727
370 0.0008443566240902016
384 0.00047869542676802046
392 0.00047869542676802046
515 0.00043897349683716435
538 0.00037310999523034225
594 0.0029091712428089655
624 0.0009638613919755949
711 0.00472550727001385
782 0.0006220145312703716
812 0.0007533803027405932
851 0.00046935029736931276
920 0.0008128063180586093
1047 0.0024584334915787646
1048 0.004258004977589019
1075 0.003324858652105023
1194 0.0014460070044168896
1208 0.0006649717304210047
1248 0.0021415899749409276
1263 0.011542831881740698
1273 0.0006973202833102012
1284 0.0007230035022084448
1312 0.0013299434608420094
1314 0.0010893120988182848
1317 0.0005544595315855724
1318 0.0013299434608420094
1501 0.0007230035022084448
1644 0.0009060445366416521
1674 0.0009060445366416521
1801 0.0007375005660187797
2312 0.0006750724671448359
3265 0.0010215305713900601
4651 0.0011370166061384682
4652 0.0011370166061384682
4653 0.0011370166061384682