5 0.0005402589230258477
6 0.00011331135962706119
10 0.00004185331638722455
14 0.0015874025730221292
15 0.0002213487737571575
25 0.00004914275771090647
26 0.000009180257170353432
27 0.0000066505510505569195
28 0.000009552780696291852
29 0.00005336428285950792
30 0.00024016656243756505
31 0.000016570580131739694
32 0.0001446627800658901
33 0.0014265653564599955
34 0.00005968492932446962
45 0.000005846154498803574
59 0.000012924366889422343
60 0.000012924366889422343
89 0.00033798452589909114
91 0.00046926799994623984
93 0.0002302492435057135
110 0.0003600357507382571
120 0.004881241983171408
129 0.003306852276633069
134 0.00020241617375177045
159 0.00014086769495867446
167 0.0025481090094062434
172 0.00023913727761189357
185 0.0014033708804773077
195 0.002366015660525029
199 0.0014750011320375594
202 0.00030783737547859243
281 0.0006378942679921852
320 0.01907951143410522
355 0.0034291265152789703
434 0.00032731777168967243
475 0.0005052002574614732
481 0.0013019989827725655
509 0.00047869542676802046
635 0.0005182941691667408
650 0.006677829001936826
676 0.0005818342485617932
1137 0.0007533803027405932
1477 0.0005494856956725966
1808 0.0012014321376790688
1900 0.0037669015137029665
2244 0.00616747629817643
3454 0.000953975571705261
4654 0.0022740332122769364
4655 0.013644199273661619
4656 0.0022740332122769364