0 0.00020721031418032774
2 0.0003632093920196124
3 0.00044939008413828627
4 0.0004007885808474655
6 0.00022662271925412238
7 0.0003538642626209047
9 0.001057069377906074
10 0.00005231664548403069
16 0.0006220145312703716
17 0.00024376566216822076
20 0.00014256349717722765
24 0.00012749924599488326
25 0.00004914275771090647
26 0.000009180257170353432
27 0.00001995165315167076
28 0.000019105561392583703
29 0.000016009284857852372
30 0.00024016656243756505
31 0.000038664686974059284
32 0.0001446627800658901
34 0.00005968492932446962
36 0.00017439542599474
37 0.0007975864282571718
38 0.002288267432636927
42 0.00029780424319051263
43 0.0001247963410453852
44 0.00015086301495667102
45 0.000005846154498803574
56 0.00034358542739842214
59 0.000006462183444711172
60 0.000012924366889422343
74 0.0002628764536882138
77 0.00043897349683716435
93 0.000460498487011427
95 0.0003423148224556223
96 0.00035608465080551457
97 0.0001204079350624512
103 0.00008541133970179466
132 0.0009675218176500667
139 0.0001247963410453852
140 0.0006017858068940034
144 0.0006259011852042593
151 0.0003393671988105698
153 0.00045905907976567014
159 0.0005634707798346978
168 0.00009828551542181294
170 0.0021948674841858217
180 0.0002526001287307366
185 0.0004677902934924359
195 0.0012905539966500158
214 0.0017340635008984298
219 0.0003616150149759352
223 0.0002526001287307366
255 0.00047827455522378713
259 0.0003407614423411458
276 0.0003697439993427182
300 0.0009078689844408373
311 0.0016899226294954557
343 0.0013019989827725655
356 0.0005266264618316295
362 0.0005999643949339585
456 0.00040485246840563934
555 0.00034358542739842214
573 0.0004885960299787504
585 0.0003987932141285859
586 0.0005759876441280593
670 0.0005941814615164285
702 0.004818577443617087
775 0.00036481917391093806
866 0.0008688663374890013
1181 0.0005266264618316295
1520 0.000570339268307386
1562 0.0006220145312703716
1563 0.0006075174674600367
1565 0.004876837908351655
2087 0.0007533803027405932
2803 0.0009060445366416521
3351 0.0007375005660187797
4657 0.0022740332122769364
4658 0.0011370166061384682