0 0.0003108154712704916
5 0.0001350647307564619
6 0.00011331135962706119
10 0.00003138998729041841
20 0.00014256349717722765
23 0.0003835556157519472
25 0.00004914275771090647
26 0.000009180257170353432
27 0.00001995165315167076
28 0.000014329171044437778
29 0.000016009284857852372
30 0.00024016656243756505
31 0.000016570580131739694
32 0.0001446627800658901
42 0.00029780424319051263
43 0.0001247963410453852
44 0.00015086301495667102
45 0.000011692308997607148
47 0.0005417782868301434
52 0.00188897287381935
53 0.0011657446549878435
54 0.000160544392965215
59 0.000006462183444711172
60 0.000006462183444711172
74 0.0001314382268441069
93 0.000460498487011427
95 0.00041077778694674673
96 0.00042730158096661747
98 0.0005977793231091805
100 0.00014427673725646523
102 0.0007820849235471108
133 0.0006495089459653231
136 0.00029565439233481325
139 0.0002495926820907704
146 0.0007296383478218761
161 0.0006469749241775125
162 0.0003800531302520963
168 0.00004914275771090647
170 0.00043897349683716435
171 0.0004176750344063272
185 0.0009355805869848718
267 0.0005494856956725966
297 0.00044939008413828627
299 0.0003209819843539111
300 0.00030262299481361246
301 0.000755332068144601
309 0.0026331323091581473
311 0.00033798452589909114
327 0.0028721725606081225
328 0.0006520623857339232
538 0.0007462199904606845
831 0.0012440290625407432
840 0.0005027842686225869
843 0.0007375005660187797
959 0.0006075174674600367
4659 0.0011370166061384682
4660 0.0011370166061384682