5 0.0001350647307564619
10 0.00003138998729041841
14 0.0005291341910073765
15 0.00016601158031786812
25 0.00004914275771090647
26 0.000009180257170353432
27 0.0000066505510505569195
28 0.000009552780696291852
29 0.000010672856571901583
31 0.000016570580131739694
32 0.0001446627800658901
34 0.00005968492932446962
45 0.000005846154498803574
59 0.000025848733778844687
60 0.000012924366889422343
89 0.00033798452589909114
90 0.0003600357507382571
91 0.002815607999677439
95 0.00027385185796449787
96 0.00028486772064441167
97 0.0000602039675312256
132 0.00116102618118008
138 0.0029998219746697925
139 0.0002495926820907704
158 0.0003765453979632206
168 0.00004914275771090647
174 0.0004111404270832213
217 0.001791049312497294
218 0.0018660435938111148
219 0.0003616150149759352
220 0.0005399624677752377
221 0.0016360718544325655
222 0.0014992753692367232
223 0.0020208010298458927
224 0.0005182941691667408
225 0.0005353974937352319
226 0.0015548825075002222
227 0.0010448164664875542