6 0.00011331135962706119
10 0.000020926658193612276
23 0.0001917778078759736
25 0.00004914275771090647
26 0.000009180257170353432
27 0.0000332527552527846
28 0.000014329171044437778
29 0.000021345713143803165
30 0.00016011104162504336
31 0.000022094106842319594
32 0.0001446627800658901
41 0.00018725926302105958
43 0.0001247963410453852
45 0.00000876923174820536
48 0.00014129003011415398
50 0.00009059173042602328
54 0.0020870771085477946
59 0.000012924366889422343
60 0.000006462183444711172
75 0.0015449519913921072
95 0.0006846296449112446
96 0.0006409523714499261
97 0.0000602039675312256
103 0.000256234019105384
110 0.0003600357507382571
119 0.0001544851386881615
121 0.0002131283281512035
125 0.00038013792159427004
126 0.0009060445366416521
151 0.0003393671988105698
153 0.00022952953988283507
158 0.0007530907959264412
159 0.0015495446445454191
168 0.00009828551542181294
190 0.0005494856956725966
194 0.0004339996609241885
252 0.00021183173694126436
262 0.0006929162084904484
293 0.0005065284965219635
331 0.0003136839799123262
361 0.0009210032187593025
390 0.0005878935028388465
424 0.0008688663374890013
499 0.0005648761188866944
524 0.0006220145312703716
601 0.0004176750344063272
635 0.0005182941691667408
716 0.0018194129342359118
799 0.0007565800661254732
882 0.0008128063180586093
949 0.0014193349925296732
975 0.0016633785947567173
985 0.0009771920599575008
986 0.002659886921684019
987 0.000953975571705261
1094 0.015402757122908084
1095 0.009096132849107746
1096 0.008172244571120481
1097 0.007959116242969277
1098 0.0011370166061384682
1099 0.0012292167457893823
1100 0.000953975571705261
1101 0.000790558501893244
1102 0.0011370166061384682
1103 0.00046935029736931276
1104 0.0006554485025236457