0 0.00010360515709016387
6 0.00011331135962706119
10 0.000010463329096806138
17 0.00024376566216822076
20 0.00014256349717722765
25 0.00004914275771090647
26 0.000009180257170353432
27 0.00001995165315167076
28 0.000014329171044437778
29 0.000016009284857852372
30 0.00024016656243756505
31 0.00003314116026347939
32 0.0001446627800658901
42 0.00029780424319051263
43 0.0001247963410453852
44 0.00015086301495667102
45 0.000005846154498803574
50 0.00009059173042602328
59 0.000006462183444711172
60 0.000012924366889422343
74 0.0001314382268441069
95 0.00047924075143787115
96 0.0004985185111277203
124 0.00045619878530002813
125 0.00019006896079713502
138 0.001199928789867917
139 0.0001247963410453852
153 0.00045905907976567014
168 0.00004914275771090647
227 0.0005224082332437771
247 0.0003148783300420517
554 0.0003600357507382571
1013 0.0005494856956725966
1892 0.0006649717304210047
1925 0.0006220145312703716
3589 0.000953975571705261
4665 0.0011370166061384682
4666 0.0011370166061384682
4667 0.0022740332122769364
4668 0.0011370166061384682