0 0.00010360515709016387
6 0.00009064908770164895
10 0.00006277997458083683
25 0.00004914275771090647
26 0.000036721028681413726
27 0.0000066505510505569195
28 0.000009552780696291852
29 0.000016009284857852372
31 0.000011047053421159797
45 0.00001753846349641072
50 0.00004529586521301164
54 0.00032108878593043
57 0.00018016835758640515
59 0.000012924366889422343
60 0.00006462183444711171
89 0.00033798452589909114
90 0.0003600357507382571
97 0.0000602039675312256
121 0.0002131283281512035
124 0.00022809939265001406
125 0.00019006896079713502
132 0.00058051309059004
133 0.00032475447298266157
153 0.00022952953988283507
168 0.00004914275771090647
195 0.00021509233277500263
217 0.0011194058203108088
275 0.0013299434608420094
276 0.0007394879986854364
300 0.0009078689844408373
303 0.0008180359272162828
307 0.0003818350844534872
370 0.0004221783120451008
469 0.00048193069598779744
482 0.002014040672091664
575 0.00047869542676802046
805 0.0010707949874704638
833 0.0005065284965219635
933 0.0005224082332437771
1066 0.00048193069598779744
1463 0.0007230035022084448
2045 0.0008688663374890013
4669 0.0056850830306923415
4670 0.0011370166061384682