0 0.00010360515709016387
5 0.0001350647307564619
6 0.0000679868157762367
10 0.000010463329096806138
17 0.00024376566216822076
25 0.00004914275771090647
26 0.000013770385755530148
27 0.000013301102101113839
28 0.000009552780696291852
29 0.000010672856571901583
31 0.000038664686974059284
34 0.0005371643639202266
45 0.00000876923174820536
50 0.00004529586521301164
59 0.000012924366889422343
60 0.000025848733778844687
90 0.0003600357507382571
91 0.0018770719997849594
103 0.00008541133970179466
119 0.0001544851386881615
124 0.00022809939265001406
132 0.00019350436353001335
140 0.0016047621517173425
143 0.0002681502686494669
144 0.0012518023704085185
149 0.0006146083728946911
153 0.00022952953988283507
168 0.00004914275771090647
169 0.0002663490497050791
180 0.0002526001287307366
217 0.004029860953118911
223 0.0045468023171532585
232 0.0041463533533339265
241 0.000466348213813385
251 0.0006133845545933855
252 0.003812971264942758
255 0.00023913727761189357
300 0.00015131149740680623
307 0.0003818350844534872
624 0.00048193069598779744
797 0.0038041742838933216
902 0.0005544595315855724
923 0.0057033926830738595
1171 0.004664647522500667
1942 0.000790558501893244
2759 0.0009060445366416521
3575 0.0010215305713900601
4671 0.0011370166061384682