5 0.0001350647307564619
6 0.0001359736315524734
10 0.000010463329096806138
20 0.00014256349717722765
25 0.00009828551542181294
26 0.000013770385755530148
27 0.0000066505510505569195
28 0.000009552780696291852
29 0.000010672856571901583
31 0.000016570580131739694
45 0.00000876923174820536
50 0.00004529586521301164
54 0.000160544392965215
59 0.000006462183444711172
60 0.000025848733778844687
121 0.0002131283281512035
125 0.00019006896079713502
179 0.0005027842686225869
180 0.0002526001287307366
217 0.0004477623281243235
251 0.0006133845545933855
252 0.00021183173694126436
262 0.0003464581042452242
300 0.00015131149740680623
307 0.0003818350844534872
415 0.0006649717304210047
458 0.0003818350844534872
460 0.0006554485025236457
488 0.0011297522377733888
1072 0.0005544595315855724
2084 0.0006554485025236457
2740 0.0009060445366416521
4679 0.0011370166061384682
4680 0.0009060445366416521