0 0.00010360515709016387
5 0.0001350647307564619
10 0.000020926658193612276
15 0.000055337193439289376
24 0.0002549984919897665
25 0.00009828551542181294
26 0.000009180257170353432
27 0.00004655385735389843
28 0.000014329171044437778
29 0.000016009284857852372
30 0.00008005552081252168
31 0.0000055235267105798985
32 0.00043398834019767033
34 0.00011936985864893924
44 0.00015086301495667102
45 0.000005846154498803574
46 0.0013092710867586897
48 0.0009890302107990777
50 0.00009059173042602328
52 0.0025973377015016063
53 0.0029143616374696086
59 0.000025848733778844687
60 0.000006462183444711172
74 0.0001314382268441069
89 0.00033798452589909114
95 0.00041077778694674673
96 0.00042730158096661747
98 0.0050811242464280345
103 0.00008541133970179466
121 0.0002131283281512035
127 0.0006220145312703716
133 0.00032475447298266157
142 0.0004520992678889995
159 0.0004226030848760234
161 0.00032348746208875627
163 0.0005999643949339585
167 0.0003185136261757804
169 0.0002663490497050791
170 0.0017558939873486574
171 0.0004176750344063272
175 0.0005706050921981149
186 0.005289988580439796
195 0.00043018466555000526
297 0.0013481702524148589
299 0.0016049099217695557
301 0.0002517773560482004
304 0.0007107716720472983
311 0.002027907155394547
331 0.0003136839799123262
333 0.0007709345372720537
389 0.00045485323355897795
398 0.001089628176058837
416 0.0003493811814946261
434 0.00032731777168967243
463 0.0006075174674600367
554 0.0003600357507382571
645 0.0010707949874704638
700 0.0003910424617735554
739 0.0006750724671448359
744 0.0033267571895134345
859 0.0008128063180586093
959 0.0018225524023801102
960 0.0004724074680904385
1042 0.0009060445366416521
1142 0.00040280813441833274
1356 0.0005648761188866944
1576 0.0007533803027405932
2043 0.0011519752882561186
2380 0.002606599012467004
2389 0.0008128063180586093
3144 0.00838489536956853
3808 0.0010215305713900601
4684 0.009096132849107746
4685 0.0011370166061384682
4686 0.0011370166061384682
4687 0.0011370166061384682
4688 0.0011370166061384682
4689 0.00306459171417018
4690 0.0011370166061384682