5 0.0004051941922693857
10 0.00005231664548403069
15 0.0002213487737571575
25 0.00004914275771090647
26 0.000009180257170353432
27 0.00008645716365723994
28 0.000009552780696291852
29 0.000010672856571901583
31 0.000011047053421159797
32 0.0001446627800658901
42 0.0008934127295715378
45 0.000005846154498803574
50 0.00036236692170409313
52 0.0007083648276822562
53 0.0005828723274939218
55 0.0013562978036669984
56 0.00034358542739842214
59 0.000019386550334133513
60 0.000012924366889422343
71 0.0009976974005702023
90 0.0003600357507382571
91 0.00046926799994623984
93 0.0002302492435057135
95 0.0005477037159289957
96 0.0004985185111277203
97 0.0000602039675312256
98 0.001195558646218361
100 0.00028855347451293045
110 0.0003600357507382571
119 0.00046345541606448445
136 0.0008869631770044397
139 0.00037438902313615557
145 0.0009982446762925661
159 0.0002817353899173489
163 0.00029998219746697925
168 0.00014742827313271942
169 0.0010653961988203165
171 0.0012530251032189816
172 0.00047827455522378713
175 0.00028530254609905744
176 0.0004576534865273853
196 0.007433359737493136
203 0.0009410519397369785
224 0.0005182941691667408
226 0.003628059184167185
331 0.0003136839799123262
360 0.001061908533927591
385 0.0005182941691667408
430 0.0006651316003801349
446 0.0004176750344063272
455 0.000466348213813385
509 0.0019147817070720818
510 0.0010215305713900601
553 0.005030937221741117
655 0.0017377326749780026
700 0.0003910424617735554
726 0.0006554485025236457
730 0.0006554485025236457
736 0.000570339268307386
802 0.0015067606054811865
806 0.00040692219849536895
854 0.0008384895369568529
930 0.0005648761188866944
975 0.0005544595315855724
982 0.008818402542582699
985 0.0004885960299787504
1142 0.0008056162688366655
1161 0.011969491147578082
1599 0.0006220145312703716
1642 0.0006146083728946911
1713 0.004769877858526305
1714 0.0006750724671448359
1720 0.0018120890732833041
1727 0.022651113416041303
1979 0.0005818342485617932
2037 0.0038273656079531107
2312 0.0006750724671448359
3299 0.000953975571705261
3748 0.011778578976341476
3844 0.0009060445366416521
3916 0.0010215305713900601
4691 0.013644199273661619
4692 0.0010215305713900601
4693 0.0011370166061384682