0 0.00010360515709016387
5 0.0002701294615129238
10 0.000010463329096806138
15 0.000055337193439289376
24 0.0002549984919897665
25 0.00009828551542181294
26 0.000009180257170353432
27 0.000026602204202227678
28 0.000019105561392583703
29 0.000016009284857852372
31 0.0000055235267105798985
32 0.0002893255601317802
34 0.00011936985864893924
43 0.0001247963410453852
44 0.00015086301495667102
45 0.000005846154498803574
46 0.0013092710867586897
48 0.0004238700903424619
50 0.00009059173042602328
52 0.0023612160922741876
53 0.002331489309975687
57 0.0007206734303456206
59 0.000019386550334133513
60 0.000006462183444711172
70 0.01056648213476192
74 0.0001314382268441069
75 0.0043258655758979
80 0.0013574687952422793
81 0.0020034242963392697
82 0.001497367014438849
87 0.0007361723269582895
89 0.00033798452589909114
95 0.0005477037159289957
96 0.0006409523714499261
97 0.0001204079350624512
98 0.001195558646218361
103 0.00008541133970179466
116 0.0016061924812056955
121 0.0021312832815120353
127 0.0006220145312703716
130 0.00036808616347914477
133 0.0006495089459653231
136 0.00029565439233481325
139 0.0001247963410453852
148 0.0027641093996213003
159 0.0002817353899173489
161 0.001293949848355025
163 0.00029998219746697925
169 0.0002663490497050791
175 0.00028530254609905744
177 0.00044410039764801966
185 0.0016372660272235256
213 0.0007296383478218761
224 0.0010365883383334816
225 0.0005353974937352319
255 0.0007174118328356807
266 0.0006021638897794608
297 0.00044939008413828627
299 0.0003209819843539111
304 0.0007107716720472983
311 0.00033798452589909114
331 0.0003136839799123262
362 0.001199928789867917
398 0.0003632093920196124
434 0.00032731777168967243
464 0.0005648761188866944
554 0.0007200715014765141
611 0.001061908533927591
645 0.0010707949874704638
700 0.0007820849235471108
743 0.0007601062605041926
865 0.000904198535777999
959 0.0006075174674600367
960 0.0004724074680904385
1212 0.0008688663374890013
1266 0.001259530567250804
1443 0.0017377326749780026
1576 0.0015067606054811865
1938 0.0006146083728946911
1979 0.0005818342485617932
3566 0.0008384895369568529
4539 0.0010215305713900601
4694 0.0011370166061384682
4695 0.0011370166061384682
4696 0.0011370166061384682