5 0.0001350647307564619
6 0.0000679868157762367
10 0.000020926658193612276
15 0.00016601158031786812
24 0.00012749924599488326
25 0.00004914275771090647
26 0.000009180257170353432
27 0.0000066505510505569195
28 0.000009552780696291852
29 0.000010672856571901583
31 0.000016570580131739694
32 0.0001446627800658901
45 0.000005846154498803574
57 0.00018016835758640515
59 0.000006462183444711172
60 0.000012924366889422343
90 0.0003600357507382571
93 0.000460498487011427
95 0.00020538889347337336
96 0.00021365079048330874
144 0.0006259011852042593
172 0.00023913727761189357
176 0.0004576534865273853
235 0.000489099431979698
247 0.0003148783300420517
252 0.000635495210823793
276 0.0003697439993427182
303 0.0004090179636081414
449 0.00042680669660142797
458 0.0007636701689069744
482 0.00040280813441833274
555 0.0006871708547968443
1007 0.0008688663374890013
1105 0.0007533803027405932
1106 0.0009060445366416521
1107 0.0011370166061384682
1108 0.0006554485025236457
1109 0.0007230035022084448
1110 0.000685825303055794