6 0.0000679868157762367
8 0.0006907477305171405
10 0.00005231664548403069
13 0.0003124981305672972
15 0.000055337193439289376
25 0.00004914275771090647
26 0.00003213090009623701
27 0.000013301102101113839
28 0.000009552780696291852
29 0.000010672856571901583
31 0.000022094106842319594
34 0.00011936985864893924
36 0.00017439542599474
45 0.000020461540745812507
48 0.00014129003011415398
50 0.00004529586521301164
59 0.000006462183444711172
60 0.00007754620133653405
76 0.00023762262054737309
97 0.0000602039675312256
100 0.00014427673725646523
119 0.00046345541606448445
129 0.0061412970851757
139 0.0002495926820907704
159 0.0002817353899173489
168 0.00004914275771090647
175 0.00028530254609905744
195 0.0019358309949750237
201 0.0003782900330627366
210 0.0021979427826903865
276 0.0007394879986854364
290 0.002824380594433472
362 0.0008999465924009378
402 0.0008128063180586093
437 0.00043897349683716435
613 0.0004176750344063272
635 0.0005182941691667408
654 0.00038729823387417876
776 0.002908277625507711
805 0.0005353974937352319
839 0.0004755217854866652
913 0.0016445617083328853
933 0.0005224082332437771
966 0.0012928806034244072
1142 0.00040280813441833274
1207 0.0007709345372720537
1241 0.0016256126361172186
1403 0.0006649717304210047
1808 0.0012014321376790688
2513 0.0009060445366416521
3139 0.0009060445366416521
3149 0.0009060445366416521
3212 0.0009060445366416521
3224 0.001907951143410522
4195 0.0010215305713900601
4699 0.0011370166061384682
4700 0.0011370166061384682
4701 0.0018120890732833041
4702 0.01819226569821549
4703 0.0011370166061384682
4704 0.0022740332122769364
4705 0.0011370166061384682