5 0.0001350647307564619
7 0.001061592787862714
10 0.000020926658193612276
11 0.0008882007952960393
15 0.0002766859671964469
17 0.00024376566216822076
18 0.0003172930263603734
24 0.0008924947219641826
25 0.0002457137885545324
26 0.000018360514340706863
27 0.00001995165315167076
28 0.00002388195174072963
29 0.000005336428285950791
31 0.000022094106842319594
34 0.00011936985864893924
45 0.000014615386247008935
49 0.0002231883932943071
50 0.0001358875956390349
59 0.000012924366889422343
60 0.000038773100668267026
65 0.000466348213813385
76 0.0021386035849263576
78 0.0005309542669637955
79 0.0011519752882561186
87 0.00036808616347914477
89 0.00033798452589909114
93 0.0002302492435057135
97 0.0002408158701249024
103 0.000256234019105384
109 0.004200185928988359
121 0.000426256656302407
132 0.00019350436353001335
136 0.00029565439233481325
139 0.0001247963410453852
144 0.0010431686420070989
151 0.0006787343976211396
159 0.00014086769495867446
162 0.0003800531302520963
163 0.0008999465924009378
168 0.00009828551542181294
192 0.0014750011320375594
194 0.002169998304620943
195 0.00043018466555000526
210 0.0021979427826903865
240 0.001013056993043927
251 0.0003066922772966927
252 0.0004236634738825287
262 0.0006929162084904484
265 0.0007266256124202381
266 0.0003010819448897304
293 0.0005065284965219635
303 0.0008180359272162828
306 0.004895090173521867
325 0.00043897349683716435
326 0.0010799249355504753
360 0.0005309542669637955
370 0.0008443566240902016
384 0.0009573908535360409
390 0.001175787005677693
392 0.00047869542676802046
395 0.0006378942679921852
413 0.002376725846065714
429 0.0004755217854866652
435 0.0008882007952960393
437 0.00043897349683716435
442 0.0010944575217328141
454 0.00038363630339787504
466 0.0006973202833102012
538 0.0011193299856910267
554 0.0003600357507382571
568 0.0011191728647928555
623 0.0004605016093796513
723 0.0007709345372720537
730 0.0006554485025236457
734 0.0005027842686225869
782 0.008708203437785202
816 0.0004852300340911263
840 0.0005027842686225869
848 0.0005446560494091424
851 0.001877401189477251
867 0.0025139213431129345
897 0.0005494856956725966
898 0.0005027842686225869
900 0.0005266264618316295
901 0.0005759876441280593
902 0.0005544595315855724
903 0.0005818342485617932
904 0.0006007160688395344
905 0.0005878935028388465
906 0.000570339268307386
907 0.0005878935028388465
908 0.0005818342485617932
909 0.0005941814615164285
910 0.000570339268307386
911 0.0005759876441280593
912 0.0014360862803040613
913 0.0008222808541664426
1044 0.002824380594433472
1051 0.0006750724671448359
1058 0.0007096674962648366
1062 0.003954132832206861
1063 0.0014750011320375594
1065 0.0026491033656922177
1068 0.0005103588061228796
1069 0.0003968214617715378
1194 0.0007230035022084448
1283 0.0005266264618316295
1491 0.0006649717304210047
1492 0.0008688663374890013
1534 0.004086122285560241
1559 0.0012150349349200735
1750 0.0008384895369568529
1774 0.0007096674962648366
1784 0.001581117003786488
1855 0.0009060445366416521
2052 0.0006649717304210047
2189 0.0006146083728946911
2252 0.0007096674962648366
2513 0.0009060445366416521
3284 0.000953975571705261
3350 0.000953975571705261
3796 0.0010215305713900601
4133 0.0010215305713900601
4706 0.004548066424553873
4707 0.00715071399973042
4708 0.0011370166061384682
4709 0.0011370166061384682
4710 0.0011370166061384682
4711 0.0022740332122769364
4712 0.0022740332122769364
4713 0.0022740332122769364
4714 0.0022740332122769364
4715 0.006822099636830809