5 0.0005402589230258477
6 0.00011331135962706119
10 0.000010463329096806138
15 0.0003873603540750256
25 0.00009828551542181294
26 0.000009180257170353432
27 0.00003990330630334152
28 0.000014329171044437778
29 0.000010672856571901583
31 0.000027617633552899494
34 0.00005968492932446962
45 0.000014615386247008935
49 0.0002231883932943071
50 0.00018118346085204656
54 0.00064217757186086
59 0.000038773100668267026
60 0.00005169746755768937
65 0.00186539285525354
80 0.0003393671988105698
97 0.00042142777271857916
100 0.0004328302117693956
103 0.00017082267940358932
108 0.0017798057521601705
110 0.0003600357507382571
119 0.00046345541606448445
122 0.00030783737547859243
124 0.00022809939265001406
136 0.0005913087846696265
144 0.0008345349136056791
151 0.0003393671988105698
153 0.00022952953988283507
159 0.0002817353899173489
169 0.0005326980994101582
171 0.0004176750344063272
175 0.0005706050921981149
176 0.0009153069730547706
188 0.00725611836833437
210 0.0021979427826903865
217 0.0038059797890567493
223 0.0002526001287307366
264 0.002281357073229544
266 0.0006021638897794608
300 0.0019670494662884807
394 0.003475465349956005
398 0.0003632093920196124
462 0.0005941814615164285
463 0.0012150349349200735
494 0.002312803611816161
499 0.0005648761188866944
572 0.0005224082332437771
654 0.0011618947016225362
713 0.0005544595315855724
739 0.0006750724671448359
829 0.013062305156677804
833 0.012156683916527123
851 0.0014080508921079382
913 0.0016445617083328853
960 0.0004724074680904385
1051 0.0006750724671448359
1154 0.004183921699861207
1421 0.000790558501893244
1477 0.0021979427826903865
1589 0.0007533803027405932
1597 0.0006554485025236457
1648 0.0012150349349200735
1713 0.000953975571705261
1850 0.0008384895369568529
2234 0.0009060445366416521
2336 0.00947927631296933
2498 0.0009060445366416521
3120 0.0009060445366416521
3149 0.0009060445366416521
3224 0.001907951143410522
3526 0.000953975571705261
3815 0.00715071399973042
3834 0.0008688663374890013
3893 0.0009060445366416521
4263 0.0008688663374890013
4370 0.000953975571705261
4611 0.0010215305713900601
4716 0.0022740332122769364
4717 0.0011370166061384682
4718 0.0010215305713900601
4719 0.0011370166061384682
4720 0.0011370166061384682
4721 0.0011370166061384682
4722 0.0011370166061384682
4723 0.0011370166061384682
4724 0.0011370166061384682
4725 0.0011370166061384682
4726 0.0022740332122769364
4727 0.0011370166061384682