6 0.00011331135962706119
10 0.000010463329096806138
24 0.0002549984919897665
26 0.00002295064292588358
27 0.000013301102101113839
28 0.000014329171044437778
29 0.000010672856571901583
31 0.000016570580131739694
36 0.00017439542599474
45 0.000020461540745812507
50 0.00018118346085204656
55 0.0022604963394449976
59 0.000006462183444711172
60 0.00005169746755768937
74 0.0001314382268441069
75 0.00216293278794895
81 0.00033390404938987825
87 0.00036808616347914477
96 0.00007121693016110292
97 0.0001204079350624512
100 0.00014427673725646523
103 0.00017082267940358932
108 0.0012712898229715506
119 0.001235881109505292
121 0.0023444116096632385
131 0.002659886921684019
145 0.0009982446762925661
146 0.00036481917391093806
150 0.002212501698056339
159 0.0002817353899173489
163 0.0005999643949339585
164 0.0006624764288875735
167 0.0006370272523515608
168 0.00004914275771090647
172 0.00023913727761189357
180 0.0010104005149229464
185 0.0014033708804773077
200 0.0008499215381405333
203 0.0003136839799123262
210 0.0016484570870177898
251 0.0003066922772966927
271 0.0008830344552307394
276 0.0007394879986854364
354 0.0009910783300010088
393 0.00048193069598779744
434 0.00032731777168967243
481 0.000867999321848377
525 0.0018660435938111148
538 0.00037310999523034225
569 0.002057475909167382
589 0.0003818350844534872
602 0.0009910783300010088
734 0.0005027842686225869
741 0.0006750724671448359
742 0.0008138443969907379
793 0.0011519752882561186
795 0.0010707949874704638
805 0.0005353974937352319
881 0.001259530567250804
892 0.0005595864323964277
913 0.001233421281249664
940 0.0005544595315855724
942 0.0006464403017122036
1142 0.00040280813441833274
1149 0.0007096674962648366
1412 0.0005648761188866944
1648 0.0012150349349200735
1724 0.0005878935028388465
1734 0.0006378942679921852
1859 0.00612918342834036
2253 0.000953975571705261
2634 0.000953975571705261
2730 0.004086122285560241
2731 0.00395279250946622
2850 0.0008128063180586093
2897 0.005213198024934008
3496 0.0016256126361172186
3501 0.0007709345372720537
4100 0.014309633575578915
4587 0.0020430611427801203
4728 0.011370166061384683
4729 0.0008384895369568529
4730 0.0025154686108705584
4731 0.0034110498184154047
4732 0.0011370166061384682
4733 0.0011370166061384682
4734 0.0022740332122769364