0 0.00010360515709016387
6 0.00011331135962706119
10 0.000010463329096806138
15 0.000055337193439289376
26 0.000009180257170353432
27 0.00001995165315167076
28 0.000019105561392583703
29 0.000021345713143803165
30 0.00008005552081252168
31 0.000027617633552899494
32 0.00021699417009883517
34 0.00005968492932446962
45 0.00000876923174820536
46 0.00032731777168967243
47 0.0008126674302452151
48 0.00028258006022830796
49 0.0002231883932943071
50 0.00009059173042602328
54 0.000160544392965215
59 0.000006462183444711172
60 0.000012924366889422343
76 0.00023762262054737309
92 0.00036481917391093806
95 0.0005477037159289957
96 0.0005697354412888233
97 0.00018061190259367678
100 0.00014427673725646523
103 0.00008541133970179466
125 0.00019006896079713502
139 0.0001247963410453852
144 0.00020863372840141978
153 0.00022952953988283507
214 0.0012386167863560214
251 0.0003066922772966927
259 0.0010222843270234372
301 0.000755332068144601
415 0.0006649717304210047
417 0.0003600357507382571
437 0.00043897349683716435
483 0.0003800531302520963
555 0.00034358542739842214
601 0.0008353500688126544
1038 0.0005103588061228796
1360 0.0005941814615164285
1707 0.0007709345372720537
1792 0.0029500022640751187
1802 0.0008128063180586093
4740 0.0011370166061384682
4741 0.0011370166061384682
4742 0.0009060445366416521
4743 0.0011370166061384682
4744 0.006822099636830809