2 0.001089628176058837
6 0.0001359736315524734
10 0.0000837066327744491
15 0.0002766859671964469
16 0.0018660435938111148
17 0.00024376566216822076
26 0.000009180257170353432
27 0.000026602204202227678
28 0.000014329171044437778
29 0.000016009284857852372
30 0.00008005552081252168
31 0.000016570580131739694
32 0.00021699417009883517
34 0.00011936985864893924
45 0.00000876923174820536
48 0.0004238700903424619
50 0.00004529586521301164
59 0.000006462183444711172
60 0.000012924366889422343
65 0.000466348213813385
74 0.0001314382268441069
76 0.00047524524109474617
79 0.0005759876441280593
93 0.0002302492435057135
95 0.00047924075143787115
96 0.0004985185111277203
97 0.00018061190259367678
100 0.00028855347451293045
101 0.0016061924812056955
103 0.00008541133970179466
108 0.0007627738937829303
109 0.0034365157600813848
111 0.0004724074680904385
119 0.000308970277376323
121 0.0002131283281512035
124 0.00022809939265001406
134 0.00020241617375177045
136 0.00029565439233481325
138 0.0008999465924009378
144 0.0012518023704085185
149 0.0024584334915787646
158 0.0003765453979632206
167 0.0003185136261757804
168 0.00009828551542181294
171 0.0004176750344063272
172 0.00023913727761189357
195 0.00021509233277500263
247 0.0006297566600841033
251 0.0009200768318900781
252 0.0004236634738825287
271 0.0004415172276153697
311 0.00033798452589909114
326 0.0005399624677752377
372 0.0003553858360236491
389 0.00045485323355897795
455 0.000466348213813385
512 0.00044672424919219483
538 0.0007462199904606845
574 0.0013501449342896718
580 0.0006007160688395344
601 0.0004176750344063272
671 0.0003910424617735554
717 0.0007709345372720537
734 0.0005027842686225869
793 0.0005759876441280593
795 0.0005353974937352319
805 0.0005353974937352319
940 0.0005544595315855724
950 0.0005353974937352319
988 0.003548337481324183
1177 0.0006220145312703716
1266 0.000629765283625402
1314 0.002723280247045712
1335 0.0007533803027405932
1494 0.000790558501893244
1647 0.0008384895369568529
1792 0.0014750011320375594
1966 0.0008688663374890013
2079 0.0010215305713900601
2189 0.0006146083728946911
3190 0.000953975571705261
3266 0.0017377326749780026
3350 0.000953975571705261
3502 0.000953975571705261
4745 0.01932928230435396
4746 0.0011370166061384682