6 0.0002492849911795346
10 0.00005231664548403069
14 0.0005291341910073765
15 0.0002213487737571575
20 0.00014256349717722765
25 0.00014742827313271942
26 0.000009180257170353432
27 0.00001995165315167076
28 0.000019105561392583703
29 0.000016009284857852372
30 0.00024016656243756505
31 0.000022094106842319594
32 0.00021699417009883517
43 0.0001247963410453852
44 0.00015086301495667102
45 0.000005846154498803574
48 0.0004238700903424619
50 0.00004529586521301164
56 0.00034358542739842214
57 0.0003603367151728103
59 0.000006462183444711172
60 0.000012924366889422343
74 0.0002628764536882138
87 0.0007361723269582895
95 0.0006161666804201201
96 0.0006409523714499261
97 0.0001204079350624512
100 0.00028855347451293045
103 0.000256234019105384
115 0.0007096674962648366
119 0.0001544851386881615
121 0.0006393849844536105
124 0.00045619878530002813
159 0.00014086769495867446
168 0.00004914275771090647
169 0.0002663490497050791
175 0.00028530254609905744
200 0.0002833071793801778
210 0.0021979427826903865
222 0.0003748188423091808
240 0.0005065284965219635
251 0.0009200768318900781
252 0.0004236634738825287
262 0.0006929162084904484
266 0.0003010819448897304
290 0.003389256713320166
417 0.0003600357507382571
434 0.00032731777168967243
483 0.0015202125210083853
613 0.0004176750344063272
672 0.0005182941691667408
720 0.0007230035022084448
738 0.0013501449342896718
806 0.00040692219849536895
1103 0.00046935029736931276
1110 0.000685825303055794
1269 0.0024028642753581375
1325 0.0005544595315855724
1391 0.005213198024934008
1548 0.0007230035022084448
1707 0.002312803611816161
1943 0.0009060445366416521
2205 0.05924877314062349
2234 0.0009060445366416521
2252 0.0007096674962648366
3014 0.001907951143410522
3911 0.0072483562931332166
4718 0.0010215305713900601
4747 0.004548066424553873
4748 0.01250718266752315
4749 0.0008688663374890013
4750 0.004548066424553873
4751 0.0011370166061384682
4752 0.021603315516630896
4753 0.0011370166061384682
4754 0.006822099636830809
4755 0.0011370166061384682
4756 0.0011370166061384682
4757 0.0011370166061384682