0 0.00020721031418032774
2 0.0007264187840392248
3 0.00044939008413828627
4 0.000801577161694931
5 0.0001350647307564619
6 0.0000679868157762367
7 0.0038925068888299515
9 0.0007047129186040493
10 0.00005231664548403069
15 0.000055337193439289376
20 0.00014256349717722765
23 0.0001917778078759736
24 0.00012749924599488326
25 0.00004914275771090647
26 0.000009180257170353432
27 0.000013301102101113839
28 0.000028658342088875557
29 0.000016009284857852372
30 0.00008005552081252168
31 0.000027617633552899494
32 0.00021699417009883517
34 0.00011936985864893924
37 0.0007975864282571718
38 0.0009153069730547706
45 0.000011692308997607148
47 0.0002708891434150717
48 0.00014129003011415398
59 0.000006462183444711172
60 0.000012924366889422343
72 0.0003697439993427182
74 0.0001314382268441069
76 0.00023762262054737309
87 0.00036808616347914477
93 0.000460498487011427
95 0.00041077778694674673
96 0.00042730158096661747
97 0.0001204079350624512
132 0.0003870087270600267
144 0.0006259011852042593
151 0.0003393671988105698
161 0.00032348746208875627
163 0.00029998219746697925
179 0.0005027842686225869
202 0.00030783737547859243
247 0.0009446349901261551
266 0.0003010819448897304
273 0.0003697439993427182
274 0.000629765283625402
276 0.0007394879986854364
302 0.00038363630339787504
343 0.002169998304620943
352 0.002057116995507976
356 0.0005266264618316295
357 0.0007375005660187797
455 0.00093269642762677
456 0.0020242623420281968
475 0.0002526001287307366
481 0.0004339996609241885
496 0.0006987623629892522
512 0.00044672424919219483
586 0.0005759876441280593
624 0.0014457920879633922
931 0.0008128063180586093
2052 0.0006649717304210047
2084 0.0006554485025236457
4770 0.0011370166061384682
4771 0.0011370166061384682
4772 0.0011370166061384682