0 0.00010360515709016387
5 0.0001350647307564619
6 0.00004532454385082448
10 0.00005231664548403069
14 0.0007937012865110646
15 0.00016601158031786812
17 0.0004875313243364415
20 0.00014256349717722765
26 0.000009180257170353432
27 0.0000332527552527846
28 0.00002388195174072963
29 0.00002668214142975396
30 0.00008005552081252168
31 0.000027617633552899494
32 0.00021699417009883517
34 0.00017905478797340885
42 0.0005956084863810253
43 0.0001247963410453852
44 0.00015086301495667102
45 0.00000876923174820536
48 0.00028258006022830796
49 0.0002231883932943071
50 0.0001358875956390349
54 0.000160544392965215
57 0.00018016835758640515
59 0.000006462183444711172
60 0.000012924366889422343
72 0.0003697439993427182
73 0.0004885960299787504
74 0.0001314382268441069
75 0.002780913584505793
80 0.0003393671988105698
81 0.00033390404938987825
87 0.00036808616347914477
91 0.00046926799994623984
95 0.00047924075143787115
96 0.0004985185111277203
97 0.0000602039675312256
103 0.00008541133970179466
121 0.0002131283281512035
132 0.0009675218176500667
140 0.0002005952689646678
144 0.0010431686420070989
153 0.0006885886196485052
159 0.00126780925462807
168 0.00004914275771090647
169 0.0002663490497050791
170 0.0021948674841858217
214 0.004459020430881677
219 0.0003616150149759352
223 0.0037890019309610493
224 0.0005182941691667408
225 0.0016061924812056955
226 0.0005182941691667408
252 0.00021183173694126436
259 0.0003407614423411458
300 0.0007565574870340312
331 0.0012547359196493047
372 0.0003553858360236491
455 0.000466348213813385
456 0.0008097049368112787
464 0.0005648761188866944
475 0.0002526001287307366
512 0.00044672424919219483
525 0.0006220145312703716
555 0.0020615125643905327
575 0.00047869542676802046
612 0.0027002898685793437
659 0.0007230035022084448
774 0.0005941814615164285
933 0.0005224082332437771
966 0.0006464403017122036
1056 0.0006464403017122036
1066 0.00048193069598779744
1360 0.0005941814615164285
1548 0.0007230035022084448
2043 0.0005759876441280593
2058 0.0006973202833102012
3288 0.0008384895369568529
4773 0.0011370166061384682