5 0.0002701294615129238
6 0.00004532454385082448
7 0.0007077285252418094
8 0.000460498487011427
10 0.000020926658193612276
15 0.00016601158031786812
20 0.00014256349717722765
24 0.0003824977379846497
25 0.00004914275771090647
26 0.000009180257170353432
27 0.0000066505510505569195
28 0.000014329171044437778
29 0.000010672856571901583
30 0.00008005552081252168
31 0.000011047053421159797
32 0.00021699417009883517
34 0.00005968492932446962
45 0.00000876923174820536
46 0.0013092710867586897
48 0.0004238700903424619
49 0.0002231883932943071
59 0.000006462183444711172
60 0.000012924366889422343
67 0.0006987623629892522
68 0.0008056162688366655
69 0.0015418288327399105
78 0.0005309542669637955
81 0.00033390404938987825
93 0.0002302492435057135
95 0.00027385185796449787
96 0.00035608465080551457
97 0.0000602039675312256
121 0.0002131283281512035
124 0.00022809939265001406
127 0.0006220145312703716
130 0.00036808616347914477
139 0.0002495926820907704
140 0.0002005952689646678
144 0.00041726745680283956
148 0.0007897455427489431
157 0.000685825303055794
159 0.0002817353899173489
163 0.0005999643949339585
172 0.00023913727761189357
176 0.0004576534865273853
201 0.0018914501653136831
202 0.00030783737547859243
235 0.000489099431979698
277 0.0005494856956725966
299 0.0003209819843539111
446 0.0008353500688126544
475 0.0002526001287307366
539 0.0005494856956725966
573 0.0004885960299787504
612 0.0006750724671448359
619 0.0005446560494091424
645 0.0010707949874704638
960 0.0004724074680904385
1056 0.0006464403017122036
1263 0.0018225524023801102
1495 0.0019393209051366106
1654 0.0008384895369568529
2582 0.0008688663374890013
3442 0.005030937221741117
4779 0.0011370166061384682
4780 0.0011370166061384682