0 0.00010360515709016387
5 0.0006753236537823096
6 0.0001359736315524734
10 0.00005231664548403069
15 0.00011067438687857875
17 0.00024376566216822076
18 0.0003172930263603734
24 0.00012749924599488326
25 0.00004914275771090647
26 0.000009180257170353432
27 0.000026602204202227678
28 0.000014329171044437778
29 0.000016009284857852372
31 0.000011047053421159797
32 0.00021699417009883517
34 0.00005968492932446962
42 0.0005956084863810253
43 0.0002495926820907704
44 0.00030172602991334203
45 0.000011692308997607148
47 0.0002708891434150717
48 0.0004238700903424619
50 0.00004529586521301164
52 0.00023612160922741876
54 0.000160544392965215
59 0.000038773100668267026
60 0.000006462183444711172
74 0.0001314382268441069
76 0.00023762262054737309
87 0.00036808616347914477
89 0.00033798452589909114
95 0.0006846296449112446
96 0.0007121693016110291
97 0.0001204079350624512
100 0.00014427673725646523
103 0.00017082267940358932
116 0.0005353974937352319
134 0.0004048323475035409
138 0.0008999465924009378
140 0.0002005952689646678
163 0.0005999643949339585
167 0.0006370272523515608
168 0.00004914275771090647
172 0.00047827455522378713
175 0.00028530254609905744
185 0.0009355805869848718
214 0.0009908934290848172
224 0.0005182941691667408
225 0.0010707949874704638
226 0.0005182941691667408
265 0.0012110426873670635
297 0.0008987801682765725
298 0.0009982446762925661
299 0.0035308018278930224
308 0.001061908533927591
316 0.002312803611816161
327 0.0023934771338401024
348 0.016508460412291023
359 0.0007375005660187797
389 0.00045485323355897795
456 0.00040485246840563934
496 0.005939480085408643
515 0.0008779469936743287
680 0.006902405470529341
767 0.00040692219849536895
840 0.0020111370744903476
860 0.0008384895369568529
1336 0.000953975571705261
1360 0.0005941814615164285
1625 0.0006554485025236457
1921 0.0007230035022084448
2043 0.0011519752882561186
2144 0.0008128063180586093
2251 0.0016769790739137058
4497 0.0017377326749780026
4781 0.0056850830306923415
4782 0.000953975571705261
4783 0.0010215305713900601
4784 0.0022740332122769364
4785 0.0011370166061384682
4786 0.0011370166061384682