0 0.00020721031418032774
5 0.0001350647307564619
6 0.00011331135962706119
10 0.00006277997458083683
15 0.0003873603540750256
17 0.00024376566216822076
18 0.0003172930263603734
20 0.00014256349717722765
23 0.0001917778078759736
24 0.00012749924599488326
25 0.00009828551542181294
26 0.000009180257170353432
27 0.000026602204202227678
28 0.000014329171044437778
29 0.000021345713143803165
31 0.000027617633552899494
32 0.0002893255601317802
34 0.00023873971729787848
41 0.00018725926302105958
42 0.00029780424319051263
43 0.0001247963410453852
44 0.00015086301495667102
45 0.00000876923174820536
48 0.00014129003011415398
50 0.00004529586521301164
54 0.000160544392965215
58 0.0016787592971892833
59 0.000012924366889422343
60 0.000012924366889422343
65 0.000466348213813385
73 0.0004885960299787504
74 0.0001314382268441069
87 0.00036808616347914477
90 0.0007200715014765141
95 0.00041077778694674673
96 0.00042730158096661747
97 0.0001204079350624512
119 0.000308970277376323
124 0.00022809939265001406
132 0.0003870087270600267
134 0.00020241617375177045
137 0.004562714146459088
138 0.00029998219746697925
140 0.0004011905379293356
144 0.0012518023704085185
153 0.00045905907976567014
167 0.0006370272523515608
168 0.00009828551542181294
169 0.0002663490497050791
172 0.00023913727761189357
202 0.00030783737547859243
203 0.0003136839799123262
214 0.002724956929983247
219 0.0007232300299518704
220 0.0005399624677752377
223 0.0020208010298458927
235 0.000489099431979698
265 0.00024220853747341272
273 0.0003697439993427182
300 0.00045393449222041863
325 0.00043897349683716435
342 0.0004885960299787504
372 0.0003553858360236491
389 0.00045485323355897795
395 0.0006378942679921852
416 0.0003493811814946261
454 0.00038363630339787504
475 0.0002526001287307366
480 0.0007709345372720537
512 0.00044672424919219483
517 0.00897574189371833
530 0.0002736737953600468
538 0.0007462199904606845
539 0.0010989713913451932
554 0.0007200715014765141
575 0.00047869542676802046
585 0.0003987932141285859
599 0.0004991223381462831
672 0.0005182941691667408
709 0.007544078333613735
1099 0.0006146083728946911
1200 0.0011297522377733888
1283 0.0005266264618316295
1287 0.0005595864323964277
1451 0.0006146083728946911
1548 0.0007230035022084448
1808 0.0006007160688395344
1930 0.0006973202833102012
2043 0.0005759876441280593
2325 0.0008384895369568529
4787 0.0011370166061384682
4788 0.0020430611427801203
4789 0.0020430611427801203
4790 0.0010215305713900601
4791 0.0011370166061384682
4792 0.0010215305713900601