5 0.0004051941922693857
10 0.00009416996187125524
13 0.0006249962611345944
15 0.000442697547514315
17 0.0007312969865046622
18 0.0003172930263603734
20 0.0002851269943544553
24 0.00012749924599488326
26 0.000009180257170353432
27 0.000026602204202227678
28 0.000009552780696291852
29 0.000037354998001655535
30 0.00008005552081252168
31 0.000011047053421159797
32 0.00021699417009883517
34 0.00011936985864893924
42 0.0008934127295715378
44 0.000452589044870013
45 0.00000876923174820536
47 0.0002708891434150717
48 0.0004238700903424619
50 0.00009059173042602328
52 0.0037779457476387
53 0.0008743084912408826
54 0.000160544392965215
58 0.0005595864323964277
59 0.000012924366889422343
60 0.000006462183444711172
65 0.00559617856576062
93 0.0002302492435057135
95 0.0006161666804201201
96 0.0006409523714499261
97 0.00018061190259367678
98 0.0005977793231091805
100 0.00014427673725646523
132 0.00058051309059004
134 0.0004048323475035409
137 0.004562714146459088
138 0.0005999643949339585
139 0.0001247963410453852
140 0.0002005952689646678
143 0.0002681502686494669
144 0.00041726745680283956
159 0.0005634707798346978
167 0.0003185136261757804
168 0.00004914275771090647
169 0.0002663490497050791
172 0.00023913727761189357
175 0.00028530254609905744
177 0.00044410039764801966
200 0.0002833071793801778
203 0.0003136839799123262
219 0.0007232300299518704
220 0.0005399624677752377
233 0.00038915983010845493
235 0.000489099431979698
241 0.000466348213813385
251 0.0003066922772966927
265 0.00024220853747341272
273 0.0003697439993427182
297 0.0008987801682765725
298 0.0009982446762925661
299 0.0057776757183704
308 0.001061908533927591
325 0.00043897349683716435
361 0.0004605016093796513
389 0.00045485323355897795
395 0.005103154143937481
440 0.00046339926727899627
475 0.0002526001287307366
517 0.0061412970851757
530 0.0002736737953600468
538 0.0007462199904606845
539 0.0010989713913451932
554 0.0003600357507382571
709 0.011659030151948498
840 0.0005027842686225869
916 0.0006464403017122036
940 0.0005544595315855724
966 0.0006464403017122036
1099 0.0006146083728946911
1269 0.0006007160688395344
1335 0.0007533803027405932
1476 0.0006146083728946911
1548 0.0007230035022084448
1577 0.000685825303055794
1753 0.0008688663374890013
1808 0.0006007160688395344
2043 0.0011519752882561186
2325 0.0008384895369568529
2346 0.0006464403017122036
3844 0.0009060445366416521
4506 0.000953975571705261
4788 0.0010215305713900601
4789 0.0020430611427801203
4790 0.0010215305713900601
4793 0.0011370166061384682
4794 0.0022740332122769364
4795 0.000953975571705261
4796 0.0011370166061384682