0 0.00010360515709016387
5 0.0002701294615129238
6 0.00009064908770164895
10 0.000010463329096806138
14 0.00026456709550368824
15 0.00033202316063573624
17 0.00024376566216822076
24 0.00012749924599488326
25 0.00004914275771090647
26 0.000027540771511060296
27 0.00004655385735389843
28 0.000009552780696291852
29 0.000010672856571901583
30 0.00008005552081252168
31 0.000011047053421159797
34 0.00005968492932446962
42 0.00029780424319051263
45 0.00001753846349641072
50 0.00009059173042602328
52 0.002833459310729025
53 0.0011657446549878435
54 0.0004816331788956449
57 0.00018016835758640515
59 0.000025848733778844687
60 0.00006462183444711171
64 0.0029709073075821425
91 0.0007039019999193597
97 0.0001204079350624512
98 0.0008966689846637708
100 0.00014427673725646523
119 0.000308970277376323
124 0.0013685963559000845
132 0.00019350436353001335
138 0.0008999465924009378
139 0.0002495926820907704
142 0.001808397071555998
143 0.0005363005372989338
144 0.0014604360988099382
146 0.00036481917391093806
168 0.00004914275771090647
203 0.0006273679598246524
265 0.00024220853747341272
297 0.001797560336553145
298 0.002994734028877698
299 0.002567855874831289
305 0.002824380594433472
309 0.001053252923663259
360 0.0005309542669637955
389 0.00045485323355897795
442 0.00036481917391093806
447 0.0006464403017122036
519 0.0008443566240902016
591 0.0005818342485617932
599 0.0004991223381462831
613 0.0008353500688126544
671 0.0003910424617735554
837 0.000953975571705261
1925 0.0024880581250814864
1942 0.003162234007572976
2336 0.0005266264618316295
4804 0.0011370166061384682
4805 0.0011370166061384682
4806 0.0011370166061384682
4807 0.0011370166061384682
4808 0.0011370166061384682