0 0.00020721031418032774
6 0.00009064908770164895
10 0.000020926658193612276
25 0.00004914275771090647
26 0.000009180257170353432
27 0.000013301102101113839
28 0.000014329171044437778
29 0.000016009284857852372
30 0.00016011104162504336
31 0.000060758793816378885
32 0.0001446627800658901
33 0.002377608927433326
34 0.00005968492932446962
42 0.00029780424319051263
43 0.00037438902313615557
44 0.00015086301495667102
45 0.000005846154498803574
47 0.0002708891434150717
50 0.00004529586521301164
54 0.000160544392965215
59 0.000012924366889422343
60 0.000012924366889422343
77 0.0008779469936743287
125 0.00019006896079713502
136 0.00029565439233481325
139 0.0001247963410453852
140 0.0004011905379293356
153 0.00045905907976567014
162 0.0003800531302520963
168 0.00009828551542181294
214 0.002724956929983247
223 0.0010104005149229464
232 0.0010365883383334816
252 0.000635495210823793
300 0.00045393449222041863
331 0.0006273679598246524
442 0.00036481917391093806
982 0.002351574011355386
1088 0.001994915191263014
1130 0.003251225272234437
1131 0.0011370166061384682
1132 0.0017764015905920786
1133 0.0010215305713900601
1134 0.000790558501893244