0 0.00010360515709016387
6 0.00011331135962706119
10 0.00004185331638722455
17 0.0007312969865046622
18 0.0003172930263603734
25 0.00004914275771090647
26 0.000009180257170353432
27 0.00001995165315167076
28 0.000009552780696291852
29 0.000010672856571901583
30 0.00008005552081252168
31 0.000016570580131739694
32 0.0001446627800658901
42 0.00029780424319051263
43 0.0001247963410453852
44 0.00015086301495667102
45 0.000005846154498803574
57 0.0003603367151728103
59 0.000006462183444711172
60 0.000012924366889422343
74 0.0001314382268441069
90 0.0003600357507382571
95 0.00027385185796449787
96 0.00028486772064441167
132 0.00019350436353001335
138 0.0005999643949339585
139 0.0001247963410453852
153 0.00045905907976567014
168 0.00004914275771090647
172 0.00023913727761189357
217 0.001567168148435132
221 0.001227053890824424
222 0.0007496376846183616
247 0.0003148783300420517
276 0.0007394879986854364
300 0.00030262299481361246
389 0.0009097064671179559
449 0.0017072267864057119
458 0.0003818350844534872
459 0.000570339268307386
593 0.0007533803027405932
610 0.0005759876441280593
1086 0.0005446560494091424
3607 0.00612918342834036
4092 0.004086122285560241
4469 0.000953975571705261
4809 0.0010215305713900601
4810 0.0011370166061384682