0 0.00010360515709016387
6 0.00009064908770164895
10 0.00003138998729041841
15 0.00011067438687857875
17 0.0007312969865046622
25 0.00004914275771090647
26 0.000009180257170353432
27 0.00001995165315167076
28 0.000014329171044437778
29 0.00002668214142975396
31 0.000016570580131739694
32 0.0001446627800658901
34 0.00005968492932446962
42 0.00029780424319051263
43 0.0001247963410453852
44 0.00015086301495667102
45 0.000005846154498803574
50 0.00009059173042602328
54 0.00032108878593043
57 0.00018016835758640515
59 0.000019386550334133513
60 0.000012924366889422343
74 0.0001314382268441069
76 0.00023762262054737309
90 0.0003600357507382571
95 0.00041077778694674673
96 0.00042730158096661747
103 0.00008541133970179466
109 0.0011455052533604615
125 0.00019006896079713502
144 0.00020863372840141978
153 0.00045905907976567014
168 0.00009828551542181294
172 0.0007174118328356807
180 0.0002526001287307366
217 0.0013432869843729705
222 0.0003748188423091808
223 0.0002526001287307366
251 0.0003066922772966927
300 0.0012104919792544498
303 0.0004090179636081414
304 0.0003553858360236491
449 0.0029876468762099952
483 0.0003800531302520963
555 0.00034358542739842214
610 0.0011519752882561186
624 0.00048193069598779744
727 0.0005494856956725966
743 0.0003800531302520963
775 0.0007296383478218761
802 0.0007533803027405932
1013 0.0005494856956725966
1049 0.000629765283625402
1086 0.0005446560494091424
1154 0.0006973202833102012
1338 0.004525082111985424
1340 0.0006750724671448359
1433 0.000790558501893244
2008 0.0024384189541758277
2058 0.0006973202833102012
2475 0.0007096674962648366
2602 0.002212501698056339
3288 0.0008384895369568529
4811 0.0011370166061384682
4812 0.0011370166061384682
4813 0.0011370166061384682
4814 0.0011370166061384682
4815 0.0011370166061384682
4816 0.0011370166061384682
4817 0.006822099636830809
4818 0.0034110498184154047
4819 0.0011370166061384682