0 0.00010360515709016387
5 0.0001350647307564619
6 0.00004532454385082448
10 0.0000837066327744491
14 0.00026456709550368824
15 0.00016601158031786812
17 0.00024376566216822076
18 0.0003172930263603734
20 0.00014256349717722765
24 0.00012749924599488326
25 0.00004914275771090647
26 0.000009180257170353432
27 0.000013301102101113839
28 0.000014329171044437778
29 0.000010672856571901583
31 0.00003314116026347939
32 0.0002893255601317802
33 0.0004755217854866652
43 0.0002495926820907704
45 0.000005846154498803574
47 0.0021671131473205737
50 0.00004529586521301164
53 0.0014571808187348043
57 0.00018016835758640515
59 0.000019386550334133513
60 0.000012924366889422343
91 0.00046926799994623984
95 0.00047924075143787115
96 0.00042730158096661747
97 0.0001204079350624512
100 0.00014427673725646523
103 0.00017082267940358932
119 0.000617940554752646
121 0.000426256656302407
125 0.0009503448039856751
132 0.0003870087270600267
139 0.0002495926820907704
143 0.0005363005372989338
168 0.00004914275771090647
169 0.0002663490497050791
175 0.00028530254609905744
203 0.0003136839799123262
217 0.004477623281243235
218 0.004976116250162973
219 0.0028929201198074814
220 0.0021598498711009506
223 0.0005052002574614732
300 0.0034801644403565433
497 0.00044672424919219483
601 0.0012530251032189816
1687 0.000685825303055794
1911 0.0014193349925296732
1912 0.0016256126361172186