5 0.0004051941922693857
6 0.00015863590347788565
10 0.00003138998729041841
15 0.00033202316063573624
24 0.0002549984919897665
25 0.00004914275771090647
26 0.000013770385755530148
27 0.00001995165315167076
28 0.00002388195174072963
29 0.000010672856571901583
30 0.00008005552081252168
31 0.000016570580131739694
32 0.00021699417009883517
43 0.0001247963410453852
45 0.000005846154498803574
48 0.00028258006022830796
50 0.00009059173042602328
51 0.0010448164664875542
52 0.0004722432184548375
54 0.00032108878593043
59 0.000032310917223555856
60 0.000012924366889422343
67 0.0024456682704623823
68 0.00040280813441833274
69 0.0015418288327399105
72 0.0007394879986854364
74 0.0002628764536882138
75 0.0015449519913921072
80 0.0010181015964317096
85 0.0007375005660187797
95 0.0003423148224556223
96 0.00035608465080551457
97 0.0001204079350624512
100 0.00028855347451293045
119 0.0007724256934408075
121 0.000426256656302407
134 0.00020241617375177045
136 0.00029565439233481325
138 0.0005999643949339585
145 0.0024956116907314152
160 0.00043897349683716435
168 0.00009828551542181294
172 0.00023913727761189357
175 0.00028530254609905744
203 0.0003136839799123262
224 0.0010365883383334816
246 0.0010799249355504753
365 0.002747428478362983
366 0.001581117003786488
368 0.0005494856956725966
416 0.0013975247259785043
430 0.00033256580019006747
443 0.000685825303055794
458 0.002291010506720923
507 0.0008128063180586093
509 0.0009573908535360409
517 0.0004724074680904385
527 0.0006007160688395344
550 0.00040280813441833274
576 0.0005759876441280593
589 0.0003818350844534872
613 0.0004176750344063272
622 0.0007533803027405932
672 0.0005182941691667408
700 0.0003910424617735554
715 0.0007709345372720537
716 0.0013645597006769338
806 0.0008138443969907379
816 0.0004852300340911263
1061 0.0007375005660187797
1620 0.000953975571705261
1631 0.0008128063180586093
1779 0.0007533803027405932
2904 0.0058694267586979695
3542 0.0008128063180586093
4821 0.00975367581670331
4822 0.01812553586239996
4823 0.001907951143410522
4824 0.000953975571705261