5 0.0002701294615129238
10 0.00004185331638722455
20 0.0002851269943544553
23 0.0003835556157519472
25 0.00004914275771090647
26 0.000009180257170353432
27 0.000013301102101113839
28 0.000019105561392583703
29 0.000016009284857852372
31 0.000016570580131739694
32 0.00021699417009883517
34 0.00023873971729787848
42 0.00029780424319051263
45 0.00000876923174820536
50 0.00004529586521301164
59 0.000006462183444711172
60 0.000012924366889422343
74 0.0001314382268441069
95 0.00020538889347337336
96 0.00021365079048330874
97 0.0000602039675312256
134 0.00020241617375177045
139 0.0001247963410453852
168 0.00004914275771090647
179 0.0005027842686225869
180 0.0002526001287307366
234 0.00038363630339787504
247 0.0003148783300420517
252 0.00021183173694126436
259 0.0003407614423411458
262 0.0003464581042452242
300 0.0006052459896272249
301 0.0010071094241928015
303 0.002863125745256989
306 0.0007530907959264412
391 0.0004605016093796513
454 0.0007672726067957501
499 0.0011297522377733888
530 0.0002736737953600468
726 0.0006554485025236457
736 0.0017110178049221578
776 0.0004154682322153874
856 0.0013501449342896718
1792 0.0007375005660187797
1808 0.0012014321376790688
2084 0.0006554485025236457
2336 0.0005266264618316295
2346 0.0006464403017122036
2924 0.0028920140088337792
3573 0.000953975571705261
3592 0.0010215305713900601
4680 0.0009060445366416521
4821 0.004064031590293046
4825 0.0022740332122769364
4826 0.0011370166061384682
4827 0.0011370166061384682
4828 0.0010215305713900601
4829 0.0022740332122769364
4830 0.0022740332122769364
4831 0.0022740332122769364