2 0.0007264187840392248
6 0.0000679868157762367
8 0.0006907477305171405
10 0.00009416996187125524
25 0.00004914275771090647
26 0.00002295064292588358
27 0.000013301102101113839
28 0.000014329171044437778
29 0.000016009284857852372
30 0.00008005552081252168
31 0.000022094106842319594
34 0.00011936985864893924
45 0.000014615386247008935
50 0.00004529586521301164
57 0.00018016835758640515
59 0.000012924366889422343
60 0.00005169746755768937
65 0.000466348213813385
67 0.0010481435444838782
68 0.0012084244032549982
69 0.004625486498219732
71 0.0013302632007602699
77 0.0008779469936743287
78 0.0005309542669637955
79 0.0005759876441280593
80 0.0003393671988105698
87 0.00036808616347914477
100 0.00014427673725646523
103 0.00008541133970179466
119 0.0001544851386881615
125 0.00038013792159427004
134 0.00020241617375177045
136 0.00029565439233481325
138 0.00029998219746697925
153 0.00022952953988283507
168 0.00004914275771090647
169 0.0005326980994101582
172 0.00023913727761189357
201 0.0007565800661254732
202 0.00030783737547859243
252 0.0004236634738825287
300 0.00015131149740680623
301 0.0002517773560482004
307 0.0003818350844534872
416 0.0003493811814946261
430 0.00033256580019006747
458 0.0007636701689069744
470 0.0008934484983843897
483 0.0003800531302520963
517 0.0004724074680904385
550 0.00040280813441833274
572 0.0005224082332437771
591 0.0011636684971235863
599 0.0004991223381462831
618 0.0004885960299787504
667 0.0006750724671448359
709 0.011659030151948498
711 0.0006750724671448359
775 0.00036481917391093806
793 0.0005759876441280593
797 0.0019020871419466608
853 0.0010989713913451932
1037 0.001581117003786488
1103 0.00046935029736931276
1172 0.0033539581478274115
1283 0.0005266264618316295
1634 0.0007230035022084448
1864 0.002312803611816161
1979 0.0005818342485617932
2058 0.0006973202833102012
2142 0.003815902286821044
2194 0.0010215305713900601
2368 0.000953975571705261
4094 0.000953975571705261
4821 0.003251225272234437
4824 0.000953975571705261
4832 0.0034110498184154047
4833 0.0034110498184154047
4834 0.0034110498184154047
4835 0.006677829001936826
4836 0.011370166061384683
4837 0.0011370166061384682
4838 0.0011370166061384682