6 0.0000679868157762367
10 0.00005231664548403069
13 0.0003124981305672972
24 0.0003824977379846497
25 0.00004914275771090647
26 0.000018360514340706863
27 0.0000066505510505569195
28 0.000019105561392583703
29 0.000010672856571901583
30 0.00008005552081252168
31 0.000011047053421159797
34 0.00011936985864893924
36 0.00017439542599474
45 0.000014615386247008935
57 0.00018016835758640515
59 0.000012924366889422343
60 0.000025848733778844687
71 0.00033256580019006747
93 0.000460498487011427
94 0.0004885960299787504
95 0.00006846296449112447
103 0.00008541133970179466
119 0.0001544851386881615
120 0.00627588254979181
124 0.00022809939265001406
134 0.0010120808687588522
136 0.0005913087846696265
139 0.00037438902313615557
140 0.0006017858068940034
143 0.0002681502686494669
159 0.0004226030848760234
168 0.00009828551542181294
169 0.0002663490497050791
172 0.00047827455522378713
185 0.0004677902934924359
211 0.0005446560494091424
220 0.0005399624677752377
231 0.000685825303055794
252 0.001270990421647586
269 0.0007230035022084448
271 0.0008830344552307394
275 0.0006649717304210047
276 0.0007394879986854364
286 0.004183921699861207
304 0.0014215433440945965
306 0.001882726989816103
327 0.00047869542676802046
372 0.0003553858360236491
377 0.00452028181644356
398 0.0003632093920196124
442 0.00036481917391093806
481 0.0004339996609241885
525 0.0006220145312703716
530 0.0002736737953600468
539 0.0005494856956725966
607 0.006387007466383529
613 0.0004176750344063272
635 0.0005182941691667408
672 0.0005182941691667408
715 0.0007709345372720537
808 0.004562714146459088
960 0.0004724074680904385
1103 0.00046935029736931276
1256 0.0007375005660187797
1350 0.000685825303055794
1393 0.0005878935028388465
1438 0.0020252174014345073
1442 0.0007533803027405932
1747 0.000953975571705261
2008 0.0008128063180586093
2346 0.0006464403017122036
2389 0.0008128063180586093
2602 0.0007375005660187797
3344 0.000953975571705261
4821 0.0008128063180586093
4845 0.015918232485938554
4846 0.007959116242969277
4847 0.01250718266752315
4848 0.0011370166061384682