6 0.00011331135962706119
10 0.00003138998729041841
15 0.0003873603540750256
25 0.00004914275771090647
26 0.000009180257170353432
27 0.00003990330630334152
28 0.000014329171044437778
29 0.000016009284857852372
30 0.00016011104162504336
31 0.000022094106842319594
32 0.00021699417009883517
34 0.00005968492932446962
36 0.00052318627798422
42 0.00029780424319051263
43 0.0001247963410453852
44 0.000452589044870013
45 0.000005846154498803574
50 0.0001358875956390349
57 0.00018016835758640515
59 0.000006462183444711172
60 0.000012924366889422343
74 0.0001314382268441069
95 0.0005477037159289957
96 0.0006409523714499261
97 0.0000602039675312256
100 0.00028855347451293045
103 0.00008541133970179466
108 0.0002542579645943101
110 0.0003600357507382571
119 0.0001544851386881615
125 0.0009503448039856751
130 0.00036808616347914477
139 0.0001247963410453852
141 0.0005103588061228796
153 0.00022952953988283507
159 0.0004226030848760234
161 0.0006469749241775125
165 0.0028161017842158764
167 0.0019110817570546824
168 0.00009828551542181294
175 0.00028530254609905744
185 0.00023389514674621796
195 0.00021509233277500263
235 0.000244549715989849
252 0.0010591586847063217
265 0.00024220853747341272
339 0.011227893734703353
351 0.002621794010094583
360 0.0005309542669637955
361 0.0013815048281389537
385 0.0005182941691667408
446 0.0008353500688126544
475 0.0002526001287307366
496 0.0003493811814946261
515 0.002633840981022986
602 0.0004955391650005044
606 0.00306459171417018
676 0.0005818342485617932
681 0.000570339268307386
707 0.0014750011320375594
725 0.001371650606111588
742 0.00040692219849536895
749 0.021941438149221
752 0.013964406338841098
872 0.002861926715115783
878 0.0006378942679921852
902 0.0005544595315855724
1061 0.0007375005660187797
1135 0.0010215305713900601
1136 0.005030937221741117
1137 0.0015067606054811865
1138 0.0010215305713900601
1139 0.012577343054352794
1140 0.0010215305713900601
1141 0.0034110498184154047
1142 0.00040280813441833274
1143 0.0008384895369568529
1144 0.0009060445366416521
1145 0.001581117003786488
1146 0.001371650606111588