0 0.00010360515709016387
5 0.0002701294615129238
6 0.00009064908770164895
8 0.000920996974022854
10 0.00004185331638722455
15 0.000055337193439289376
23 0.0001917778078759736
26 0.000009180257170353432
27 0.000013301102101113839
28 0.00002388195174072963
29 0.000021345713143803165
30 0.00008005552081252168
31 0.000038664686974059284
32 0.00021699417009883517
36 0.00017439542599474
43 0.0001247963410453852
45 0.00000876923174820536
47 0.0002708891434150717
50 0.00004529586521301164
59 0.000006462183444711172
60 0.000012924366889422343
71 0.00033256580019006747
74 0.0002628764536882138
95 0.00047924075143787115
96 0.0004985185111277203
100 0.00014427673725646523
121 0.000852513312604814
124 0.00022809939265001406
125 0.00019006896079713502
129 0.004251667212813946
134 0.00020241617375177045
139 0.0001247963410453852
143 0.0002681502686494669
153 0.00022952953988283507
162 0.0003800531302520963
168 0.00004914275771090647
179 0.0005027842686225869
180 0.0002526001287307366
217 0.0011194058203108088
229 0.001907951143410522
251 0.0006133845545933855
252 0.00021183173694126436
262 0.0003464581042452242
276 0.0007394879986854364
300 0.0009078689844408373
307 0.0003818350844534872
328 0.0003260311928669616
430 0.00033256580019006747
499 0.0005648761188866944
507 0.0008128063180586093
713 0.0005544595315855724
716 0.00045485323355897795
816 0.0004852300340911263
1338 0.0006464403017122036
1638 0.0008384895369568529
1785 0.002824380594433472
2003 0.004258004977589019
2084 0.0006554485025236457
2894 0.001907951143410522
4618 0.0009060445366416521
4680 0.0009060445366416521
4821 0.0008128063180586093
4849 0.0011370166061384682
4850 0.0010215305713900601
4851 0.0011370166061384682
4852 0.0011370166061384682
4853 0.0011370166061384682
4854 0.0011370166061384682
4855 0.0011370166061384682