5 0.0001350647307564619
6 0.00009064908770164895
8 0.000920996974022854
10 0.00005231664548403069
14 0.0005291341910073765
15 0.0003873603540750256
24 0.000509996983979533
25 0.00009828551542181294
26 0.000013770385755530148
27 0.0000332527552527846
28 0.00002388195174072963
29 0.000021345713143803165
31 0.000022094106842319594
34 0.00005968492932446962
36 0.00052318627798422
37 0.003589138927157273
38 0.004118881378746468
45 0.00000876923174820536
48 0.0005651601204566159
50 0.0001358875956390349
57 0.0003603367151728103
59 0.000019386550334133513
60 0.000025848733778844687
74 0.0003943146805323207
90 0.0007200715014765141
97 0.0002408158701249024
103 0.00017082267940358932
109 0.0003818350844534872
129 0.002834444808542631
136 0.0008869631770044397
139 0.0001247963410453852
143 0.0002681502686494669
146 0.00036481917391093806
159 0.0004226030848760234
160 0.0008779469936743287
164 0.00033123821444378676
168 0.00009828551542181294
169 0.0002663490497050791
171 0.0004176750344063272
172 0.00047827455522378713
185 0.00023389514674621796
186 0.0024415331909722134
200 0.0002833071793801778
202 0.00030783737547859243
219 0.0003616150149759352
222 0.0003748188423091808
259 0.0003407614423411458
266 0.0006021638897794608
300 0.00015131149740680623
301 0.0002517773560482004
304 0.0010661575080709474
306 0.003765453979632206
307 0.0003818350844534872
312 0.0004885960299787504
331 0.0003136839799123262
352 0.0015428377466309817
356 0.0015798793854948881
372 0.0007107716720472983
385 0.0010365883383334816
435 0.00044410039764801966
475 0.0002526001287307366
554 0.0003600357507382571
611 0.0005309542669637955
613 0.0004176750344063272
639 0.0009097064671179559
740 0.002797932161982139
799 0.0003782900330627366
806 0.0008138443969907379
830 0.000953975571705261
853 0.0005494856956725966
865 0.004973091946778994
921 0.0011519752882561186
942 0.0006464403017122036
984 0.0007533803027405932
985 0.0004885960299787504
1069 0.0003968214617715378
1086 0.0005446560494091424
1103 0.00046935029736931276
1287 0.0005595864323964277
1571 0.0006378942679921852
1585 0.0007096674962648366
1671 0.0008688663374890013
2028 0.0008688663374890013
2029 0.003854672686360269
2278 0.0008688663374890013
3046 0.0007709345372720537
3667 0.010215305713900603
4824 0.000953975571705261
4856 0.0022740332122769364
4857 0.0011370166061384682
4858 0.0011370166061384682
4859 0.0011370166061384682
4860 0.0011370166061384682
4861 0.0250143653350463
4862 0.000953975571705261
4863 0.005107652856950301
4864 0.0022740332122769364
4865 0.001907951143410522