0 0.00020721031418032774
5 0.0001350647307564619
6 0.0001359736315524734
10 0.00003138998729041841
15 0.00016601158031786812
20 0.00014256349717722765
24 0.00012749924599488326
25 0.00004914275771090647
26 0.000009180257170353432
27 0.000013301102101113839
28 0.000019105561392583703
29 0.000021345713143803165
31 0.000022094106842319594
32 0.0002893255601317802
34 0.00011936985864893924
42 0.00029780424319051263
43 0.0001247963410453852
44 0.00015086301495667102
45 0.000005846154498803574
50 0.00004529586521301164
54 0.00032108878593043
59 0.000012924366889422343
60 0.000012924366889422343
74 0.0001314382268441069
81 0.0006678080987797565
91 0.00023463399997311992
95 0.00027385185796449787
96 0.00028486772064441167
97 0.0000602039675312256
121 0.0002131283281512035
124 0.00022809939265001406
125 0.00038013792159427004
132 0.00058051309059004
142 0.000904198535777999
148 0.00039487277137447156
153 0.00045905907976567014
159 0.00014086769495867446
164 0.00033123821444378676
169 0.0005326980994101582
179 0.0005027842686225869
188 0.002591470845833704
214 0.0002477233572712043
217 0.0022388116406216177
223 0.0015156007723844196
226 0.0005182941691667408
234 0.00038363630339787504
252 0.0004236634738825287
262 0.0006929162084904484
300 0.0012104919792544498
301 0.000755332068144601
312 0.0004885960299787504
372 0.0003553858360236491
509 0.00047869542676802046
573 0.0009771920599575008
613 0.0004176750344063272
663 0.0013946405666204024
688 0.000953975571705261
715 0.0007709345372720537
811 0.001371650606111588
1036 0.0004339996609241885
1181 0.0005266264618316295
1282 0.0016633785947567173
1562 0.0012440290625407432
1563 0.0012150349349200735
1565 0.0024384189541758277
1577 0.000685825303055794
2084 0.0006554485025236457
2775 0.0007230035022084448
2922 0.000790558501893244
3490 0.0009060445366416521
4680 0.0009060445366416521
4867 0.0011370166061384682
4868 0.0011370166061384682