0 0.00020721031418032774
6 0.00015863590347788565
15 0.00011067438687857875
17 0.00024376566216822076
18 0.0006345860527207468
20 0.00014256349717722765
25 0.00004914275771090647
26 0.000009180257170353432
27 0.000013301102101113839
28 0.000014329171044437778
29 0.000016009284857852372
31 0.000038664686974059284
32 0.00021699417009883517
34 0.00005968492932446962
42 0.00029780424319051263
43 0.0001247963410453852
44 0.00015086301495667102
45 0.000005846154498803574
47 0.0002708891434150717
50 0.00004529586521301164
51 0.004701674099193993
54 0.000160544392965215
57 0.00018016835758640515
59 0.000012924366889422343
60 0.000012924366889422343
74 0.0001314382268441069
95 0.00027385185796449787
96 0.00028486772064441167
97 0.00018061190259367678
125 0.00038013792159427004
148 0.00039487277137447156
153 0.00045905907976567014
169 0.0005326980994101582
172 0.00023913727761189357
174 0.0004111404270832213
180 0.0005052002574614732
214 0.003963573716339269
223 0.0002526001287307366
241 0.00093269642762677
247 0.0003148783300420517
271 0.0022075861380768482
496 0.0003493811814946261
512 0.00044672424919219483
666 0.0010215305713900601
686 0.0017110178049221578
687 0.0005065284965219635
689 0.000953975571705261
691 0.0007672726067957501
795 0.0010707949874704638
936 0.0013108970050472915
1038 0.0005103588061228796
1051 0.0006750724671448359
1149 0.0021290024887945097
1171 0.0010365883383334816
1868 0.0006075174674600367
1871 0.003815902286821044
4111 0.0009060445366416521
4127 0.002861926715115783
4153 0.0010215305713900601
4874 0.0034110498184154047
4875 0.0011370166061384682
4876 0.0010215305713900601