6 0.0000679868157762367
8 0.0006907477305171405
10 0.00007324330367764296
15 0.0002766859671964469
17 0.00024376566216822076
25 0.00004914275771090647
26 0.000009180257170353432
27 0.000026602204202227678
28 0.00010508058765921037
29 0.00002668214142975396
31 0.000022094106842319594
32 0.00021699417009883517
34 0.00011936985864893924
42 0.00029780424319051263
45 0.000005846154498803574
47 0.0005417782868301434
48 0.00014129003011415398
50 0.00004529586521301164
54 0.00064217757186086
59 0.000019386550334133513
60 0.000012924366889422343
72 0.0003697439993427182
93 0.000460498487011427
95 0.00027385185796449787
96 0.00035608465080551457
97 0.0000602039675312256
100 0.00014427673725646523
103 0.00017082267940358932
108 0.0005085159291886202
110 0.0003600357507382571
120 0.003486601416551006
122 0.0033862111302645167
125 0.0007602758431885401
136 0.0008869631770044397
142 0.0004520992678889995
143 0.0005363005372989338
144 0.0008345349136056791
153 0.0006885886196485052
167 0.0006370272523515608
172 0.00047827455522378713
185 0.00023389514674621796
195 0.0008603693311000105
200 0.0002833071793801778
201 0.0015131601322509465
202 0.00030783737547859243
212 0.000629765283625402
213 0.00036481917391093806
214 0.0019817868581696345
247 0.0003148783300420517
300 0.00030262299481361246
301 0.0005035547120964008
354 0.0004955391650005044
362 0.001199928789867917
372 0.0024877008521655437
391 0.0004605016093796513
499 0.001694628356660083
573 0.001465788089936251
613 0.0008353500688126544
639 0.0013645597006769338
706 0.004703148022710772
714 0.0005027842686225869
734 0.0010055685372451738
775 0.00036481917391093806
798 0.004967672473853856
803 0.000953975571705261
805 0.0005353974937352319
851 0.001877401189477251
890 0.0009060445366416521
1035 0.0007375005660187797
1037 0.003162234007572976
1049 0.000629765283625402
1065 0.0008830344552307394
1066 0.00048193069598779744
1068 0.0005103588061228796
1193 0.0015928628008913862
1252 0.000570339268307386
1356 0.0011297522377733888
1590 0.00695093069991201
1625 0.0006554485025236457
1724 0.0005878935028388465
1782 0.000685825303055794
1938 0.006146083728946912
2058 0.0020919608499306037
2336 0.001053252923663259
2346 0.0006464403017122036
4877 0.0011370166061384682
4878 0.0011370166061384682
4879 0.0011370166061384682
4880 0.0011370166061384682