0 0.00020721031418032774
5 0.0001350647307564619
6 0.00009064908770164895
10 0.000010463329096806138
15 0.00011067438687857875
18 0.0003172930263603734
24 0.0002549984919897665
26 0.000009180257170353432
27 0.00001995165315167076
28 0.000014329171044437778
29 0.000021345713143803165
31 0.0000055235267105798985
32 0.0002893255601317802
36 0.00017439542599474
45 0.000014615386247008935
46 0.0016365888584483623
48 0.00028258006022830796
49 0.0002231883932943071
52 0.0033057025291838623
53 0.0029143616374696086
54 0.00032108878593043
59 0.000025848733778844687
60 0.000006462183444711172
72 0.0003697439993427182
80 0.0006787343976211396
81 0.0006678080987797565
87 0.0007361723269582895
95 0.0003423148224556223
96 0.00042730158096661747
97 0.0002408158701249024
103 0.00008541133970179466
116 0.0010707949874704638
119 0.00046345541606448445
121 0.0002131283281512035
159 0.00014086769495867446
185 0.0004677902934924359
188 0.0010365883383334816
200 0.0002833071793801778
203 0.0003136839799123262
219 0.0003616150149759352
265 0.00024220853747341272
273 0.0003697439993427182
297 0.0008987801682765725
298 0.0019964893525851323
299 0.0019258919061234667
300 0.00015131149740680623
302 0.00038363630339787504
308 0.005309542669637955
311 0.0006759690517981823
354 0.0004955391650005044
362 0.0008999465924009378
416 0.0003493811814946261
434 0.00032731777168967243
470 0.00044672424919219483
496 0.0003493811814946261
644 0.0005399624677752377
645 0.0005353974937352319
829 0.0006220145312703716
856 0.0006750724671448359
859 0.0008128063180586093
1181 0.001053252923663259
1280 0.0009060445366416521
1325 0.0005544595315855724
1890 0.0007230035022084448
2737 0.0008384895369568529
2892 0.0008128063180586093
4366 0.0010215305713900601
4493 0.0010215305713900601
4497 0.0008688663374890013
4536 0.0008384895369568529
4881 0.0011370166061384682
4882 0.0011370166061384682
4883 0.0011370166061384682
4884 0.0011370166061384682
4885 0.0011370166061384682
4886 0.0011370166061384682
4887 0.0011370166061384682