10 0.00003138998729041841
15 0.0002213487737571575
20 0.00014256349717722765
24 0.00012749924599488326
26 0.000013770385755530148
27 0.00001995165315167076
28 0.00002388195174072963
29 0.000032018569715704745
31 0.000022094106842319594
32 0.0002893255601317802
34 0.00017905478797340885
45 0.00000876923174820536
50 0.00009059173042602328
54 0.00032108878593043
59 0.000019386550334133513
60 0.000012924366889422343
67 0.0003493811814946261
68 0.00040280813441833274
69 0.0038545720818497766
72 0.0003697439993427182
75 0.00030899039827842145
77 0.00043897349683716435
78 0.0005309542669637955
95 0.00047924075143787115
96 0.0004985185111277203
97 0.0000602039675312256
100 0.00014427673725646523
103 0.00008541133970179466
107 0.0005595864323964277
119 0.000308970277376323
139 0.0002495926820907704
141 0.0010207176122457593
168 0.00004914275771090647
172 0.00047827455522378713
174 0.0004111404270832213
200 0.0002833071793801778
251 0.0003066922772966927
252 0.00021183173694126436
262 0.0003464581042452242
300 0.0006052459896272249
301 0.0010071094241928015
384 0.0023934771338401024
392 0.00047869542676802046
416 0.0006987623629892522
527 0.0006007160688395344
572 0.0005224082332437771
589 0.0015273403378139488
618 0.0004885960299787504
697 0.002351574011355386
767 0.00040692219849536895
1142 0.00040280813441833274
1254 0.000953975571705261
1492 0.0017377326749780026
1925 0.0024880581250814864
1979 0.0005818342485617932
3205 0.0017377326749780026
4428 0.004086122285560241
4888 0.0010215305713900601
4889 0.0022740332122769364
4890 0.004548066424553873
4891 0.0022740332122769364