0 0.00010360515709016387
5 0.0002701294615129238
6 0.000385258622732008
8 0.002302492435057135
10 0.00004185331638722455
14 0.00026456709550368824
15 0.00011067438687857875
23 0.0001917778078759736
24 0.0002549984919897665
25 0.00014742827313271942
26 0.00002295064292588358
27 0.000053204408404455356
28 0.00004776390348145926
29 0.00004802785457355712
30 0.00024016656243756505
31 0.000027617633552899494
32 0.0002893255601317802
34 0.0002984246466223481
36 0.00034879085198948
43 0.0001247963410453852
44 0.00015086301495667102
45 0.000011692308997607148
49 0.0002231883932943071
50 0.00009059173042602328
52 0.006847526667595144
54 0.0008027219648260749
56 0.00034358542739842214
57 0.00018016835758640515
59 0.000012924366889422343
60 0.000006462183444711172
74 0.0001314382268441069
93 0.0002302492435057135
95 0.0006161666804201201
96 0.0005697354412888233
97 0.000301019837656128
103 0.000256234019105384
108 0.0002542579645943101
111 0.0004724074680904385
117 0.002698200457294843
121 0.0014918982970584245
134 0.00020241617375177045
144 0.0006259011852042593
148 0.0007897455427489431
151 0.0006787343976211396
159 0.0008452061697520468
162 0.0003800531302520963
168 0.00004914275771090647
171 0.0008353500688126544
191 0.0006973202833102012
195 0.0008603693311000105
201 0.0003782900330627366
202 0.00030783737547859243
233 0.0007783196602169099
235 0.000978198863959396
247 0.002833904970378465
251 0.0003066922772966927
256 0.001053252923663259
266 0.001505409724448652
297 0.00044939008413828627
298 0.0004991223381462831
299 0.0006419639687078222
312 0.0009771920599575008
325 0.00043897349683716435
331 0.0003136839799123262
342 0.0009771920599575008
360 0.0005309542669637955
408 0.000953975571705261
417 0.0003600357507382571
430 0.00033256580019006747
435 0.0013323011929440589
449 0.00042680669660142797
454 0.00038363630339787504
456 0.001214557405216918
458 0.0003818350844534872
463 0.0006075174674600367
482 0.0008056162688366655
483 0.0003800531302520963
530 0.0002736737953600468
555 0.0006871708547968443
562 0.0008384895369568529
563 0.0007709345372720537
623 0.0004605016093796513
635 0.0005182941691667408
654 0.0011618947016225362
672 0.0005182941691667408
675 0.0006007160688395344
718 0.0005759876441280593
787 0.0007230035022084448
800 0.0010215305713900601
831 0.0012440290625407432
832 0.0006146083728946911
839 0.0004755217854866652
853 0.0005494856956725966
854 0.0008384895369568529
865 0.0004520992678889995
867 0.0015083528058677605
897 0.0005494856956725966
898 0.0010055685372451738
899 0.0013946405666204024
900 0.0005266264618316295
901 0.0005759876441280593
902 0.0005544595315855724
912 0.0009573908535360409
1062 0.0011297522377733888
1065 0.0004415172276153697
1066 0.00048193069598779744
1069 0.0003968214617715378
1212 0.0008688663374890013
1287 0.0005595864323964277
1350 0.000685825303055794
1368 0.000953975571705261
1625 0.0006554485025236457
1703 0.000790558501893244
1836 0.0013501449342896718
1964 0.0009060445366416521
2608 0.0008688663374890013
3040 0.00226014090822178
3136 0.000953975571705261
3821 0.0008384895369568529
4096 0.0033539581478274115
4535 0.004192447684784265
4892 0.002312803611816161
4893 0.0011370166061384682
4894 0.0011370166061384682
4895 0.0011370166061384682
4896 0.0011370166061384682
4897 0.0011370166061384682
4898 0.0056850830306923415
4899 0.0010215305713900601
4900 0.0009060445366416521
4901 0.0009060445366416521
4902 0.0011370166061384682
4903 0.0011370166061384682
4904 0.0011370166061384682
4905 0.0011370166061384682
4906 0.0011370166061384682
4907 0.0011370166061384682
4908 0.0011370166061384682
4909 0.0011370166061384682
4910 0.0011370166061384682