5 0.0004051941922693857
6 0.00011331135962706119
8 0.000920996974022854
10 0.00004185331638722455
20 0.0002851269943544553
23 0.0003835556157519472
25 0.00019657103084362587
26 0.000013770385755530148
27 0.000026602204202227678
28 0.00003821112278516741
29 0.000021345713143803165
30 0.00016011104162504336
31 0.000038664686974059284
32 0.0001446627800658901
34 0.0004177945052712873
42 0.00029780424319051263
43 0.0002495926820907704
44 0.00030172602991334203
45 0.000005846154498803574
47 0.0002708891434150717
49 0.0002231883932943071
50 0.00009059173042602328
57 0.0007206734303456206
59 0.000019386550334133513
60 0.000012924366889422343
76 0.00047524524109474617
95 0.00041077778694674673
96 0.00042730158096661747
97 0.0001204079350624512
100 0.00014427673725646523
103 0.00017082267940358932
117 0.00038545720818497763
119 0.000308970277376323
122 0.00030783737547859243
124 0.00022809939265001406
125 0.000570206882391405
130 0.00036808616347914477
132 0.00116102618118008
133 0.00032475447298266157
134 0.00020241617375177045
139 0.00037438902313615557
153 0.00022952953988283507
159 0.00014086769495867446
168 0.00009828551542181294
169 0.0002663490497050791
185 0.00023389514674621796
202 0.00030783737547859243
214 0.0009908934290848172
217 0.0029104551328081023
223 0.0007578003861922098
233 0.00038915983010845493
235 0.000244549715989849
241 0.00093269642762677
255 0.002630510053730829
300 0.001361803476661256
301 0.0010071094241928015
331 0.0003136839799123262
362 0.00029998219746697925
417 0.0003600357507382571
454 0.00038363630339787504
457 0.0006378942679921852
458 0.0003818350844534872
459 0.000570339268307386
483 0.0015202125210083853
529 0.00044939008413828627
530 0.0002736737953600468
550 0.0008056162688366655
555 0.0006871708547968443
654 0.00038729823387417876
680 0.0005309542669637955
691 0.00038363630339787504
742 0.00040692219849536895
743 0.0011401593907562888
774 0.0005941814615164285
799 0.0003782900330627366
806 0.00040692219849536895
839 0.0004755217854866652
1036 0.000867999321848377
1038 0.0005103588061228796
1086 0.0005446560494091424
1868 0.0006075174674600367
2002 0.0006554485025236457
3040 0.003013521210962373
4096 0.0016769790739137058
4892 0.003083738149088215