0 0.00010360515709016387
6 0.0001359736315524734
8 0.000920996974022854
10 0.000010463329096806138
14 0.00026456709550368824
15 0.00016601158031786812
20 0.00014256349717722765
24 0.00012749924599488326
25 0.00004914275771090647
26 0.000009180257170353432
27 0.00001995165315167076
28 0.000028658342088875557
29 0.000021345713143803165
31 0.00003314116026347939
34 0.00017905478797340885
36 0.00017439542599474
45 0.000005846154498803574
48 0.00014129003011415398
50 0.00018118346085204656
54 0.000160544392965215
57 0.0010810101455184307
59 0.000006462183444711172
60 0.000012924366889422343
71 0.0006651316003801349
74 0.0001314382268441069
100 0.00028855347451293045
117 0.001156371624554933
119 0.000308970277376323
121 0.0002131283281512035
132 0.00019350436353001335
144 0.0010431686420070989
153 0.00022952953988283507
159 0.00014086769495867446
168 0.00004914275771090647
172 0.00047827455522378713
175 0.0005706050921981149
186 0.0020346109924768447
195 0.00021509233277500263
217 0.0006716434921864852
222 0.0007496376846183616
223 0.0002526001287307366
252 0.00021183173694126436
255 0.0028696473313427227
259 0.0003407614423411458
266 0.0006021638897794608
270 0.0008384895369568529
300 0.00030262299481361246
301 0.0002517773560482004
302 0.00038363630339787504
362 0.00029998219746697925
428 0.0007375005660187797
429 0.0004755217854866652
435 0.00044410039764801966
483 0.0019002656512604817
496 0.0003493811814946261
530 0.0002736737953600468
575 0.00047869542676802046
585 0.0007975864282571718
635 0.0005182941691667408
736 0.000570339268307386
955 0.004769877858526305
1038 0.0005103588061228796
1039 0.0007533803027405932
1142 0.00040280813441833274
1181 0.0005266264618316295
1287 0.0011191728647928555
1403 0.0006649717304210047
1435 0.0007709345372720537
1520 0.000570339268307386
1930 0.0006973202833102012
1931 0.0008688663374890013
2431 0.0010215305713900601
3040 0.003013521210962373
3367 0.0008384895369568529
3801 0.002718133609924956
4017 0.0010215305713900601
4892 0.003083738149088215
4911 0.0010215305713900601
4912 0.00306459171417018
4913 0.0011370166061384682
4914 0.0011370166061384682
4915 0.0011370166061384682
4916 0.0011370166061384682
4917 0.0011370166061384682
4918 0.0011370166061384682