6 0.0001359736315524734
10 0.000010463329096806138
15 0.000055337193439289376
24 0.00012749924599488326
25 0.00004914275771090647
26 0.00002295064292588358
27 0.0000066505510505569195
28 0.000014329171044437778
29 0.000016009284857852372
30 0.00024016656243756505
31 0.000038664686974059284
32 0.00021699417009883517
34 0.00005968492932446962
36 0.00017439542599474
45 0.000014615386247008935
47 0.0002708891434150717
50 0.00004529586521301164
56 0.00034358542739842214
57 0.00018016835758640515
59 0.000006462183444711172
60 0.00005169746755768937
71 0.00033256580019006747
75 0.0006179807965568429
91 0.00046926799994623984
96 0.00007121693016110292
97 0.0000602039675312256
102 0.0003910424617735554
103 0.00017082267940358932
108 0.0002542579645943101
109 0.0003818350844534872
117 0.001156371624554933
119 0.0001544851386881615
129 0.0004724074680904385
131 0.0013299434608420094
134 0.0004048323475035409
140 0.0002005952689646678
150 0.0007375005660187797
155 0.000629765283625402
159 0.0007043384747933724
165 0.00046935029736931276
168 0.00004914275771090647
174 0.0004111404270832213
185 0.0023389514674621798
195 0.00021509233277500263
233 0.00038915983010845493
234 0.00038363630339787504
252 0.001270990421647586
262 0.0010393743127356727
267 0.0005494856956725966
271 0.0004415172276153697
278 0.0004991223381462831
370 0.0004221783120451008
384 0.0038295634141441636
385 0.0005182941691667408
398 0.0003632093920196124
430 0.00033256580019006747
439 0.0005266264618316295
440 0.0009267985345579925
449 0.00042680669660142797
475 0.0005052002574614732
486 0.0014460070044168896
490 0.0011297522377733888
491 0.0011089190631711448
516 0.0006378942679921852
530 0.0002736737953600468
531 0.0006378942679921852
547 0.0006554485025236457
602 0.0004955391650005044
623 0.0004605016093796513
678 0.000629765283625402
681 0.000570339268307386
700 0.0003910424617735554
713 0.004990135784270152
735 0.0005941814615164285
740 0.0011191728647928555
912 0.00047869542676802046
1058 0.0007096674962648366
1065 0.0004415172276153697
1103 0.00046935029736931276
1142 0.00040280813441833274
1165 0.0008128063180586093
1242 0.0005648761188866944
1337 0.0005353974937352319
1360 0.0005941814615164285
1412 0.0005648761188866944
1734 0.0006378942679921852
1860 0.0023716755056797318
1994 0.0012150349349200735
2029 0.0007709345372720537
2037 0.0006378942679921852
2100 0.0016256126361172186
2278 0.0017377326749780026
2282 0.0008688663374890013
2283 0.0058694267586979695
2577 0.0009060445366416521
2936 0.0008384895369568529
2973 0.000953975571705261
3040 0.0037669015137029665
3220 0.0025154686108705584
3483 0.001907951143410522
3496 0.0008128063180586093
3595 0.005723853430231566
3846 0.0009060445366416521
4263 0.0008688663374890013
4892 0.003854672686360269
4919 0.000953975571705261
4920 0.0010215305713900601
4921 0.004086122285560241
4922 0.00306459171417018
4923 0.0020430611427801203
4924 0.000953975571705261
4925 0.0020430611427801203
4926 0.0020430611427801203
4927 0.0020430611427801203