0 0.00010360515709016387
8 0.0029932401655742755
10 0.00006277997458083683
15 0.00016601158031786812
20 0.00014256349717722765
24 0.0002549984919897665
25 0.00014742827313271942
26 0.000027540771511060296
27 0.000026602204202227678
28 0.00005731668417775111
29 0.000037354998001655535
30 0.00008005552081252168
31 0.00007732937394811857
32 0.00007233139003294505
34 0.00017905478797340885
36 0.00034879085198948
45 0.000011692308997607148
49 0.0002231883932943071
50 0.00004529586521301164
56 0.0006871708547968443
57 0.0003603367151728103
59 0.000006462183444711172
60 0.000012924366889422343
71 0.00033256580019006747
74 0.0002628764536882138
81 0.00033390404938987825
87 0.0007361723269582895
88 0.002718133609924956
95 0.00013692592898224894
100 0.00014427673725646523
103 0.00017082267940358932
108 0.0007627738937829303
109 0.0003818350844534872
111 0.000944814936180877
114 0.0005941814615164285
117 0.0007709144163699553
119 0.0013903662481934533
121 0.0006393849844536105
124 0.00022809939265001406
134 0.00020241617375177045
140 0.0004011905379293356
143 0.0002681502686494669
144 0.0016690698272113582
150 0.0029500022640751187
152 0.001907951143410522
159 0.0005634707798346978
162 0.0003800531302520963
168 0.00004914275771090647
172 0.00023913727761189357
189 0.0009510435709733304
195 0.00021509233277500263
200 0.0002833071793801778
233 0.0011674794903253646
235 0.0017118480119289428
250 0.002351574011355386
251 0.0003066922772966927
262 0.0017322905212261211
271 0.0013245516828461089
278 0.0004991223381462831
302 0.001150908910193625
303 0.0008180359272162828
312 0.0009771920599575008
325 0.00043897349683716435
360 0.0005309542669637955
361 0.0004605016093796513
384 0.008137822255056349
385 0.006737824199167629
398 0.0003632093920196124
435 0.0008882007952960393
454 0.00038363630339787504
470 0.00044672424919219483
530 0.0002736737953600468
550 0.00040280813441833274
554 0.0003600357507382571
623 0.0004605016093796513
675 0.0006007160688395344
713 0.0038812167210990067
718 0.0005759876441280593
720 0.0007230035022084448
727 0.0005494856956725966
729 0.0006075174674600367
735 0.003565088769098571
742 0.0008138443969907379
776 0.0004154682322153874
787 0.0007230035022084448
832 0.0006146083728946911
839 0.0004755217854866652
854 0.0008384895369568529
865 0.0004520992678889995
867 0.0015083528058677605
897 0.0005494856956725966
898 0.0010055685372451738
899 0.0013946405666204024
900 0.0005266264618316295
901 0.0005759876441280593
902 0.0005544595315855724
912 0.0009573908535360409
933 0.0005224082332437771
1062 0.0011297522377733888
1066 0.00048193069598779744
1147 0.0007375005660187797
1207 0.002312803611816161
1317 0.0005544595315855724
1566 0.0006007160688395344
1770 0.000953975571705261
2025 0.0008128063180586093
2412 0.0010215305713900601
2414 0.004064031590293046
2476 0.0010215305713900601
2634 0.000953975571705261
3040 0.0015067606054811865
3296 0.0008384895369568529
3964 0.0010215305713900601
4096 0.004192447684784265
4892 0.0015418690745441074
4899 0.0010215305713900601
4900 0.0009060445366416521
4901 0.0009060445366416521
4928 0.0011370166061384682
4929 0.0022740332122769364
4930 0.000953975571705261
4931 0.0011370166061384682
4932 0.0011370166061384682
4933 0.0011370166061384682
4934 0.0011370166061384682
4935 0.0011370166061384682