5 0.0001350647307564619
6 0.0006118813419861305
10 0.00005231664548403069
13 0.0003124981305672972
14 0.0005291341910073765
15 0.00011067438687857875
18 0.0003172930263603734
20 0.0002851269943544553
23 0.0001917778078759736
24 0.00012749924599488326
25 0.0002457137885545324
26 0.000013770385755530148
27 0.000026602204202227678
28 0.00003343473243702148
29 0.000016009284857852372
30 0.00016011104162504336
31 0.00003314116026347939
32 0.0001446627800658901
34 0.00011936985864893924
43 0.0001247963410453852
44 0.00015086301495667102
45 0.000005846154498803574
47 0.0008126674302452151
48 0.00014129003011415398
50 0.00009059173042602328
54 0.00032108878593043
59 0.000006462183444711172
60 0.000012924366889422343
67 0.0003493811814946261
68 0.00040280813441833274
71 0.00033256580019006747
74 0.0001314382268441069
87 0.00036808616347914477
95 0.00047924075143787115
96 0.0004985185111277203
97 0.0000602039675312256
101 0.0005353974937352319
103 0.00008541133970179466
117 0.00038545720818497763
119 0.0007724256934408075
121 0.000426256656302407
122 0.00030783737547859243
130 0.00036808616347914477
132 0.00019350436353001335
134 0.0004048323475035409
139 0.0001247963410453852
140 0.0002005952689646678
161 0.00032348746208875627
163 0.00029998219746697925
168 0.00004914275771090647
195 0.00043018466555000526
217 0.004925385609367558
223 0.0010104005149229464
247 0.0003148783300420517
276 0.0007394879986854364
298 0.001497367014438849
331 0.0003136839799123262
350 0.0005353974937352319
365 0.0016484570870177898
417 0.0007200715014765141
430 0.00033256580019006747
449 0.0029876468762099952
459 0.000570339268307386
481 0.0004339996609241885
482 0.0012084244032549982
496 0.0003493811814946261
512 0.0008934484983843897
530 0.0002736737953600468
550 0.00040280813441833274
555 0.0013743417095936886
654 0.00038729823387417876
775 0.0014592766956437523
783 0.0013299434608420094
820 0.000629765283625402
1066 0.00048193069598779744
1069 0.0003968214617715378
1193 0.0005309542669637955
1287 0.0005595864323964277
1520 0.001140678536614772
1648 0.0006075174674600367
1655 0.000790558501893244
1806 0.000685825303055794
2002 0.0006554485025236457
2052 0.005319773843368038
3040 0.0015067606054811865
4096 0.0033539581478274115
4803 0.000953975571705261
4892 0.0015418690745441074
4936 0.0011370166061384682
4937 0.0011370166061384682