0 0.00010360515709016387
5 0.0002701294615129238
6 0.0001359736315524734
10 0.00004185331638722455
15 0.000055337193439289376
20 0.00014256349717722765
23 0.0001917778078759736
24 0.00012749924599488326
25 0.00004914275771090647
26 0.000013770385755530148
27 0.00001995165315167076
28 0.000014329171044437778
29 0.000016009284857852372
30 0.00016011104162504336
31 0.000016570580131739694
32 0.0001446627800658901
43 0.0001247963410453852
44 0.00015086301495667102
45 0.000005846154498803574
49 0.0002231883932943071
50 0.00004529586521301164
52 0.0004722432184548375
57 0.0003603367151728103
59 0.000006462183444711172
60 0.000012924366889422343
69 0.004625486498219732
74 0.0001314382268441069
75 0.0006179807965568429
76 0.00023762262054737309
80 0.0003393671988105698
81 0.00033390404938987825
95 0.0003423148224556223
96 0.00035608465080551457
97 0.0000602039675312256
98 0.0008966689846637708
103 0.00017082267940358932
108 0.0015255477875658605
117 0.00038545720818497763
119 0.0013903662481934533
134 0.00020241617375177045
139 0.0001247963410453852
162 0.0003800531302520963
168 0.00004914275771090647
203 0.0003136839799123262
214 0.0007431700718136128
255 0.0009565491104475743
276 0.0007394879986854364
289 0.0007096674962648366
366 0.0023716755056797318
417 0.0003600357507382571
449 0.00042680669660142797
481 0.0004339996609241885
530 0.0002736737953600468
585 0.0003987932141285859
785 0.002789281133240805
793 0.0034559258647683558
1065 0.0004415172276153697
1863 0.002312803611816161
3040 0.00226014090822178
4096 0.0008384895369568529
4822 0.003815902286821044
4892 0.002312803611816161
4938 0.004086122285560241