0 0.0004144206283606555
1 0.003846399869708176
2 0.0003632093920196124
3 0.00044939008413828627
4 0.000801577161694931
6 0.0002719472631049468
7 0.0028309141009672375
9 0.0017617822965101235
10 0.00007324330367764296
11 0.003996903578832177
13 0.0003124981305672972
14 0.00026456709550368824
15 0.00011067438687857875
17 0.00024376566216822076
20 0.0004276904915316829
23 0.0003835556157519472
24 0.0002549984919897665
25 0.00009828551542181294
26 0.00002295064292588358
27 0.000026602204202227678
28 0.00003343473243702148
29 0.000021345713143803165
30 0.0003202220832500867
31 0.000027617633552899494
32 0.0001446627800658901
34 0.00023873971729787848
36 0.00017439542599474
37 0.0011963796423857577
38 0.0018306139461095412
43 0.0001247963410453852
44 0.00015086301495667102
45 0.000020461540745812507
47 0.0002708891434150717
48 0.0004238700903424619
49 0.0002231883932943071
50 0.00009059173042602328
54 0.000160544392965215
57 0.0003603367151728103
58 0.0005595864323964277
59 0.000012924366889422343
60 0.000012924366889422343
71 0.00033256580019006747
73 0.0004885960299787504
74 0.0002628764536882138
75 0.00030899039827842145
77 0.0008779469936743287
93 0.0006907477305171405
95 0.00047924075143787115
96 0.0004985185111277203
97 0.0001204079350624512
100 0.00014427673725646523
103 0.00008541133970179466
111 0.0004724074680904385
119 0.0001544851386881615
134 0.0008096646950070818
139 0.0001247963410453852
140 0.0002005952689646678
143 0.0008044508059484006
145 0.0004991223381462831
159 0.0002817353899173489
168 0.00014742827313271942
169 0.0002663490497050791
180 0.0005052002574614732
199 0.0014750011320375594
219 0.0007232300299518704
235 0.000244549715989849
240 0.001013056993043927
259 0.0010222843270234372
264 0.000570339268307386
265 0.00048441707494682545
266 0.0003010819448897304
273 0.0003697439993427182
302 0.0007672726067957501
303 0.001227053890824424
342 0.0004885960299787504
356 0.0005266264618316295
367 0.0011519752882561186
417 0.0007200715014765141
443 0.000685825303055794
482 0.008458970822784987
496 0.0003493811814946261
538 0.0011193299856910267
554 0.0003600357507382571
571 0.0015067606054811865
619 0.001633968148227427
639 0.00045485323355897795
671 0.0003910424617735554
678 0.000629765283625402
725 0.000685825303055794
742 0.00040692219849536895
759 0.0008384895369568529
775 0.00036481917391093806
776 0.0004154682322153874
787 0.0007230035022084448
811 0.000685825303055794
839 0.0004755217854866652
846 0.0006378942679921852
1035 0.0007375005660187797
1068 0.0005103588061228796
1069 0.0003968214617715378
1143 0.0008384895369568529
1356 0.0005648761188866944
1406 0.0007375005660187797
1642 0.0006146083728946911
1699 0.0009060445366416521
1729 0.0008688663374890013
1773 0.010872534439699825
1792 0.0007375005660187797
1921 0.0007230035022084448
1922 0.0006464403017122036
1950 0.0006750724671448359
2206 0.0008688663374890013
2283 0.0008384895369568529
2368 0.000953975571705261
2498 0.0009060445366416521
2578 0.0009060445366416521
2633 0.003475465349956005
3036 0.0008128063180586093
3194 0.0009060445366416521
3367 0.0008384895369568529
3812 0.0009060445366416521
3846 0.0009060445366416521
4865 0.000953975571705261
4888 0.0020430611427801203
4942 0.0011370166061384682
4943 0.0011370166061384682
4944 0.0011370166061384682
4945 0.000953975571705261
4946 0.0011370166061384682
4947 0.0011370166061384682
4948 0.0010215305713900601
4949 0.0011370166061384682
4950 0.0011370166061384682
4951 0.0011370166061384682
4952 0.015918232485938554
4953 0.023877348728907833
4954 0.000953975571705261
4955 0.0011370166061384682
4956 0.000953975571705261
4957 0.0011370166061384682