0 0.00010360515709016387
5 0.0002701294615129238
10 0.000020926658193612276
15 0.00011067438687857875
24 0.0002549984919897665
25 0.00014742827313271942
26 0.000009180257170353432
27 0.000013301102101113839
28 0.000009552780696291852
29 0.000010672856571901583
31 0.0000055235267105798985
32 0.0001446627800658901
45 0.000005846154498803574
46 0.0013092710867586897
48 0.00028258006022830796
49 0.0002231883932943071
52 0.0014167296553645125
53 0.0014571808187348043
59 0.000025848733778844687
60 0.000006462183444711172
95 0.00027385185796449787
96 0.00035608465080551457
98 0.00029888966155459023
99 0.0028920140088337792
121 0.0002131283281512035
127 0.0006220145312703716
139 0.0002495926820907704
159 0.0002817353899173489
163 0.00029998219746697925
174 0.0004111404270832213
185 0.00023389514674621796
195 0.00021509233277500263
265 0.00024220853747341272
266 0.0003010819448897304
299 0.0003209819843539111
300 0.001361803476661256
301 0.0010071094241928015
333 0.003083738149088215
380 0.0004755217854866652
434 0.00032731777168967243
554 0.0003600357507382571
645 0.0010707949874704638
811 0.002743301212223176
868 0.0012440290625407432
960 0.0004724074680904385
1119 0.000629765283625402
1151 0.0056850830306923415
1152 0.0011370166061384682
1153 0.0011370166061384682
1154 0.0006973202833102012
1155 0.0007709345372720537
1156 0.0011370166061384682
1157 0.0011370166061384682