5 0.0001350647307564619
6 0.0002492849911795346
10 0.00012555994916167365
14 0.00026456709550368824
15 0.000055337193439289376
17 0.0004875313243364415
18 0.0003172930263603734
24 0.0002549984919897665
25 0.00009828551542181294
26 0.000013770385755530148
27 0.00003990330630334152
28 0.00002388195174072963
29 0.000021345713143803165
30 0.00024016656243756505
31 0.000038664686974059284
32 0.0003616569501647253
34 0.0003581095759468177
43 0.0002495926820907704
44 0.000452589044870013
45 0.00000876923174820536
49 0.0002231883932943071
50 0.00004529586521301164
59 0.000012924366889422343
60 0.000012924366889422343
74 0.0002628764536882138
92 0.00036481917391093806
95 0.0008215555738934935
96 0.000783386231772132
97 0.0001204079350624512
100 0.00014427673725646523
103 0.000512468038210768
108 0.0005085159291886202
110 0.0007200715014765141
122 0.0015391868773929622
130 0.00036808616347914477
132 0.0009675218176500667
135 0.001633968148227427
136 0.00029565439233481325
140 0.0006017858068940034
143 0.0002681502686494669
144 0.0022949710124156174
146 0.00036481917391093806
151 0.0003393671988105698
158 0.0003765453979632206
159 0.0007043384747933724
162 0.0003800531302520963
163 0.0005999643949339585
168 0.00014742827313271942
171 0.0004176750344063272
180 0.0007578003861922098
185 0.0004677902934924359
195 0.00021509233277500263
202 0.00030783737547859243
210 0.0005494856956725966
212 0.000629765283625402
222 0.0014992753692367232
233 0.0011674794903253646
235 0.0007336491479695469
240 0.0005065284965219635
245 0.0024584334915787646
246 0.0005399624677752377
252 0.0004236634738825287
262 0.0010393743127356727
263 0.000790558501893244
265 0.0009688341498936509
278 0.0004991223381462831
293 0.0005065284965219635
300 0.00045393449222041863
301 0.000755332068144601
306 0.004141999377595427
307 0.0003818350844534872
312 0.0009771920599575008
325 0.0021948674841858217
370 0.0004221783120451008
372 0.0003553858360236491
385 0.0010365883383334816
416 0.0003493811814946261
429 0.0004755217854866652
430 0.00033256580019006747
435 0.00044410039764801966
440 0.0013901978018369889
442 0.0007296383478218761
451 0.0006007160688395344
470 0.00044672424919219483
480 0.0007709345372720537
509 0.00047869542676802046
554 0.0003600357507382571
587 0.0007096674962648366
623 0.0004605016093796513
678 0.000629765283625402
700 0.0015641698470942216
712 0.0006464403017122036
714 0.0005027842686225869
736 0.0028516963415369297
738 0.0006750724671448359
775 0.00036481917391093806
818 0.000685825303055794
848 0.0005446560494091424
867 0.0010055685372451738
897 0.0005494856956725966
898 0.0005027842686225869
900 0.0015798793854948881
901 0.0005759876441280593
902 0.0005544595315855724
903 0.0005818342485617932
904 0.0006007160688395344
905 0.0005878935028388465
906 0.000570339268307386
907 0.0005878935028388465
908 0.0005818342485617932
909 0.0005941814615164285
910 0.000570339268307386
911 0.0005759876441280593
912 0.0019147817070720818
923 0.0034220356098443156
936 0.0013108970050472915
949 0.0014193349925296732
1044 0.0005648761188866944
1060 0.0005544595315855724
1062 0.001694628356660083
1063 0.0029500022640751187
1067 0.0005544595315855724
1068 0.0005103588061228796
1110 0.000685825303055794
1171 0.0005182941691667408
1205 0.0142543221282665
1242 0.0022595044755467776
1274 0.0007533803027405932
1333 0.0007096674962648366
1337 0.0005353974937352319
1393 0.0005878935028388465
1406 0.0007375005660187797
1441 0.0007375005660187797
1559 0.003037587337300184
1566 0.0006007160688395344
1591 0.0009060445366416521
1806 0.001371650606111588
1834 0.0008688663374890013
2327 0.0006464403017122036
2689 0.0008688663374890013
2735 0.0007375005660187797
2822 0.0008688663374890013
2930 0.0008384895369568529
2971 0.0009060445366416521
3132 0.0009060445366416521
3218 0.000953975571705261
3848 0.0008688663374890013
4876 0.0010215305713900601
4945 0.000953975571705261
4958 0.00306459171417018
4959 0.00612918342834036
4960 0.0010215305713900601
4961 0.0010215305713900601
4962 0.000953975571705261
4963 0.0010215305713900601
4964 0.0010215305713900601
4965 0.0009060445366416521
4966 0.0010215305713900601
4967 0.0010215305713900601
4968 0.0020430611427801203
4969 0.0010215305713900601