0 0.00020721031418032774
6 0.00011331135962706119
10 0.00004185331638722455
20 0.00014256349717722765
25 0.00004914275771090647
26 0.000013770385755530148
27 0.00001995165315167076
28 0.000019105561392583703
29 0.000021345713143803165
30 0.0003202220832500867
31 0.000022094106842319594
32 0.0001446627800658901
43 0.0001247963410453852
44 0.00015086301495667102
45 0.000005846154498803574
50 0.00009059173042602328
59 0.000006462183444711172
60 0.000012924366889422343
71 0.00033256580019006747
74 0.0001314382268441069
75 0.0009269711948352643
76 0.00023762262054737309
91 0.00046926799994623984
95 0.00047924075143787115
96 0.0004985185111277203
97 0.0000602039675312256
103 0.00008541133970179466
119 0.0001544851386881615
124 0.00022809939265001406
125 0.00038013792159427004
133 0.0006495089459653231
139 0.0002495926820907704
153 0.00022952953988283507
166 0.0009210032187593025
168 0.00004914275771090647
179 0.0005027842686225869
185 0.0004677902934924359
217 0.00022388116406216174
224 0.0005182941691667408
225 0.0005353974937352319
232 0.0005182941691667408
252 0.0004236634738825287
255 0.00047827455522378713
292 0.0015418690745441074
300 0.00015131149740680623
307 0.0003818350844534872
311 0.00033798452589909114
360 0.0005309542669637955
362 0.00029998219746697925
428 0.0007375005660187797
590 0.0005103588061228796
700 0.0003910424617735554
774 0.0005941814615164285
797 0.0004755217854866652
883 0.002861926715115783
918 0.0008128063180586093
1681 0.0008384895369568529
2283 0.0008384895369568529
2633 0.004344331687445007
3013 0.0020430611427801203
3019 0.002861926715115783
4395 0.004344331687445007
4749 0.0008688663374890013
4965 0.0009060445366416521
4984 0.0011370166061384682
4985 0.006822099636830809
4986 0.0011370166061384682