0 0.00010360515709016387
10 0.00004185331638722455
15 0.00011067438687857875
25 0.00009828551542181294
26 0.000013770385755530148
27 0.00004655385735389843
28 0.000014329171044437778
29 0.000016009284857852372
30 0.00016011104162504336
31 0.00003314116026347939
32 0.0001446627800658901
34 0.00017905478797340885
45 0.000005846154498803574
48 0.00014129003011415398
49 0.0002231883932943071
50 0.0001358875956390349
59 0.000006462183444711172
60 0.000012924366889422343
75 0.0012359615931136858
91 0.00046926799994623984
92 0.0007296383478218761
95 0.00041077778694674673
96 0.0004985185111277203
100 0.00014427673725646523
107 0.0016787592971892833
108 0.0002542579645943101
130 0.00036808616347914477
132 0.00019350436353001335
133 0.00032475447298266157
138 0.0008999465924009378
139 0.0002495926820907704
146 0.00036481917391093806
159 0.0002817353899173489
166 0.0009210032187593025
168 0.00009828551542181294
175 0.00028530254609905744
180 0.0002526001287307366
185 0.0009355805869848718
186 0.00040692219849536895
252 0.0004236634738825287
255 0.0019130982208951485
262 0.0003464581042452242
300 0.0010591804818476434
301 0.0017624414923374024
362 0.001199928789867917
380 0.0004755217854866652
434 0.00032731777168967243
475 0.0002526001287307366
497 0.00044672424919219483
538 0.00037310999523034225
573 0.0004885960299787504
602 0.0004955391650005044
668 0.0005941814615164285
680 0.0005309542669637955
742 0.00040692219849536895
774 0.0005941814615164285
797 0.002377608927433326
806 0.00040692219849536895
839 0.0004755217854866652
842 0.000570339268307386
1510 0.0015067606054811865
1562 0.0006220145312703716
1563 0.0006075174674600367
1565 0.0008128063180586093
1580 0.0009060445366416521
1599 0.0006220145312703716
2109 0.000953975571705261
2775 0.0007230035022084448
2922 0.000790558501893244
3319 0.001907951143410522
3534 0.000953975571705261
3673 0.011236836285290661
4749 0.002606599012467004
4965 0.0009060445366416521
4987 0.0011370166061384682
4988 0.0022740332122769364
4989 0.008172244571120481
4990 0.0011370166061384682
4991 0.0011370166061384682