6 0.0001812981754032979
10 0.00006277997458083683
15 0.000055337193439289376
17 0.00024376566216822076
20 0.00014256349717722765
24 0.00012749924599488326
25 0.00009828551542181294
26 0.000009180257170353432
28 0.000004776390348145926
29 0.000005336428285950791
31 0.000022094106842319594
34 0.00011936985864893924
45 0.000005846154498803574
58 0.0005595864323964277
59 0.000012924366889422343
60 0.000012924366889422343
93 0.0002302492435057135
97 0.0001204079350624512
102 0.0003910424617735554
103 0.00008541133970179466
140 0.0002005952689646678
153 0.00022952953988283507
163 0.00029998219746697925
168 0.00009828551542181294
214 0.0002477233572712043
219 0.0003616150149759352
233 0.00038915983010845493
235 0.000244549715989849
247 0.0012595133201682067
259 0.0003407614423411458
276 0.0007394879986854364
278 0.0004991223381462831
303 0.008180359272162827
304 0.0071077167204729825
324 0.0006554485025236457
328 0.0003260311928669616
439 0.001053252923663259
440 0.001853597069115985
458 0.0007636701689069744
460 0.0006554485025236457
482 0.002014040672091664
497 0.00044672424919219483
519 0.0008443566240902016
555 0.00034358542739842214
611 0.0005309542669637955
686 0.000570339268307386
687 0.0005065284965219635
776 0.0004154682322153874
912 0.00047869542676802046
1105 0.00226014090822178
1540 0.001371650606111588
2665 0.003615017511042224
2924 0.0007230035022084448