0 0.00010360515709016387
6 0.00009064908770164895
15 0.00016601158031786812
24 0.00012749924599488326
25 0.00004914275771090647
26 0.000013770385755530148
27 0.00001995165315167076
28 0.000019105561392583703
29 0.000005336428285950791
31 0.000022094106842319594
32 0.0003616569501647253
36 0.00017439542599474
43 0.0004991853641815408
45 0.000005846154498803574
49 0.0002231883932943071
53 0.0002914361637469609
54 0.000160544392965215
59 0.000012924366889422343
60 0.000025848733778844687
72 0.0003697439993427182
97 0.00018061190259367678
119 0.000308970277376323
122 0.00030783737547859243
124 0.00022809939265001406
133 0.00032475447298266157
139 0.0001247963410453852
151 0.0003393671988105698
160 0.00043897349683716435
162 0.0003800531302520963
168 0.00004914275771090647
171 0.0004176750344063272
195 0.00021509233277500263
203 0.0006273679598246524
214 0.0009908934290848172
223 0.002526001287307366
235 0.000244549715989849
247 0.0003148783300420517
252 0.0008473269477650574
255 0.00047827455522378713
266 0.0003010819448897304
276 0.0007394879986854364
300 0.0006052459896272249
301 0.0050355471209640075
307 0.0007636701689069744
398 0.0003632093920196124
468 0.0008128063180586093
639 0.00045485323355897795
739 0.0006750724671448359
775 0.0010944575217328141
805 0.0010707949874704638
1132 0.00044410039764801966
1373 0.0008688663374890013
2087 0.0007533803027405932
2336 0.001053252923663259
4536 0.0025154686108705584
4992 0.0022740332122769364
4993 0.0022740332122769364
4994 0.0010215305713900601
4995 0.02046629891049243
4996 0.0010215305713900601
4997 0.0011370166061384682