6 0.0000679868157762367
10 0.000010463329096806138
17 0.00024376566216822076
26 0.000009180257170353432
27 0.0000066505510505569195
28 0.000009552780696291852
29 0.000010672856571901583
30 0.00024016656243756505
31 0.00004418821368463919
32 0.00021699417009883517
45 0.00000876923174820536
57 0.00018016835758640515
58 0.004476691459171422
59 0.000006462183444711172
60 0.000012924366889422343
91 0.0011731699998655998
95 0.00027385185796449787
96 0.00035608465080551457
97 0.0000602039675312256
103 0.00008541133970179466
121 0.0010656416407560177
168 0.00004914275771090647
175 0.00028530254609905744
180 0.0002526001287307366
252 0.0004236634738825287
276 0.0011092319980281545
496 0.0003493811814946261
613 0.0016707001376253087
805 0.0010707949874704638
1103 0.00046935029736931276
1563 0.005467657207140331
1925 0.0024880581250814864
1941 0.0009060445366416521
1942 0.000790558501893244
4998 0.0011370166061384682
4999 0.0011370166061384682
5000 0.0011370166061384682
5001 0.0022740332122769364