0 0.00010360515709016387
5 0.0001350647307564619
6 0.00009064908770164895
10 0.000010463329096806138
13 0.007187457003047835
23 0.0001917778078759736
25 0.00009828551542181294
26 0.000013770385755530148
27 0.000013301102101113839
28 0.000009552780696291852
29 0.000010672856571901583
30 0.00008005552081252168
31 0.000016570580131739694
32 0.0001446627800658901
41 0.00018725926302105958
45 0.000005846154498803574
46 0.0013092710867586897
48 0.0004238700903424619
49 0.0002231883932943071
50 0.00004529586521301164
58 0.0005595864323964277
59 0.000012924366889422343
60 0.000012924366889422343
73 0.0004885960299787504
95 0.00047924075143787115
96 0.0005697354412888233
97 0.00018061190259367678
107 0.0005595864323964277
121 0.0002131283281512035
168 0.00004914275771090647
172 0.00023913727761189357
223 0.0005052002574614732
252 0.00021183173694126436
266 0.0006021638897794608
273 0.0003697439993427182
299 0.0003209819843539111
300 0.0007565574870340312
301 0.0012588867802410019
389 0.00045485323355897795
434 0.00032731777168967243
554 0.0003600357507382571
613 0.0004176750344063272
754 0.0013946405666204024
846 0.0012757885359843703
1132 0.0008882007952960393
2255 0.0009060445366416521
3450 0.000953975571705261
4102 0.0009060445366416521