0 0.00010360515709016387
5 0.0001350647307564619
6 0.0001359736315524734
10 0.000020926658193612276
13 0.0012499925222691887
15 0.000055337193439289376
23 0.0003835556157519472
25 0.00009828551542181294
26 0.000013770385755530148
27 0.00001995165315167076
28 0.000014329171044437778
29 0.00002668214142975396
31 0.000027617633552899494
32 0.0001446627800658901
34 0.00011936985864893924
41 0.00018725926302105958
43 0.0002495926820907704
45 0.000005846154498803574
46 0.0009819533150690174
48 0.0005651601204566159
49 0.0002231883932943071
50 0.00009059173042602328
58 0.0005595864323964277
59 0.000006462183444711172
60 0.000012924366889422343
87 0.0011042584904374343
93 0.0006907477305171405
95 0.0006161666804201201
96 0.0007121693016110291
97 0.0000602039675312256
100 0.00014427673725646523
125 0.00019006896079713502
132 0.00019350436353001335
139 0.00037438902313615557
153 0.00022952953988283507
168 0.00004914275771090647
175 0.00028530254609905744
177 0.00044410039764801966
179 0.0005027842686225869
223 0.0007578003861922098
247 0.0015743916502102585
299 0.0003209819843539111
434 0.00032731777168967243
462 0.0005941814615164285
468 0.0008128063180586093
701 0.002281357073229544
831 0.0012440290625407432
2084 0.0006554485025236457