0 0.00010360515709016387
6 0.00009064908770164895
10 0.000020926658193612276
24 0.0002549984919897665
25 0.00009828551542181294
26 0.00002295064292588358
27 0.0000066505510505569195
28 0.000004776390348145926
29 0.000010672856571901583
31 0.000016570580131739694
45 0.000014615386247008935
50 0.00004529586521301164
54 0.000160544392965215
59 0.000006462183444711172
60 0.00005169746755768937
92 0.00036481917391093806
97 0.0001204079350624512
110 0.0003600357507382571
111 0.0004724074680904385
134 0.00020241617375177045
168 0.00004914275771090647
174 0.0004111404270832213
180 0.0002526001287307366
217 0.000895524656248647
219 0.0007232300299518704
221 0.0008180359272162828
222 0.0007496376846183616
227 0.0005224082332437771
235 0.000489099431979698
241 0.000466348213813385
255 0.00023913727761189357
259 0.0010222843270234372
276 0.0007394879986854364
300 0.00030262299481361246
399 0.0008384895369568529
481 0.0004339996609241885
530 0.0002736737953600468
585 0.0007975864282571718
900 0.0005266264618316295
913 0.0008222808541664426
923 0.000570339268307386
949 0.0021290024887945097
1068 0.0005103588061228796
1069 0.0003968214617715378
1158 0.0007533803027405932
1159 0.0008384895369568529
1160 0.0007096674962648366
1161 0.0006649717304210047
1162 0.0011370166061384682
1163 0.000953975571705261
1164 0.0009060445366416521
1165 0.0008128063180586093
1166 0.0011370166061384682
1167 0.0010215305713900601
1168 0.0011370166061384682
1169 0.0011370166061384682
1170 0.0011370166061384682
1171 0.0005182941691667408