0 0.00010360515709016387
5 0.0001350647307564619
6 0.00011331135962706119
10 0.00003138998729041841
15 0.00011067438687857875
26 0.000009180257170353432
27 0.00001995165315167076
28 0.000014329171044437778
29 0.000016009284857852372
31 0.000022094106842319594
32 0.00021699417009883517
43 0.0001247963410453852
44 0.00015086301495667102
45 0.00000876923174820536
50 0.00009059173042602328
54 0.000160544392965215
59 0.000006462183444711172
60 0.000012924366889422343
73 0.0004885960299787504
74 0.0002628764536882138
95 0.0005477037159289957
96 0.0006409523714499261
97 0.0000602039675312256
100 0.00014427673725646523
102 0.0011731273853206662
103 0.00008541133970179466
153 0.00045905907976567014
168 0.00004914275771090647
217 0.0006716434921864852
223 0.0002526001287307366
247 0.0015743916502102585
251 0.0006133845545933855
259 0.0010222843270234372
273 0.0003697439993427182
300 0.00030262299481361246
458 0.0015273403378139488
463 0.0006075174674600367
555 0.0006871708547968443
575 0.00047869542676802046
585 0.0003987932141285859
4809 0.0020430611427801203