0 0.00010360515709016387
6 0.0001359736315524734
10 0.00005231664548403069
13 0.0003124981305672972
14 0.00026456709550368824
15 0.00016601158031786812
20 0.0002851269943544553
24 0.0003824977379846497
25 0.00004914275771090647
26 0.000009180257170353432
27 0.0000332527552527846
28 0.00002388195174072963
29 0.000021345713143803165
30 0.00024016656243756505
31 0.00003314116026347939
34 0.00017905478797340885
36 0.00052318627798422
41 0.00018725926302105958
43 0.0001247963410453852
45 0.000005846154498803574
48 0.00014129003011415398
50 0.00004529586521301164
57 0.0018016835758640514
59 0.000012924366889422343
60 0.0001098571185600899
74 0.0001314382268441069
75 0.00030899039827842145
76 0.0007128678616421193
94 0.0004885960299787504
97 0.0001204079350624512
103 0.000256234019105384
108 0.0012712898229715506
119 0.000308970277376323
121 0.0002131283281512035
122 0.0009235121264357772
124 0.0006842981779500422
125 0.000570206882391405
134 0.0004048323475035409
136 0.00029565439233481325
144 0.0006259011852042593
153 0.00022952953988283507
158 0.0003765453979632206
159 0.00014086769495867446
162 0.0011401593907562888
168 0.00029485654626543883
180 0.0002526001287307366
186 0.0036622997864583203
188 0.0005182941691667408
195 0.00021509233277500263
200 0.0002833071793801778
214 0.0002477233572712043
221 0.0008180359272162828
222 0.0007496376846183616
224 0.0010365883383334816
225 0.0005353974937352319
226 0.0010365883383334816
251 0.0003066922772966927
252 0.0010591586847063217
266 0.0003010819448897304
267 0.0005494856956725966
276 0.0003697439993427182
304 0.0014215433440945965
306 0.00640127176537475
327 0.00047869542676802046
331 0.0003136839799123262
339 0.004593229255105916
402 0.0024384189541758277
417 0.0003600357507382571
451 0.0006007160688395344
481 0.0004339996609241885
483 0.0019002656512604817
499 0.004519008951093555
524 0.0006220145312703716
529 0.00044939008413828627
538 0.0007462199904606845
590 0.0005103588061228796
593 0.0007533803027405932
599 0.0004991223381462831
617 0.0018438251186840733
623 0.0004605016093796513
635 0.0005182941691667408
639 0.0009097064671179559
653 0.016508460412291023
739 0.0013501449342896718
767 0.0012207665954861067
853 0.0010989713913451932
913 0.0004111404270832213
1013 0.0005494856956725966
1069 0.0007936429235430756
1177 0.0006220145312703716
1193 0.0005309542669637955
1200 0.0011297522377733888
1340 0.0006750724671448359
1367 0.0037669015137029665
1375 0.0008688663374890013
1419 0.0007375005660187797
1520 0.000570339268307386
1582 0.0008934484983843897
1585 0.0007096674962648366
1756 0.000790558501893244
1806 0.000685825303055794
1875 0.0007533803027405932
1931 0.0008688663374890013
1997 0.0007096674962648366
2002 0.0006554485025236457
2037 0.0006378942679921852
2038 0.0010215305713900601
2153 0.01327989742807078
2247 0.0008128063180586093
2346 0.0006464403017122036
2602 0.0007375005660187797
3453 0.045790827441852526
4016 0.000953975571705261
4618 0.0009060445366416521
4782 0.000953975571705261
5003 0.0011370166061384682
5004 0.0022740332122769364
5005 0.0011370166061384682
5006 0.0011370166061384682
5007 0.0011370166061384682
5008 0.0011370166061384682
5009 0.0011370166061384682