0 0.00020721031418032774
6 0.0001359736315524734
10 0.00003138998729041841
13 0.0006249962611345944
15 0.000055337193439289376
17 0.00024376566216822076
24 0.00012749924599488326
25 0.00004914275771090647
26 0.000009180257170353432
27 0.000013301102101113839
28 0.00002388195174072963
29 0.000032018569715704745
30 0.0003202220832500867
31 0.000049711740395219085
45 0.00000876923174820536
47 0.0002708891434150717
48 0.00028258006022830796
50 0.00004529586521301164
54 0.00032108878593043
57 0.0007206734303456206
59 0.000019386550334133513
60 0.000012924366889422343
73 0.0004885960299787504
76 0.00023762262054737309
87 0.0007361723269582895
89 0.00033798452589909114
97 0.0001204079350624512
100 0.00028855347451293045
103 0.00034164535880717864
107 0.0005595864323964277
119 0.000308970277376323
124 0.0006842981779500422
125 0.00019006896079713502
132 0.00019350436353001335
135 0.0005446560494091424
139 0.0002495926820907704
140 0.0002005952689646678
148 0.00039487277137447156
151 0.0003393671988105698
163 0.00029998219746697925
164 0.0006624764288875735
168 0.00009828551542181294
175 0.00028530254609905744
177 0.00044410039764801966
202 0.00030783737547859243
210 0.0005494856956725966
214 0.0002477233572712043
217 0.003134336296870264
233 0.00038915983010845493
235 0.000489099431979698
252 0.00021183173694126436
255 0.0016739609432832548
259 0.0003407614423411458
271 0.0004415172276153697
273 0.0003697439993427182
276 0.0007394879986854364
300 0.0022696724611020935
301 0.0010071094241928015
302 0.0007672726067957501
304 0.0021323150161418948
306 0.0003765453979632206
382 0.0008128063180586093
417 0.0007200715014765141
437 0.0008779469936743287
439 0.0005266264618316295
440 0.0013901978018369889
449 0.0034144535728114237
481 0.0004339996609241885
509 0.00047869542676802046
524 0.0006220145312703716
585 0.0003987932141285859
623 0.0004605016093796513
671 0.0003910424617735554
740 0.0005595864323964277
865 0.0013562978036669984
912 0.00047869542676802046
913 0.0004111404270832213
1036 0.0004339996609241885
1038 0.0005103588061228796
1086 0.0005446560494091424
1200 0.0005648761188866944
1585 0.0007096674962648366
1922 0.0006464403017122036
1930 0.0006973202833102012
2559 0.0006464403017122036
2909 0.0008688663374890013
4432 0.000953975571705261
5014 0.0010215305713900601
5015 0.0010215305713900601
5016 0.000953975571705261
5017 0.00306459171417018
5018 0.004086122285560241
5019 0.0020430611427801203
5020 0.0020430611427801203
5021 0.0020430611427801203
5022 0.0020430611427801203
5023 0.0010215305713900601
5024 0.0010215305713900601