6 0.00011331135962706119
10 0.00005231664548403069
20 0.0002851269943544553
25 0.00004914275771090647
26 0.000013770385755530148
27 0.00001995165315167076
28 0.000014329171044437778
29 0.000010672856571901583
30 0.00016011104162504336
31 0.000016570580131739694
45 0.00000876923174820536
49 0.0002231883932943071
50 0.00009059173042602328
54 0.000160544392965215
57 0.0003603367151728103
59 0.000012924366889422343
60 0.000025848733778844687
76 0.0014257357232842385
90 0.0010801072522147713
97 0.0000602039675312256
100 0.00014427673725646523
119 0.00046345541606448445
121 0.0021312832815120353
132 0.0003870087270600267
134 0.00020241617375177045
138 0.00029998219746697925
144 0.00020863372840141978
153 0.00045905907976567014
168 0.00004914275771090647
175 0.00028530254609905744
177 0.00044410039764801966
195 0.00021509233277500263
217 0.0013432869843729705
221 0.0004090179636081414
222 0.0003748188423091808
223 0.0015156007723844196
227 0.0010448164664875542
345 0.0006649717304210047
347 0.0007709345372720537
389 0.00045485323355897795
391 0.0009210032187593025
436 0.0006146083728946911
444 0.001175787005677693
469 0.0038554455679023795
483 0.0003800531302520963
530 0.0002736737953600468
540 0.0005648761188866944
555 0.00034358542739842214
575 0.00047869542676802046
624 0.0024096534799389873
700 0.0003910424617735554
742 0.00040692219849536895
829 0.0006220145312703716
831 0.0006220145312703716
833 0.002026113986087854
839 0.0004755217854866652
870 0.0006075174674600367
1192 0.0005648761188866944
1340 0.0006750724671448359
1643 0.0051625039621314575
1906 0.005030937221741117
3200 0.000953975571705261
4584 0.000953975571705261
5028 0.00453022268320826
5029 0.0011370166061384682