0 0.00010360515709016387
6 0.0001359736315524734
8 0.000460498487011427
10 0.00007324330367764296
15 0.00016601158031786812
17 0.00024376566216822076
20 0.00014256349717722765
23 0.0001917778078759736
24 0.0006374962299744162
25 0.0002457137885545324
26 0.000018360514340706863
27 0.00001995165315167076
28 0.00003343473243702148
29 0.00002668214142975396
30 0.00008005552081252168
31 0.000022094106842319594
34 0.00023873971729787848
41 0.0007490370520842383
45 0.000011692308997607148
46 0.0009819533150690174
48 0.00028258006022830796
49 0.0004463767865886142
50 0.00009059173042602328
59 0.000006462183444711172
60 0.000038773100668267026
76 0.00023762262054737309
80 0.0023755703916739884
81 0.0020034242963392697
91 0.00046926799994623984
92 0.00036481917391093806
93 0.0002302492435057135
97 0.0000602039675312256
100 0.00014427673725646523
108 0.0002542579645943101
117 0.00038545720818497763
119 0.0009269108321289689
122 0.00030783737547859243
124 0.0006842981779500422
134 0.0004048323475035409
138 0.0008999465924009378
139 0.0002495926820907704
140 0.0002005952689646678
142 0.0022604963394449976
143 0.0002681502686494669
219 0.0003616150149759352
234 0.00038363630339787504
252 0.00021183173694126436
256 0.0005266264618316295
259 0.0006815228846822916
262 0.0003464581042452242
266 0.0003010819448897304
305 0.001694628356660083
306 0.002635817785742544
326 0.0005399624677752377
335 0.0008384895369568529
372 0.0003553858360236491
434 0.00032731777168967243
442 0.00036481917391093806
469 0.0009638613919755949
475 0.0002526001287307366
515 0.00043897349683716435
529 0.00044939008413828627
530 0.0002736737953600468
601 0.0004176750344063272
799 0.0003782900330627366
805 0.0005353974937352319
806 0.00040692219849536895
817 0.0008688663374890013
973 0.0022595044755467776
974 0.005291041525549618
1808 0.0006007160688395344
1938 0.0006146083728946911
2313 0.0013946405666204024
2390 0.01185837752839866
2801 0.000953975571705261
3495 0.005436267219849912
4341 0.0010215305713900601
5030 0.0011370166061384682
5031 0.0011370166061384682
5032 0.0011370166061384682
5033 0.0011370166061384682
5034 0.0011370166061384682
5035 0.0011370166061384682
5036 0.0011370166061384682