0 0.00020721031418032774
1 0.0010989713913451932
4 0.0004007885808474655
6 0.0001812981754032979
7 0.001061592787862714
9 0.003523564593020247
10 0.000020926658193612276
15 0.000055337193439289376
16 0.0006220145312703716
23 0.0001917778078759736
25 0.00014742827313271942
26 0.000013770385755530148
27 0.000026602204202227678
28 0.000028658342088875557
29 0.000016009284857852372
30 0.00016011104162504336
31 0.00004418821368463919
32 0.00021699417009883517
34 0.00017905478797340885
36 0.00017439542599474
37 0.0011963796423857577
38 0.0018306139461095412
42 0.00029780424319051263
43 0.0001247963410453852
44 0.00015086301495667102
45 0.00000876923174820536
50 0.00009059173042602328
56 0.00034358542739842214
59 0.000006462183444711172
60 0.000012924366889422343
71 0.0006651316003801349
73 0.0009771920599575008
74 0.0002628764536882138
76 0.00023762262054737309
95 0.00047924075143787115
96 0.0004985185111277203
97 0.0000602039675312256
100 0.00014427673725646523
111 0.000944814936180877
119 0.000617940554752646
124 0.0015966957485500984
132 0.00019350436353001335
136 0.00029565439233481325
138 0.0008999465924009378
140 0.0002005952689646678
155 0.000629765283625402
163 0.00029998219746697925
165 0.002346751486846564
166 0.0009210032187593025
168 0.00009828551542181294
194 0.0013019989827725655
195 0.00021509233277500263
200 0.0002833071793801778
231 0.000685825303055794
235 0.000244549715989849
251 0.0003066922772966927
273 0.0007394879986854364
289 0.0007096674962648366
303 0.001227053890824424
307 0.0003818350844534872
343 0.004339996609241886
356 0.0005266264618316295
392 0.00047869542676802046
398 0.0003632093920196124
413 0.0005941814615164285
437 0.00043897349683716435
454 0.00038363630339787504
456 0.00040485246840563934
470 0.00044672424919219483
519 0.0004221783120451008
538 0.00037310999523034225
544 0.0005353974937352319
546 0.0007709345372720537
577 0.0025857612068488143
589 0.002291010506720923
687 0.0005065284965219635
691 0.00038363630339787504
702 0.005353974937352319
703 0.0004991223381462831
743 0.0003800531302520963
790 0.0006649717304210047
921 0.0005759876441280593
923 0.000570339268307386
929 0.0007709345372720537
1069 0.0007936429235430756
1159 0.0008384895369568529
1161 0.0006649717304210047
1171 0.0005182941691667408
1172 0.0008384895369568529
1173 0.002606599012467004
1174 0.0011370166061384682
1175 0.000953975571705261
1176 0.0006464403017122036
1177 0.0006220145312703716
1178 0.0011370166061384682
1179 0.0011370166061384682
1180 0.0005446560494091424
1181 0.0005266264618316295