5 0.0001350647307564619
6 0.00009064908770164895
10 0.00003138998729041841
14 0.00026456709550368824
15 0.0004980347409536044
26 0.000013770385755530148
27 0.000013301102101113839
28 0.000009552780696291852
29 0.000010672856571901583
30 0.00008005552081252168
31 0.000011047053421159797
34 0.00017905478797340885
36 0.00017439542599474
41 0.00037451852604211916
43 0.0002495926820907704
44 0.00015086301495667102
45 0.000011692308997607148
50 0.00004529586521301164
57 0.0003603367151728103
59 0.000019386550334133513
60 0.000025848733778844687
76 0.00023762262054737309
90 0.0003600357507382571
91 0.00046926799994623984
92 0.00036481917391093806
97 0.0001204079350624512
103 0.00017082267940358932
107 0.0005595864323964277
117 0.0038545720818497766
119 0.0007724256934408075
125 0.0007602758431885401
134 0.00020241617375177045
143 0.0005363005372989338
158 0.0003765453979632206
167 0.0006370272523515608
168 0.00009828551542181294
186 0.0008138443969907379
195 0.00021509233277500263
213 0.0007296383478218761
265 0.00048441707494682545
288 0.000790558501893244
296 0.0006649717304210047
442 0.00036481917391093806
462 0.0005941814615164285
475 0.001263000643653683
530 0.0002736737953600468
602 0.0004955391650005044
681 0.002281357073229544
743 0.0003800531302520963
747 0.002312803611816161
750 0.0008384895369568529
752 0.003989830382526028
816 0.0004852300340911263
930 0.0005648761188866944
1036 0.0013019989827725655
1060 0.0005544595315855724
1139 0.0016769790739137058
1360 0.0005941814615164285
1375 0.0008688663374890013
1405 0.0008688663374890013
1412 0.0005648761188866944
1497 0.0007230035022084448
1500 0.01373706654196045
1642 0.0006146083728946911
1825 0.0007709345372720537
1892 0.017954236721367124
2315 0.015322958570850902
3229 0.0072483562931332166
3878 0.005107652856950301
5037 0.005436267219849912
5038 0.0011370166061384682
5039 0.0011370166061384682
5040 0.0011370166061384682
5041 0.0011370166061384682
5042 0.0011370166061384682