0 0.00010360515709016387
6 0.0001359736315524734
10 0.00004185331638722455
15 0.000055337193439289376
18 0.0003172930263603734
20 0.00014256349717722765
25 0.00004914275771090647
26 0.000013770385755530148
27 0.000013301102101113839
28 0.000014329171044437778
29 0.000010672856571901583
30 0.00008005552081252168
31 0.000016570580131739694
34 0.00023873971729787848
45 0.00000876923174820536
48 0.00014129003011415398
50 0.00009059173042602328
59 0.000032310917223555856
60 0.000025848733778844687
91 0.00046926799994623984
101 0.0005353974937352319
103 0.00017082267940358932
108 0.0002542579645943101
119 0.0001544851386881615
125 0.00038013792159427004
138 0.00029998219746697925
140 0.0004011905379293356
144 0.0008345349136056791
153 0.00022952953988283507
168 0.00004914275771090647
172 0.00023913727761189357
217 0.00022388116406216174
223 0.0002526001287307366
252 0.0021183173694126435
350 0.0005353974937352319
372 0.0007107716720472983
443 0.000685825303055794
475 0.0005052002574614732
542 0.010989485129107461
544 0.0005353974937352319
546 0.0007709345372720537
701 0.0017110178049221578
767 0.0008138443969907379
775 0.00036481917391093806
833 0.0005065284965219635
839 0.0004755217854866652
870 0.0006075174674600367
1282 0.0005544595315855724
1973 0.004425003396112678
1974 0.0009060445366416521
2003 0.006387007466383529
2161 0.006378942679921852
2787 0.002312803611816161
3237 0.0072483562931332166
3567 0.0008128063180586093