5 0.0002701294615129238
6 0.0000679868157762367
10 0.000010463329096806138
15 0.000055337193439289376
20 0.00014256349717722765
24 0.0002549984919897665
25 0.00009828551542181294
26 0.000018360514340706863
27 0.00001995165315167076
28 0.00002388195174072963
29 0.000021345713143803165
31 0.000011047053421159797
34 0.00011936985864893924
36 0.00017439542599474
45 0.000011692308997607148
50 0.00009059173042602328
52 0.0016528512645919312
53 0.0002914361637469609
54 0.0009632663577912898
59 0.000019386550334133513
60 0.000038773100668267026
98 0.00029888966155459023
100 0.00014427673725646523
132 0.00019350436353001335
144 0.00041726745680283956
168 0.00004914275771090647
169 0.0010653961988203165
172 0.00047827455522378713
185 0.0004677902934924359
200 0.0002833071793801778
221 0.0004090179636081414
222 0.0003748188423091808
264 0.0017110178049221578
297 0.0008987801682765725
299 0.0032098198435391114
304 0.0017769291801182456
305 0.006213637307753638
308 0.0005309542669637955
309 0.0015798793854948881
311 0.0006759690517981823
316 0.0007709345372720537
321 0.0008384895369568529
328 0.0006520623857339232
331 0.0006273679598246524
359 0.0007375005660187797
416 0.0003493811814946261
444 0.001175787005677693
469 0.00048193069598779744
530 0.0002736737953600468
572 0.0005224082332437771
611 0.0005309542669637955
654 0.00038729823387417876
680 0.001061908533927591
790 0.0006649717304210047
959 0.0012150349349200735
1013 0.0005494856956725966
1033 0.0008688663374890013
1066 0.0009638613919755949
1101 0.000790558501893244
1571 0.0012757885359843703
1895 0.000953975571705261
1906 0.010061874443482234
2244 0.0015418690745441074
2328 0.0008384895369568529
2507 0.0008688663374890013
3141 0.005723853430231566
5043 0.0011370166061384682
5044 0.0011370166061384682
5045 0.0011370166061384682
5046 0.0011370166061384682
5047 0.0011370166061384682
5048 0.0011370166061384682
5049 0.0011370166061384682
5050 0.0011370166061384682