6 0.00004532454385082448
10 0.00003138998729041841
25 0.00009828551542181294
26 0.000009180257170353432
27 0.000053204408404455356
28 0.000019105561392583703
29 0.000010672856571901583
30 0.00008005552081252168
31 0.000011047053421159797
32 0.00021699417009883517
36 0.00017439542599474
43 0.0001247963410453852
45 0.000005846154498803574
50 0.00036236692170409313
56 0.00034358542739842214
59 0.000019386550334133513
60 0.000012924366889422343
93 0.0002302492435057135
95 0.00013692592898224894
96 0.00014243386032220583
100 0.0010099371607952565
119 0.000308970277376323
120 0.0013946405666204024
132 0.00019350436353001335
144 0.0008345349136056791
167 0.0003185136261757804
168 0.00004914275771090647
172 0.00023913727761189357
175 0.0011412101843962298
185 0.004210112641431923
200 0.004816222049463022
233 0.00038915983010845493
242 0.0015418690745441074
252 0.0008473269477650574
413 0.004753451692131428
434 0.00032731777168967243
720 0.0007230035022084448
735 0.0005941814615164285
1356 0.0005648761188866944
1979 0.005818342485617931
2570 0.01510883367470355
4068 0.0020430611427801203
5051 0.0011370166061384682
5052 0.009096132849107746
5053 0.0011370166061384682
5054 0.0011370166061384682