5 0.0001350647307564619
10 0.00003138998729041841
13 0.003124981305672972
15 0.00016601158031786812
20 0.00014256349717722765
26 0.000009180257170353432
27 0.000013301102101113839
28 0.000004776390348145926
29 0.000016009284857852372
30 0.00008005552081252168
31 0.000011047053421159797
32 0.00021699417009883517
45 0.00000876923174820536
50 0.00004529586521301164
52 0.00023612160922741876
59 0.000019386550334133513
60 0.000012924366889422343
65 0.0032644374966936947
95 0.00020538889347337336
96 0.00021365079048330874
97 0.0000602039675312256
100 0.00014427673725646523
103 0.00008541133970179466
134 0.00020241617375177045
138 0.00029998219746697925
159 0.0004226030848760234
168 0.00004914275771090647
172 0.00023913727761189357
174 0.0004111404270832213
203 0.0003136839799123262
252 0.000635495210823793
262 0.0010393743127356727
265 0.00048441707494682545
291 0.004800777121390558
300 0.0006052459896272249
301 0.0010071094241928015
326 0.0005399624677752377
530 0.0002736737953600468
604 0.01056648213476192
706 0.0029394675141942326
1192 0.0005648761188866944
1283 0.0031597587709897763
1785 0.0005648761188866944
5055 0.0011370166061384682