0 0.00010360515709016387
10 0.00003138998729041841
15 0.0002213487737571575
17 0.00024376566216822076
26 0.000009180257170353432
27 0.0000066505510505569195
28 0.000004776390348145926
29 0.000005336428285950791
31 0.000016570580131739694
32 0.00021699417009883517
34 0.00011936985864893924
45 0.00000876923174820536
59 0.000012924366889422343
60 0.000012924366889422343
90 0.0003600357507382571
93 0.0002302492435057135
95 0.00020538889347337336
96 0.00021365079048330874
97 0.0000602039675312256
101 0.0010707949874704638
122 0.0021548616283501468
132 0.00019350436353001335
134 0.0004048323475035409
146 0.00036481917391093806
159 0.00126780925462807
167 0.0006370272523515608
185 0.0004677902934924359
221 0.003272143708865131
222 0.001874094211545904
227 0.0010448164664875542
245 0.0006146083728946911
246 0.003779737274426663
331 0.0015684198995616308
354 0.0004955391650005044
362 0.00029998219746697925
391 0.0004605016093796513
598 0.000790558501893244
613 0.0004176750344063272
639 0.0013645597006769338
775 0.00036481917391093806
1193 0.0015928628008913862
1242 0.0005648761188866944
2221 0.0007230035022084448
2624 0.0008384895369568529