0 0.00010360515709016387
5 0.0004051941922693857
6 0.0000679868157762367
10 0.00004185331638722455
13 0.0003124981305672972
15 0.00011067438687857875
26 0.000013770385755530148
27 0.00001995165315167076
28 0.000014329171044437778
29 0.000021345713143803165
30 0.00008005552081252168
31 0.000011047053421159797
32 0.00021699417009883517
34 0.00011936985864893924
44 0.00030172602991334203
45 0.00000876923174820536
52 0.0023612160922741876
59 0.000019386550334133513
60 0.000006462183444711172
73 0.0009771920599575008
74 0.0003943146805323207
89 0.00033798452589909114
90 0.0003600357507382571
93 0.000460498487011427
95 0.00020538889347337336
96 0.00021365079048330874
97 0.0001204079350624512
98 0.0005977793231091805
103 0.000256234019105384
124 0.0011404969632500704
159 0.00014086769495867446
168 0.00009828551542181294
172 0.00023913727761189357
186 0.00040692219849536895
231 0.000685825303055794
252 0.002753812580236436
255 0.00047827455522378713
266 0.0006021638897794608
297 0.0008987801682765725
299 0.0006419639687078222
307 0.0003818350844534872
308 0.001061908533927591
309 0.0005266264618316295
331 0.0006273679598246524
354 0.0009910783300010088
372 0.0003553858360236491
398 0.001089628176058837
424 0.0008688663374890013
435 0.00044410039764801966
442 0.00036481917391093806
554 0.0028802860059060566
703 0.0004991223381462831
706 0.001175787005677693
848 0.0010893120988182848
851 0.0009387005947386255
860 0.0008384895369568529
959 0.0012150349349200735
1065 0.003090620593307587
1119 0.000629765283625402
1177 0.004976116250162973
1181 0.002106505847326518
1476 0.0018438251186840733
1976 0.0006649717304210047
2012 0.0009060445366416521
2702 0.00306459171417018
2950 0.012164128724846018
3497 0.00306459171417018
4289 0.000953975571705261
5056 0.0022740332122769364
5057 0.0011370166061384682
5058 0.000953975571705261
5059 0.0010215305713900601
5060 0.0011370166061384682
5061 0.0011370166061384682
5062 0.0011370166061384682
5063 0.0011370166061384682
5064 0.0011370166061384682
5065 0.0011370166061384682
5066 0.0011370166061384682
5067 0.0011370166061384682
5068 0.0034110498184154047
5069 0.0011370166061384682
5070 0.0011370166061384682
5071 0.0022740332122769364
5072 0.0011370166061384682
5073 0.0011370166061384682