0 0.00020721031418032774
10 0.00003138998729041841
15 0.00016601158031786812
26 0.000009180257170353432
27 0.0000066505510505569195
28 0.000004776390348145926
29 0.000010672856571901583
31 0.000027617633552899494
32 0.00021699417009883517
34 0.00005968492932446962
45 0.000011692308997607148
46 0.0006546355433793449
48 0.00028258006022830796
49 0.0002231883932943071
52 0.00023612160922741876
59 0.000012924366889422343
60 0.000012924366889422343
75 0.00030899039827842145
93 0.0006907477305171405
95 0.00020538889347337336
96 0.00028486772064441167
97 0.0001204079350624512
132 0.0007740174541200534
139 0.0002495926820907704
142 0.000904198535777999
144 0.0008345349136056791
172 0.00023913727761189357
179 0.0020111370744903476
196 0.0005309542669637955
255 0.00023913727761189357
265 0.00048441707494682545
300 0.002118360963695287
301 0.003524882984674805
302 0.00537090824757025
382 0.0008128063180586093
434 0.00032731777168967243
716 0.0018194129342359118
960 0.0004724074680904385
1066 0.00048193069598779744
1304 0.0011191728647928555
1818 0.0010215305713900601
5074 0.0010215305713900601
5075 0.0011370166061384682