0 0.00010360515709016387
6 0.00011331135962706119
10 0.000020926658193612276
20 0.00014256349717722765
26 0.000009180257170353432
27 0.000013301102101113839
28 0.000014329171044437778
29 0.000016009284857852372
30 0.00008005552081252168
31 0.000027617633552899494
32 0.00021699417009883517
34 0.00005968492932446962
43 0.00037438902313615557
44 0.00015086301495667102
45 0.00000876923174820536
50 0.00004529586521301164
54 0.000160544392965215
57 0.0003603367151728103
59 0.000012924366889422343
60 0.000012924366889422343
74 0.0001314382268441069
95 0.00027385185796449787
96 0.00028486772064441167
97 0.0000602039675312256
103 0.00008541133970179466
125 0.00019006896079713502
132 0.0003870087270600267
153 0.00022952953988283507
172 0.00023913727761189357
217 0.0004477623281243235
221 0.0008180359272162828
222 0.0007496376846183616
227 0.0005224082332437771
247 0.0012595133201682067
300 0.00030262299481361246
436 0.0006146083728946911
458 0.0011455052533604615
459 0.000570339268307386
460 0.0006554485025236457
483 0.0007601062605041926
497 0.00044672424919219483
623 0.0004605016093796513
654 0.00038729823387417876
816 0.0004852300340911263
4111 0.0009060445366416521
5076 0.0022740332122769364
5077 0.0011370166061384682