0 0.00010360515709016387
6 0.0001359736315524734
9 0.0007047129186040493
10 0.00004185331638722455
14 0.00026456709550368824
25 0.00004914275771090647
26 0.000009180257170353432
27 0.00001995165315167076
28 0.00005254029382960519
29 0.000010672856571901583
30 0.00016011104162504336
31 0.000011047053421159797
32 0.00021699417009883517
34 0.00017905478797340885
45 0.000005846154498803574
48 0.0004238700903424619
50 0.00009059173042602328
59 0.000006462183444711172
60 0.000012924366889422343
65 0.000466348213813385
72 0.0003697439993427182
79 0.0005759876441280593
91 0.0007039019999193597
92 0.00036481917391093806
95 0.00041077778694674673
96 0.00042730158096661747
97 0.0000602039675312256
100 0.00014427673725646523
107 0.0005595864323964277
134 0.00020241617375177045
159 0.0002817353899173489
168 0.00004914275771090647
266 0.0003010819448897304
328 0.0003260311928669616
331 0.0003136839799123262
372 0.0003553858360236491
392 0.00047869542676802046
475 0.0010104005149229464
496 0.0003493811814946261
538 0.00037310999523034225
569 0.002057475909167382
590 0.0005103588061228796
618 0.0009771920599575008
639 0.0009097064671179559
767 0.00040692219849536895
772 0.000953975571705261
790 0.0006649717304210047
842 0.000570339268307386
1182 0.0011370166061384682
1183 0.0034110498184154047
1184 0.000790558501893244
1185 0.0011370166061384682
1186 0.0011370166061384682
1187 0.0011370166061384682
1188 0.0011370166061384682
1189 0.000953975571705261
1190 0.007959116242969277
1191 0.00838489536956853
1192 0.0022595044755467776
1193 0.0026547713348189774
1194 0.0007230035022084448
1195 0.0007709345372720537