6 0.00011331135962706119
10 0.00003138998729041841
14 0.0007937012865110646
15 0.000055337193439289376
20 0.00014256349717722765
26 0.000009180257170353432
27 0.00001995165315167076
28 0.000014329171044437778
29 0.000016009284857852372
31 0.000022094106842319594
32 0.00021699417009883517
34 0.00011936985864893924
45 0.00000876923174820536
47 0.0002708891434150717
50 0.00004529586521301164
57 0.00018016835758640515
59 0.000025848733778844687
60 0.000012924366889422343
67 0.0003493811814946261
75 0.0024719231862273716
91 0.00046926799994623984
92 0.00036481917391093806
95 0.00020538889347337336
96 0.00021365079048330874
97 0.0001204079350624512
103 0.00008541133970179466
121 0.0006393849844536105
125 0.00019006896079713502
134 0.00020241617375177045
136 0.0005913087846696265
153 0.00022952953988283507
166 0.0009210032187593025
168 0.00004914275771090647
188 0.0005182941691667408
195 0.00021509233277500263
196 0.0005309542669637955
203 0.0006273679598246524
251 0.0006133845545933855
300 0.0009078689844408373
372 0.0003553858360236491
398 0.0003632093920196124
496 0.0003493811814946261
529 0.00044939008413828627
530 0.0002736737953600468
575 0.00047869542676802046
706 0.004703148022710772
716 0.00045485323355897795
799 0.0003782900330627366
805 0.0005353974937352319
806 0.0020346109924768447
876 0.0036875028300938986
921 0.004607901153024474
1165 0.008940869498644703
1253 0.016508460412291023
1287 0.0005595864323964277
1477 0.0005494856956725966
1562 0.0024880581250814864
2348 0.0009060445366416521
3293 0.0016256126361172186