2 0.0007264187840392248
3 0.00044939008413828627
4 0.0012023657425423967
6 0.0001359736315524734
8 0.000920996974022854
9 0.0017617822965101235
10 0.00004185331638722455
15 0.00016601158031786812
25 0.00009828551542181294
26 0.000009180257170353432
27 0.00001995165315167076
28 0.00002388195174072963
29 0.00002668214142975396
30 0.00008005552081252168
31 0.00003314116026347939
32 0.0001446627800658901
33 0.0009510435709733304
34 0.00011936985864893924
35 0.0008384895369568529
36 0.00017439542599474
43 0.0002495926820907704
44 0.00030172602991334203
45 0.000005846154498803574
46 0.00032731777168967243
49 0.0002231883932943071
50 0.00009059173042602328
57 0.0005405050727592154
60 0.000012924366889422343
71 0.00033256580019006747
74 0.0002628764536882138
76 0.00023762262054737309
89 0.00033798452589909114
93 0.0002302492435057135
95 0.00041077778694674673
96 0.00042730158096661747
97 0.0001204079350624512
100 0.00014427673725646523
103 0.00017082267940358932
108 0.0005085159291886202
119 0.0001544851386881615
124 0.0022809939265001408
127 0.0006220145312703716
133 0.00032475447298266157
139 0.0004991853641815408
143 0.0005363005372989338
144 0.0006259011852042593
145 0.0004991223381462831
166 0.0004605016093796513
167 0.0003185136261757804
180 0.0002526001287307366
195 0.00021509233277500263
202 0.00030783737547859243
204 0.0007230035022084448
247 0.0003148783300420517
250 0.0017636805085165395
255 0.0016739609432832548
267 0.0005494856956725966
311 0.00033798452589909114
434 0.00032731777168967243
458 0.0007636701689069744
459 0.000570339268307386
479 0.001259530567250804
483 0.0007601062605041926
612 0.0020252174014345073
639 0.0018194129342359118
657 0.0009060445366416521
683 0.0008688663374890013
702 0.010172552380969405
743 0.0003800531302520963
827 0.003013521210962373
942 0.0006464403017122036
1066 0.00048193069598779744
1193 0.0005309542669637955
1283 0.0005266264618316295
1656 0.0008688663374890013
1733 0.0010215305713900601
1774 0.0007096674962648366
3742 0.0008128063180586093
5078 0.0011370166061384682
5079 0.0011370166061384682