5 0.0001350647307564619
6 0.0000679868157762367
10 0.000010463329096806138
15 0.00011067438687857875
20 0.00014256349717722765
22 0.0005595864323964277
25 0.00004914275771090647
26 0.000013770385755530148
27 0.00001995165315167076
28 0.000009552780696291852
29 0.000010672856571901583
31 0.0000055235267105798985
34 0.00011936985864893924
45 0.00000876923174820536
50 0.00009059173042602328
52 0.0035418241384112814
53 0.0014571808187348043
54 0.0008027219648260749
59 0.000006462183444711172
60 0.000012924366889422343
89 0.00033798452589909114
93 0.0002302492435057135
95 0.00013692592898224894
97 0.0000602039675312256
98 0.0008966689846637708
102 0.0003910424617735554
121 0.0002131283281512035
139 0.0001247963410453852
140 0.0004011905379293356
144 0.0008345349136056791
149 0.0006146083728946911
158 0.0007530907959264412
168 0.00004914275771090647
170 0.001316920490511493
180 0.0002526001287307366
185 0.0004677902934924359
186 0.00040692219849536895
233 0.00038915983010845493
235 0.000489099431979698
255 0.0009565491104475743
265 0.00024220853747341272
297 0.00044939008413828627
299 0.0009629459530617334
300 0.0007565574870340312
301 0.0010071094241928015
308 0.0005309542669637955
311 0.0006759690517981823
312 0.0004885960299787504
380 0.0004755217854866652
398 0.001089628176058837
416 0.0003493811814946261
439 0.0005266264618316295
440 0.0009267985345579925
463 0.0006075174674600367
519 0.0004221783120451008
601 0.0004176750344063272
612 0.0006750724671448359
686 0.0017110178049221578
687 0.0005065284965219635
786 0.000570339268307386
843 0.0007375005660187797
855 0.0006649717304210047
856 0.0006750724671448359
912 0.00047869542676802046
959 0.0006075174674600367
1119 0.000629765283625402
1132 0.0008882007952960393
1154 0.0006973202833102012
1921 0.0021690105066253344
2144 0.0008128063180586093
2475 0.0007096674962648366
3821 0.0008384895369568529
5080 0.0010215305713900601
5081 0.0020430611427801203
5082 0.0010215305713900601
5083 0.000953975571705261
5084 0.0010215305713900601
5085 0.0010215305713900601
5086 0.0010215305713900601