6 0.00020396044732871014
10 0.00003138998729041841
15 0.000055337193439289376
20 0.00014256349717722765
26 0.000009180257170353432
27 0.00001995165315167076
28 0.000004776390348145926
29 0.000010672856571901583
30 0.00016011104162504336
31 0.000016570580131739694
32 0.00021699417009883517
45 0.00000876923174820536
50 0.00004529586521301164
58 0.0005595864323964277
59 0.000006462183444711172
60 0.000012924366889422343
75 0.0018539423896705286
95 0.00047924075143787115
96 0.0004985185111277203
97 0.0000602039675312256
100 0.00014427673725646523
108 0.0002542579645943101
121 0.0002131283281512035
136 0.00029565439233481325
146 0.00036481917391093806
158 0.0007530907959264412
159 0.0004226030848760234
168 0.00009828551542181294
200 0.0002833071793801778
255 0.00023913727761189357
293 0.0005065284965219635
442 0.00036481917391093806
635 0.0005182941691667408
700 0.0003910424617735554
716 0.0018194129342359118
799 0.0011348700991882098
806 0.0016276887939814758
973 0.006778513426640332
974 0.004703148022710772
975 0.0022178381263422897
976 0.0007375005660187797
981 0.0010215305713900601
985 0.002442980149893752
1104 0.0006554485025236457
1342 0.004338021013250669
1563 0.0012150349349200735