0 0.00010360515709016387
6 0.0001359736315524734
10 0.00003138998729041841
15 0.000055337193439289376
20 0.0002851269943544553
23 0.0003835556157519472
26 0.000009180257170353432
27 0.000026602204202227678
28 0.000014329171044437778
29 0.000016009284857852372
30 0.00016011104162504336
31 0.000022094106842319594
32 0.00021699417009883517
36 0.00034879085198948
42 0.00029780424319051263
43 0.0001247963410453852
44 0.00015086301495667102
45 0.000011692308997607148
50 0.00009059173042602328
57 0.00018016835758640515
59 0.000006462183444711172
60 0.000012924366889422343
74 0.0001314382268441069
80 0.0003393671988105698
81 0.00033390404938987825
82 0.0004991223381462831
92 0.0007296383478218761
95 0.0005477037159289957
96 0.0005697354412888233
97 0.0000602039675312256
101 0.0005353974937352319
103 0.00008541133970179466
104 0.0020919608499306037
119 0.000308970277376323
122 0.00030783737547859243
130 0.00036808616347914477
132 0.0003870087270600267
134 0.0008096646950070818
136 0.0005913087846696265
139 0.0001247963410453852
140 0.0006017858068940034
159 0.0008452061697520468
162 0.0007601062605041926
163 0.0005999643949339585
168 0.00004914275771090647
195 0.0008603693311000105
200 0.0005666143587603556
213 0.00036481917391093806
232 0.0015548825075002222
259 0.0006815228846822916
265 0.00024220853747341272
355 0.000685825303055794
389 0.00045485323355897795
398 0.0003632093920196124
417 0.0003600357507382571
441 0.0008128063180586093
456 0.00040485246840563934
540 0.0011297522377733888
599 0.001497367014438849
691 0.0015345452135915002
742 0.0012207665954861067
806 0.0008138443969907379
975 0.0022178381263422897
982 0.0005878935028388465
1047 0.009833733966315058
1069 0.0003968214617715378
1142 0.002014040672091664
1254 0.000953975571705261
1266 0.000629765283625402
1819 0.001907951143410522
1853 0.006707916295654823
1869 0.0021290024887945097
2096 0.006342311756491564
2104 0.0010215305713900601
2106 0.000953975571705261
2108 0.0020430611427801203
2161 0.0006378942679921852
3037 0.0008384895369568529
3285 0.0009060445366416521
4094 0.000953975571705261
5087 0.0011370166061384682
5088 0.0034110498184154047