6 0.00004532454385082448
8 0.000460498487011427
10 0.000010463329096806138
15 0.000055337193439289376
17 0.00024376566216822076
23 0.0001917778078759736
24 0.00012749924599488326
25 0.00009828551542181294
26 0.000009180257170353432
27 0.000013301102101113839
28 0.000009552780696291852
29 0.000010672856571901583
30 0.00008005552081252168
31 0.000016570580131739694
32 0.00021699417009883517
34 0.00017905478797340885
42 0.00029780424319051263
45 0.000005846154498803574
47 0.0002708891434150717
57 0.0003603367151728103
59 0.000006462183444711172
60 0.000012924366889422343
67 0.0006987623629892522
68 0.0008056162688366655
69 0.003083657665479821
71 0.00033256580019006747
77 0.00043897349683716435
78 0.0005309542669637955
93 0.0002302492435057135
95 0.0003423148224556223
96 0.00035608465080551457
97 0.0000602039675312256
108 0.0002542579645943101
110 0.0007200715014765141
121 0.0006393849844536105
129 0.0004724074680904385
135 0.0010893120988182848
137 0.000570339268307386
159 0.00014086769495867446
163 0.00029998219746697925
168 0.00004914275771090647
174 0.0008222808541664426
180 0.0002526001287307366
185 0.00023389514674621796
188 0.0005182941691667408
190 0.0005494856956725966
201 0.0003782900330627366
252 0.0004236634738825287
262 0.0006929162084904484
265 0.00024220853747341272
370 0.0029552481843157052
384 0.0014360862803040613
387 0.0009060445366416521
417 0.0003600357507382571
428 0.0007375005660187797
442 0.00036481917391093806
452 0.0005399624677752377
458 0.0011455052533604615
483 0.0007601062605041926
549 0.0011519752882561186
551 0.0008128063180586093
589 0.0003818350844534872
599 0.0004991223381462831
617 0.0006146083728946911
618 0.0004885960299787504
624 0.0009638613919755949
697 0.0005878935028388465
700 0.0007820849235471108
711 0.0027002898685793437
881 0.002519061134501608
1256 0.0007375005660187797
1317 0.0011089190631711448
1609 0.0009060445366416521
1634 0.0007230035022084448
1642 0.0006146083728946911
2588 0.0016769790739137058
2602 0.0007375005660187797
2866 0.001907951143410522
3447 0.0009060445366416521
3742 0.0008128063180586093
3851 0.000953975571705261
5089 0.0034110498184154047
5090 0.007959116242969277
5091 0.007631804573642088
5092 0.0034110498184154047