0 0.00010360515709016387
6 0.00009064908770164895
10 0.00005231664548403069
14 0.00026456709550368824
15 0.000055337193439289376
18 0.0003172930263603734
24 0.0002549984919897665
26 0.000009180257170353432
27 0.00001995165315167076
28 0.000014329171044437778
29 0.000016009284857852372
30 0.0003202220832500867
31 0.000049711740395219085
32 0.00021699417009883517
45 0.00000876923174820536
50 0.00009059173042602328
54 0.0004816331788956449
56 0.002405097991788955
59 0.000012924366889422343
60 0.000012924366889422343
82 0.0004991223381462831
91 0.0007039019999193597
92 0.00036481917391093806
93 0.0002302492435057135
95 0.0006161666804201201
96 0.0006409523714499261
97 0.0000602039675312256
100 0.00014427673725646523
103 0.000256234019105384
108 0.0005085159291886202
124 0.00022809939265001406
125 0.00019006896079713502
130 0.00036808616347914477
132 0.00058051309059004
136 0.00029565439233481325
139 0.0001247963410453852
144 0.00020863372840141978
146 0.00036481917391093806
159 0.00014086769495867446
164 0.0006624764288875735
168 0.00009828551542181294
175 0.00028530254609905744
176 0.0004576534865273853
213 0.00036481917391093806
217 0.002462692804683779
223 0.0007578003861922098
234 0.00038363630339787504
241 0.001399044641440155
255 0.0007174118328356807
300 0.00030262299481361246
301 0.0002517773560482004
415 0.0006649717304210047
449 0.0008536133932028559
475 0.0007578003861922098
639 0.0018194129342359118
640 0.0008384895369568529
740 0.0005595864323964277
942 0.0006464403017122036
943 0.004967672473853856
1193 0.001061908533927591
2892 0.0016256126361172186
5093 0.0022740332122769364
5094 0.0010215305713900601