6 0.0001359736315524734
10 0.00006277997458083683
26 0.000018360514340706863
27 0.000026602204202227678
28 0.000004776390348145926
29 0.000010672856571901583
30 0.00008005552081252168
31 0.000011047053421159797
34 0.00005968492932446962
45 0.00001753846349641072
48 0.0004238700903424619
50 0.00004529586521301164
57 0.0005405050727592154
59 0.000006462183444711172
60 0.000038773100668267026
66 0.0018892958508762061
69 0.004240029290034754
72 0.0007394879986854364
75 0.002780913584505793
77 0.001316920490511493
96 0.00007121693016110292
101 0.0005353974937352319
103 0.00008541133970179466
108 0.0002542579645943101
139 0.000623981705226926
140 0.0004011905379293356
148 0.0015794910854978863
158 0.0015061815918528823
159 0.0002817353899173489
168 0.00009828551542181294
169 0.0007990471491152373
203 0.0003136839799123262
234 0.00038363630339787504
251 0.0009200768318900781
276 0.0007394879986854364
299 0.0016049099217695557
417 0.0003600357507382571
524 0.0006220145312703716
599 0.0004991223381462831
716 0.0018194129342359118
776 0.0008309364644307748
799 0.0018914501653136831
806 0.0024415331909722134
842 0.000570339268307386
893 0.0013108970050472915
913 0.0004111404270832213
945 0.0006750724671448359
975 0.005544595315855725
985 0.001465788089936251
1104 0.0006554485025236457
1142 0.00040280813441833274
1640 0.000953975571705261
3036 0.0008128063180586093
3894 0.0015418690745441074
5095 0.0034110498184154047