5 0.0001350647307564619
6 0.0000679868157762367
8 0.000920996974022854
10 0.0000837066327744491
14 0.0005291341910073765
15 0.0002213487737571575
20 0.00014256349717722765
23 0.0001917778078759736
24 0.0002549984919897665
25 0.00004914275771090647
26 0.000009180257170353432
27 0.00001995165315167076
28 0.000014329171044437778
29 0.000016009284857852372
31 0.000022094106842319594
32 0.0001446627800658901
34 0.00023873971729787848
41 0.00018725926302105958
43 0.0002495926820907704
44 0.00030172602991334203
45 0.000005846154498803574
47 0.0005417782868301434
49 0.0002231883932943071
52 0.00023612160922741876
59 0.000006462183444711172
60 0.000012924366889422343
69 0.002312743249109866
74 0.0001314382268441069
77 0.0008779469936743287
78 0.0005309542669637955
95 0.0006161666804201201
96 0.0005697354412888233
97 0.00018061190259367678
98 0.0005977793231091805
103 0.000256234019105384
124 0.00022809939265001406
132 0.00019350436353001335
140 0.0008023810758586712
163 0.00029998219746697925
168 0.00004914275771090647
169 0.0002663490497050791
201 0.0003782900330627366
203 0.0003136839799123262
219 0.0007232300299518704
223 0.0002526001287307366
232 0.0005182941691667408
241 0.00093269642762677
259 0.0006815228846822916
276 0.0007394879986854364
354 0.0004955391650005044
434 0.00032731777168967243
497 0.00044672424919219483
527 0.0006007160688395344
547 0.0006554485025236457
572 0.0005224082332437771
618 0.0004885960299787504
655 0.0008688663374890013
734 0.0010055685372451738
776 0.0008309364644307748
820 0.001259530567250804
921 0.0005759876441280593
1181 0.002106505847326518
1356 0.0005648761188866944
1419 0.0007375005660187797
1451 0.0006146083728946911
1634 0.0007230035022084448
1801 0.0007375005660187797
1994 0.0006075174674600367
3894 0.003083738149088215
3910 0.0025154686108705584
3960 0.0008384895369568529
4147 0.0008128063180586093
5096 0.0034110498184154047
5097 0.0011370166061384682
5098 0.0011370166061384682
5099 0.0011370166061384682
5100 0.0011370166061384682
5101 0.0011370166061384682
5102 0.0011370166061384682
5103 0.0011370166061384682