0 0.0003108154712704916
5 0.0004051941922693857
6 0.00015863590347788565
8 0.000920996974022854
10 0.00019880325283931662
13 0.0028124831751056745
14 0.00026456709550368824
15 0.00016601158031786812
18 0.0003172930263603734
20 0.00014256349717722765
24 0.00012749924599488326
25 0.00009828551542181294
26 0.000018360514340706863
27 0.000013301102101113839
28 0.000014329171044437778
29 0.00002668214142975396
31 0.00005523526710579899
34 0.00011936985864893924
45 0.000011692308997607148
47 0.0008126674302452151
48 0.00014129003011415398
50 0.00009059173042602328
59 0.000019386550334133513
60 0.000038773100668267026
73 0.0004885960299787504
74 0.0001314382268441069
80 0.0003393671988105698
81 0.00033390404938987825
93 0.0002302492435057135
97 0.0001204079350624512
103 0.00017082267940358932
124 0.00022809939265001406
133 0.00032475447298266157
138 0.0005999643949339585
143 0.0002681502686494669
144 0.0006259011852042593
159 0.0002817353899173489
168 0.00004914275771090647
169 0.0010653961988203165
180 0.0002526001287307366
211 0.0005446560494091424
215 0.0005446560494091424
219 0.0003616150149759352
228 0.0011370166061384682
229 0.000953975571705261
230 0.0011370166061384682
231 0.000685825303055794
232 0.0005182941691667408
233 0.00038915983010845493
234 0.00038363630339787504
235 0.000489099431979698
236 0.0011370166061384682
237 0.0011370166061384682
238 0.0011370166061384682
239 0.000685825303055794
240 0.0005065284965219635
241 0.000466348213813385
242 0.0015418690745441074
243 0.0007709345372720537
244 0.0011370166061384682
245 0.0012292167457893823
246 0.005399624677752376
247 0.0018892699802523102
248 0.0021690105066253344
249 0.0012757885359843703
250 0.001175787005677693
251 0.0006133845545933855
252 0.000635495210823793
253 0.0010215305713900601
254 0.0008128063180586093
255 0.00047827455522378713
256 0.0005266264618316295
257 0.0014750011320375594
258 0.0011370166061384682
259 0.0003407614423411458
260 0.0022740332122769364
261 0.0022740332122769364
262 0.0006929162084904484
263 0.0047433510113594635
264 0.000570339268307386
265 0.00024220853747341272
266 0.0006021638897794608
267 0.0005494856956725966
268 0.0015418690745441074
269 0.0014460070044168896
270 0.0016769790739137058
271 0.0008830344552307394
272 0.0018120890732833041
273 0.0003697439993427182
274 0.000629765283625402
275 0.0006649717304210047
276 0.0003697439993427182
277 0.0010989713913451932
278 0.0004991223381462831
279 0.0006464403017122036
280 0.000953975571705261