0 0.00010360515709016387
5 0.0002701294615129238
6 0.0002492849911795346
10 0.00003138998729041841
14 0.0005291341910073765
15 0.0002213487737571575
24 0.00012749924599488326
25 0.00009828551542181294
26 0.000009180257170353432
27 0.0000332527552527846
28 0.00002388195174072963
29 0.00002668214142975396
30 0.00008005552081252168
31 0.00003314116026347939
32 0.0001446627800658901
34 0.00011936985864893924
36 0.00052318627798422
41 0.00018725926302105958
43 0.0001247963410453852
44 0.00015086301495667102
45 0.000005846154498803574
47 0.0005417782868301434
48 0.00014129003011415398
49 0.0002231883932943071
50 0.0001358875956390349
54 0.00032108878593043
57 0.00018016835758640515
59 0.000012924366889422343
60 0.000012924366889422343
74 0.0003943146805323207
92 0.0014592766956437523
95 0.0006161666804201201
96 0.0006409523714499261
97 0.0000602039675312256
100 0.00014427673725646523
103 0.000256234019105384
121 0.0002131283281512035
124 0.0009123975706000563
125 0.00019006896079713502
139 0.0001247963410453852
140 0.0002005952689646678
153 0.00022952953988283507
168 0.00004914275771090647
175 0.00028530254609905744
177 0.00044410039764801966
195 0.00021509233277500263
200 0.0002833071793801778
203 0.0006273679598246524
217 0.0011194058203108088
223 0.0007578003861922098
251 0.0027602304956702343
254 0.0008128063180586093
257 0.0014750011320375594
259 0.0006815228846822916
265 0.0012110426873670635
266 0.0003010819448897304
276 0.0007394879986854364
300 0.00030262299481361246
301 0.0005035547120964008
302 0.0030690904271830004
320 0.001907951143410522
324 0.0006554485025236457
344 0.0008688663374890013
372 0.0003553858360236491
417 0.0003600357507382571
430 0.00033256580019006747
451 0.0006007160688395344
481 0.0004339996609241885
482 0.009667395226039986
508 0.0008688663374890013
519 0.0004221783120451008
529 0.00044939008413828627
575 0.00047869542676802046
576 0.0005759876441280593
585 0.0003987932141285859
611 0.0005309542669637955
714 0.0005027842686225869
775 0.0007296383478218761
799 0.0007565800661254732
839 0.0004755217854866652
865 0.002712595607333997
878 0.0006378942679921852
947 0.0010215305713900601
1036 0.0004339996609241885
1038 0.0005103588061228796
1039 0.0007533803027405932
1066 0.0028915841759267844
1189 0.001907951143410522
1196 0.0015418690745441074
1197 0.0022740332122769364
1198 0.0011370166061384682
1199 0.0011370166061384682
1200 0.0005648761188866944
1201 0.000953975571705261