0 0.00010360515709016387
6 0.0001359736315524734
10 0.00007324330367764296
14 0.00026456709550368824
15 0.000055337193439289376
23 0.0003835556157519472
24 0.0002549984919897665
26 0.000009180257170353432
27 0.000026602204202227678
28 0.000014329171044437778
29 0.000021345713143803165
31 0.000011047053421159797
32 0.0001446627800658901
34 0.00011936985864893924
41 0.00018725926302105958
43 0.0001247963410453852
44 0.00015086301495667102
45 0.000005846154498803574
48 0.00014129003011415398
50 0.00009059173042602328
52 0.00188897287381935
53 0.0005828723274939218
54 0.00064217757186086
57 0.0003603367151728103
59 0.000012924366889422343
60 0.000012924366889422343
64 0.0005941814615164285
71 0.00033256580019006747
73 0.0004885960299787504
74 0.0001314382268441069
95 0.0006846296449112446
96 0.0006409523714499261
97 0.0000602039675312256
98 0.0008966689846637708
103 0.000256234019105384
119 0.0001544851386881615
132 0.00116102618118008
134 0.0008096646950070818
138 0.00029998219746697925
139 0.00037438902313615557
143 0.0008044508059484006
159 0.0002817353899173489
161 0.00032348746208875627
168 0.00014742827313271942
169 0.0002663490497050791
185 0.0007016854402386539
203 0.0006273679598246524
233 0.00038915983010845493
235 0.000244549715989849
273 0.0003697439993427182
300 0.00030262299481361246
301 0.0005035547120964008
307 0.0003818350844534872
380 0.0009510435709733304
381 0.0007709345372720537
430 0.0006651316003801349
447 0.0006464403017122036
454 0.00038363630339787504
519 0.0012665349361353025
530 0.0002736737953600468
680 0.0005309542669637955
701 0.002281357073229544
786 0.0017110178049221578
801 0.0009060445366416521
825 0.0008384895369568529
953 0.001371650606111588
1099 0.0018438251186840733
1177 0.0006220145312703716
1441 0.0014750011320375594
1476 0.0012292167457893823
1482 0.0007709345372720537
1509 0.006342311756491564
1582 0.00044672424919219483
2141 0.0006973202833102012
2247 0.0008128063180586093
2435 0.000953975571705261
2938 0.0008688663374890013
3976 0.0018120890732833041
4254 0.0010215305713900601
4554 0.0010215305713900601
4604 0.0010215305713900601
5028 0.0009060445366416521
5110 0.0011370166061384682
5111 0.0011370166061384682
5112 0.0011370166061384682
5113 0.0011370166061384682
5114 0.0022740332122769364
5115 0.0011370166061384682
5116 0.0011370166061384682
5117 0.0056850830306923415
5118 0.0011370166061384682
5119 0.0011370166061384682
5120 0.0011370166061384682
5121 0.0011370166061384682
5122 0.0011370166061384682
5123 0.0011370166061384682
5124 0.0011370166061384682
5125 0.0011370166061384682
5126 0.0010215305713900601
5127 0.0011370166061384682
5128 0.0011370166061384682
5129 0.0011370166061384682
5130 0.0011370166061384682