0 0.00010360515709016387
6 0.00011331135962706119
10 0.000010463329096806138
15 0.00011067438687857875
18 0.0003172930263603734
20 0.0002851269943544553
23 0.0003835556157519472
26 0.000013770385755530148
27 0.00001995165315167076
28 0.000019105561392583703
29 0.000021345713143803165
30 0.00008005552081252168
31 0.0000055235267105798985
32 0.0001446627800658901
41 0.00018725926302105958
42 0.00029780424319051263
43 0.0001247963410453852
44 0.00015086301495667102
45 0.00000876923174820536
47 0.0002708891434150717
48 0.00014129003011415398
50 0.00004529586521301164
52 0.0030695809199564436
54 0.000160544392965215
56 0.00034358542739842214
59 0.000006462183444711172
72 0.0003697439993427182
95 0.0005477037159289957
96 0.0004985185111277203
97 0.0001204079350624512
98 0.0005977793231091805
103 0.000256234019105384
121 0.0002131283281512035
129 0.0004724074680904385
133 0.0006495089459653231
136 0.00029565439233481325
139 0.0002495926820907704
140 0.0002005952689646678
159 0.00014086769495867446
161 0.0006469749241775125
162 0.0003800531302520963
163 0.00029998219746697925
168 0.00004914275771090647
169 0.0002663490497050791
170 0.00043897349683716435
185 0.00023389514674621796
231 0.000685825303055794
240 0.0005065284965219635
265 0.00024220853747341272
297 0.0008987801682765725
298 0.0009982446762925661
299 0.0012839279374156445
300 0.0009078689844408373
301 0.001510664136289202
307 0.0003818350844534872
308 0.0005309542669637955
309 0.0015798793854948881
311 0.00033798452589909114
344 0.0008688663374890013
345 0.0006649717304210047
372 0.0003553858360236491
380 0.0004755217854866652
399 0.0008384895369568529
416 0.0003493811814946261
446 0.0004176750344063272
447 0.0006464403017122036
496 0.0010481435444838782
519 0.0008443566240902016
530 0.0005473475907200936
585 0.0003987932141285859
601 0.0004176750344063272
610 0.0005759876441280593
671 0.0003910424617735554
686 0.001140678536614772
687 0.0005065284965219635
697 0.0005878935028388465
726 0.0006554485025236457
776 0.0004154682322153874
786 0.000570339268307386
855 0.0006649717304210047
870 0.0006075174674600367
881 0.001259530567250804
924 0.0006378942679921852
1132 0.00044410039764801966
1209 0.0008384895369568529
1456 0.0007709345372720537
1576 0.0007533803027405932
1620 0.000953975571705261
1753 0.0008688663374890013
1917 0.004344331687445007
2439 0.0009060445366416521
3490 0.0009060445366416521
4422 0.000953975571705261
4474 0.0010215305713900601
5028 0.0009060445366416521
5105 0.0010215305713900601
5131 0.0034110498184154047
5132 0.0011370166061384682
5133 0.0011370166061384682
5134 0.0011370166061384682
5135 0.0010215305713900601
5136 0.0011370166061384682
5137 0.0010215305713900601
5138 0.0011370166061384682
5139 0.0011370166061384682
5140 0.0011370166061384682
5141 0.0011370166061384682
5142 0.0011370166061384682
5143 0.0011370166061384682