6 0.00009064908770164895
10 0.000010463329096806138
14 0.0005291341910073765
15 0.00011067438687857875
18 0.0003172930263603734
23 0.0003835556157519472
25 0.00004914275771090647
26 0.000009180257170353432
27 0.000026602204202227678
28 0.00003343473243702148
29 0.000037354998001655535
30 0.00016011104162504336
31 0.00005523526710579899
32 0.0001446627800658901
34 0.00005968492932446962
41 0.00018725926302105958
45 0.000014615386247008935
46 0.0006546355433793449
47 0.0002708891434150717
48 0.00014129003011415398
49 0.0004463767865886142
50 0.0001358875956390349
54 0.000160544392965215
59 0.000012924366889422343
60 0.000006462183444711172
95 0.0005477037159289957
96 0.000783386231772132
97 0.0000602039675312256
101 0.0005353974937352319
102 0.0003910424617735554
103 0.000256234019105384
111 0.0004724074680904385
125 0.000570206882391405
130 0.00036808616347914477
144 0.00041726745680283956
149 0.0006146083728946911
153 0.00022952953988283507
159 0.00014086769495867446
161 0.00032348746208875627
168 0.00009828551542181294
175 0.00028530254609905744
195 0.00021509233277500263
213 0.00036481917391093806
217 0.0038059797890567493
223 0.0015156007723844196
234 0.00038363630339787504
235 0.000244549715989849
240 0.0005065284965219635
251 0.0015334613864834636
252 0.00021183173694126436
259 0.0003407614423411458
262 0.0003464581042452242
299 0.0003209819843539111
300 0.001361803476661256
301 0.00679798861330141
328 0.0006520623857339232
348 0.0008688663374890013
370 0.0004221783120451008
376 0.0008688663374890013
429 0.0019020871419466608
454 0.00038363630339787504
462 0.0005941814615164285
519 0.0016887132481804032
554 0.0003600357507382571
610 0.0005759876441280593
639 0.0022742661677948896
644 0.0010799249355504753
663 0.0006973202833102012
743 0.0003800531302520963
842 0.000570339268307386
950 0.0005353974937352319
1036 0.0004339996609241885
1086 0.0005446560494091424
1192 0.0022595044755467776
1193 0.0005309542669637955
1209 0.0008384895369568529
1329 0.0008128063180586093
1576 0.0007533803027405932
1597 0.0006554485025236457
2381 0.009557529712379014
2615 0.0017377326749780026
3055 0.0010215305713900601
3072 0.0010215305713900601
3449 0.0018120890732833041
3894 0.003083738149088215
5091 0.000953975571705261
5144 0.0011370166061384682
5145 0.0011370166061384682