0 0.00020721031418032774
5 0.0001350647307564619
6 0.00009064908770164895
10 0.00003138998729041841
15 0.0002766859671964469
17 0.00024376566216822076
25 0.00004914275771090647
26 0.000013770385755530148
27 0.000013301102101113839
28 0.000014329171044437778
29 0.000010672856571901583
31 0.000011047053421159797
34 0.00005968492932446962
45 0.00000876923174820536
50 0.00004529586521301164
52 0.0016528512645919312
54 0.000160544392965215
55 0.0004520992678889995
59 0.000012924366889422343
60 0.000012924366889422343
76 0.00023762262054737309
90 0.0003600357507382571
91 0.00023463399997311992
97 0.0001204079350624512
98 0.0008966689846637708
132 0.00058051309059004
136 0.00029565439233481325
176 0.0004576534865273853
185 0.00023389514674621796
195 0.00043018466555000526
200 0.0002833071793801778
226 0.0005182941691667408
251 0.0003066922772966927
255 0.0011956863880594679
265 0.00024220853747341272
274 0.000629765283625402
297 0.00044939008413828627
298 0.0004991223381462831
299 0.0003209819843539111
300 0.00045393449222041863
301 0.000755332068144601
309 0.001053252923663259
447 0.0006464403017122036
464 0.0005648761188866944
619 0.0005446560494091424
743 0.0003800531302520963
797 0.0009510435709733304
833 0.0015195854895658904
1049 0.000629765283625402
1124 0.0007230035022084448
3807 0.000953975571705261
5146 0.0011370166061384682
5147 0.0034110498184154047
5148 0.0011370166061384682
5149 0.0011370166061384682
5150 0.0011370166061384682
5151 0.0011370166061384682
5152 0.0022740332122769364
5153 0.0011370166061384682
5154 0.0011370166061384682