0 0.00020721031418032774
1 0.0005494856956725966
5 0.0005402589230258477
7 0.0014154570504836188
10 0.000020926658193612276
11 0.011102509941200493
14 0.00026456709550368824
15 0.00033202316063573624
24 0.0002549984919897665
25 0.00009828551542181294
26 0.000013770385755530148
27 0.000013301102101113839
28 0.000009552780696291852
29 0.000016009284857852372
31 0.0000055235267105798985
34 0.00011936985864893924
36 0.00017439542599474
37 0.0003987932141285859
41 0.00018725926302105958
45 0.00000876923174820536
47 0.0005417782868301434
48 0.0004238700903424619
50 0.00018118346085204656
56 0.00034358542739842214
57 0.0009008417879320257
58 0.0011191728647928555
59 0.000006462183444711172
60 0.000012924366889422343
74 0.0005257529073764276
80 0.0010181015964317096
90 0.0003600357507382571
91 0.0007039019999193597
100 0.00014427673725646523
108 0.0002542579645943101
116 0.0010707949874704638
119 0.0001544851386881615
125 0.0007602758431885401
130 0.0007361723269582895
159 0.0002817353899173489
165 0.00046935029736931276
168 0.00009828551542181294
169 0.0002663490497050791
171 0.0016707001376253087
172 0.00023913727761189357
175 0.00028530254609905744
176 0.0004576534865273853
177 0.00044410039764801966
186 0.0020346109924768447
210 0.0005494856956725966
211 0.0010893120988182848
233 0.00038915983010845493
235 0.000244549715989849
250 0.0029394675141942326
252 0.0004236634738825287
265 0.00024220853747341272
300 0.00030262299481361246
302 0.0007672726067957501
304 0.0014215433440945965
306 0.006024726367411529
314 0.0006464403017122036
325 0.0008779469936743287
328 0.0003260311928669616
331 0.0006273679598246524
343 0.0013019989827725655
382 0.0008128063180586093
385 0.0005182941691667408
398 0.0003632093920196124
475 0.0002526001287307366
493 0.002303950576512237
514 0.0010215305713900601
515 0.0008779469936743287
563 0.0007709345372720537
577 0.0038786418102732213
589 0.002291010506720923
602 0.003964313320004035
635 0.0005182941691667408
639 0.0018194129342359118
654 0.00038729823387417876
681 0.0028516963415369297
698 0.000953975571705261
699 0.004086122285560241
707 0.002212501698056339
737 0.0008688663374890013
752 0.004654802112947032
774 0.0005941814615164285
897 0.0005494856956725966
898 0.0015083528058677605
899 0.0006973202833102012
903 0.0005818342485617932
906 0.001140678536614772
913 0.0004111404270832213
1064 0.0008128063180586093
1065 0.0004415172276153697
1139 0.004192447684784265
1200 0.0022595044755467776
1238 0.000790558501893244
1264 0.002430069869840147
1266 0.000629765283625402
1391 0.01998392576224703
1412 0.002824380594433472
1497 0.0028920140088337792
1922 0.0006464403017122036
2294 0.000953975571705261
2732 0.000953975571705261
2734 0.000953975571705261
2909 0.0008688663374890013
3229 0.0018120890732833041
3848 0.0008688663374890013
4351 0.000953975571705261
5155 0.022473672570581322
5156 0.0022740332122769364
5157 0.0011370166061384682
5158 0.0011370166061384682
5159 0.0011370166061384682
5160 0.0011370166061384682
5161 0.0011370166061384682
5162 0.0011370166061384682