0 0.00010360515709016387
5 0.0004051941922693857
10 0.000020926658193612276
15 0.0003873603540750256
17 0.0004875313243364415
25 0.00009828551542181294
26 0.000009180257170353432
27 0.00001995165315167076
28 0.00002388195174072963
29 0.000021345713143803165
31 0.000022094106842319594
45 0.000005846154498803574
48 0.00014129003011415398
49 0.0002231883932943071
50 0.00004529586521301164
52 0.0011806080461370938
53 0.0011657446549878435
55 0.0013562978036669984
57 0.0003603367151728103
59 0.000012924366889422343
60 0.000012924366889422343
93 0.0002302492435057135
97 0.0002408158701249024
98 0.0014944483077729512
100 0.00014427673725646523
108 0.0005085159291886202
119 0.0007724256934408075
139 0.00037438902313615557
142 0.000904198535777999
143 0.0002681502686494669
144 0.0020863372840141978
154 0.0007533803027405932
171 0.0012530251032189816
195 0.0006452769983250079
203 0.0009410519397369785
247 0.0003148783300420517
266 0.0012043277795589216
302 0.0015345452135915002
303 0.0008180359272162828
304 0.0014215433440945965
306 0.001882726989816103
331 0.0012547359196493047
392 0.00047869542676802046
497 0.00044672424919219483
654 0.0007745964677483575
701 0.000570339268307386
775 0.00036481917391093806
793 0.0011519752882561186
799 0.0022697401983764196
806 0.006103832977430534
865 0.000904198535777999
985 0.001465788089936251
986 0.003989830382526028
1104 0.0006554485025236457
1161 0.010639547686736075
1248 0.0005353974937352319
1571 0.0006378942679921852
1599 0.0024880581250814864
1687 0.000685825303055794
2203 0.0009060445366416521
2204 0.003013521210962373
2207 0.0016256126361172186
2570 0.0005595864323964277
2740 0.0009060445366416521
3321 0.001907951143410522
3448 0.0008128063180586093
3514 0.00306459171417018
3748 0.0009060445366416521
4382 0.000953975571705261
4383 0.004086122285560241
4588 0.0017377326749780026
5163 0.0010215305713900601