0 0.00010360515709016387
5 0.0005402589230258477
10 0.00003138998729041841
17 0.0004875313243364415
18 0.0006345860527207468
26 0.000009180257170353432
27 0.000013301102101113839
28 0.000009552780696291852
29 0.000010672856571901583
30 0.00016011104162504336
31 0.000011047053421159797
32 0.0001446627800658901
34 0.00005968492932446962
43 0.0001247963410453852
44 0.00015086301495667102
45 0.00000876923174820536
52 0.0023612160922741876
53 0.0014571808187348043
54 0.000160544392965215
59 0.000012924366889422343
60 0.000012924366889422343
74 0.0001314382268441069
77 0.00043897349683716435
87 0.00036808616347914477
90 0.0003600357507382571
94 0.0004885960299787504
95 0.00027385185796449787
96 0.00028486772064441167
98 0.0020922276308821316
103 0.00017082267940358932
140 0.0002005952689646678
142 0.0004520992678889995
164 0.00033123821444378676
218 0.0024880581250814864
309 0.001053252923663259
447 0.0006464403017122036
775 0.00036481917391093806
870 0.0006075174674600367
5164 0.0022740332122769364