0 0.00010360515709016387
5 0.0001350647307564619
6 0.00011331135962706119
10 0.00004185331638722455
17 0.00024376566216822076
18 0.0003172930263603734
20 0.00014256349717722765
26 0.000009180257170353432
27 0.00001995165315167076
28 0.000014329171044437778
29 0.000016009284857852372
30 0.00024016656243756505
31 0.000027617633552899494
32 0.0001446627800658901
43 0.0001247963410453852
44 0.00015086301495667102
45 0.00000876923174820536
50 0.00004529586521301164
57 0.00018016835758640515
59 0.000019386550334133513
60 0.000012924366889422343
74 0.0001314382268441069
95 0.0003423148224556223
96 0.00035608465080551457
97 0.0001204079350624512
100 0.00014427673725646523
103 0.00008541133970179466
125 0.00019006896079713502
138 0.0005999643949339585
153 0.00022952953988283507
168 0.00004914275771090647
217 0.0013432869843729705
223 0.0007578003861922098
247 0.0009446349901261551
252 0.00021183173694126436
262 0.0003464581042452242
300 0.00045393449222041863
449 0.0012804200898042838
459 0.000570339268307386
483 0.0003800531302520963
555 0.00034358542739842214
573 0.0004885960299787504
654 0.0007745964677483575
780 0.0014193349925296732
839 0.0009510435709733304
1562 0.0006220145312703716
1563 0.0006075174674600367
1836 0.0013501449342896718
2921 0.0010215305713900601
2922 0.000790558501893244