5 0.0001350647307564619
6 0.00011331135962706119
8 0.0002302492435057135
10 0.000020926658193612276
15 0.000055337193439289376
20 0.00014256349717722765
22 0.0005595864323964277
25 0.00004914275771090647
26 0.000009180257170353432
27 0.00001995165315167076
28 0.00002388195174072963
29 0.000021345713143803165
30 0.00016011104162504336
31 0.000016570580131739694
32 0.00021699417009883517
36 0.00034879085198948
43 0.0001247963410453852
44 0.00015086301495667102
45 0.000005846154498803574
48 0.00014129003011415398
50 0.00004529586521301164
52 0.0007083648276822562
53 0.0014571808187348043
54 0.0004816331788956449
55 0.000904198535777999
57 0.00018016835758640515
59 0.000012924366889422343
60 0.000006462183444711172
74 0.0001314382268441069
95 0.0007530926094023691
96 0.000783386231772132
97 0.0004816317402498048
98 0.0014944483077729512
100 0.00028855347451293045
103 0.00008541133970179466
108 0.0005085159291886202
110 0.0003600357507382571
114 0.0065359960766807135
121 0.0010656416407560177
122 0.00030783737547859243
134 0.00020241617375177045
138 0.00029998219746697925
144 0.0010431686420070989
151 0.0006787343976211396
159 0.00014086769495867446
164 0.0006624764288875735
168 0.00004914275771090647
169 0.0002663490497050791
170 0.0017558939873486574
175 0.00028530254609905744
177 0.00044410039764801966
185 0.0016372660272235256
213 0.00036481917391093806
216 0.0006075174674600367
251 0.0003066922772966927
297 0.0008987801682765725
299 0.0016049099217695557
308 0.0005309542669637955
328 0.0006520623857339232
360 0.0005309542669637955
372 0.0003553858360236491
430 0.0009976974005702023
446 0.0004176750344063272
530 0.0002736737953600468
700 0.0003910424617735554
711 0.0006750724671448359
820 0.004408356985377814
959 0.0006075174674600367
1046 0.0015418690745441074
1049 0.000629765283625402
1065 0.005739723958999805
1066 0.00048193069598779744
1173 0.0017377326749780026
1189 0.003815902286821044
1202 0.0011370166061384682
1203 0.0010215305713900601
1204 0.0022740332122769364
1205 0.007546405832611676
1206 0.001907951143410522
1207 0.0007709345372720537
1208 0.001994915191263014
1209 0.0025154686108705584
1210 0.0010215305713900601
1211 0.0018120890732833041
1212 0.0008688663374890013
1213 0.0011370166061384682
1214 0.0009060445366416521
1215 0.0010215305713900601
1216 0.0010215305713900601
1217 0.0011370166061384682
1218 0.0011370166061384682
1219 0.0011370166061384682
1220 0.0011370166061384682
1221 0.0011370166061384682
1222 0.0011370166061384682
1223 0.0011370166061384682
1224 0.0011370166061384682
1225 0.0011370166061384682
1226 0.0011370166061384682
1227 0.0011370166061384682
1228 0.0011370166061384682
1229 0.0011370166061384682
1230 0.0011370166061384682
1231 0.0011370166061384682