0 0.00010360515709016387
1 0.0005494856956725966
6 0.0002492849911795346
9 0.0014094258372080986
10 0.00006277997458083683
15 0.000055337193439289376
17 0.00024376566216822076
20 0.0002851269943544553
21 0.0012440290625407432
24 0.000509996983979533
25 0.00014742827313271942
26 0.000018360514340706863
27 0.0000332527552527846
28 0.00004776390348145926
29 0.000037354998001655535
30 0.00016011104162504336
31 0.00004418821368463919
34 0.00023873971729787848
36 0.00052318627798422
37 0.0015951728565143436
38 0.0018306139461095412
45 0.00003507692699282144
49 0.0002231883932943071
50 0.00004529586521301164
59 0.000012924366889422343
60 0.000025848733778844687
73 0.0004885960299787504
74 0.0001314382268441069
76 0.00023762262054737309
91 0.00023463399997311992
92 0.00036481917391093806
97 0.00018061190259367678
103 0.000256234019105384
109 0.0003818350844534872
110 0.0003600357507382571
111 0.000944814936180877
122 0.00030783737547859243
124 0.00022809939265001406
129 0.0004724074680904385
134 0.0004048323475035409
136 0.0005913087846696265
138 0.0008999465924009378
139 0.0002495926820907704
140 0.0002005952689646678
143 0.0005363005372989338
144 0.0012518023704085185
151 0.0003393671988105698
158 0.0011296361938896618
159 0.0008452061697520468
163 0.00029998219746697925
168 0.00004914275771090647
180 0.0007578003861922098
195 0.00043018466555000526
196 0.0005309542669637955
200 0.0005666143587603556
203 0.0003136839799123262
222 0.0014992753692367232
235 0.000244549715989849
239 0.000685825303055794
243 0.0015418690745441074
252 0.00021183173694126436
265 0.0007266256124202381
266 0.0003010819448897304
273 0.0003697439993427182
278 0.0004991223381462831
291 0.000685825303055794
293 0.0005065284965219635
294 0.0009060445366416521
300 0.002874918450729318
301 0.004783769764915806
305 0.0005648761188866944
306 0.005648180969448309
307 0.0007636701689069744
325 0.0008779469936743287
328 0.0003260311928669616
342 0.0004885960299787504
343 0.005207995931090262
352 0.001028558497753988
356 0.001053252923663259
361 0.0004605016093796513
372 0.0003553858360236491
394 0.0017377326749780026
429 0.0009510435709733304
434 0.0006546355433793449
435 0.0013323011929440589
442 0.00036481917391093806
443 0.000685825303055794
452 0.0005399624677752377
454 0.00038363630339787504
456 0.00040485246840563934
470 0.0008934484983843897
475 0.0002526001287307366
497 0.00044672424919219483
524 0.0012440290625407432
525 0.0006220145312703716
568 0.0011191728647928555
573 0.0009771920599575008
577 0.0019393209051366106
589 0.0011455052533604615
623 0.0009210032187593025
635 0.0015548825075002222
671 0.0003910424617735554
702 0.00856635989976371
775 0.0007296383478218761
799 0.0011348700991882098
806 0.0016276887939814758
816 0.0004852300340911263
848 0.0005446560494091424
867 0.0025139213431129345
893 0.0006554485025236457
897 0.0005494856956725966
898 0.0015083528058677605
900 0.0005266264618316295
901 0.0005759876441280593
902 0.0005544595315855724
903 0.0005818342485617932
904 0.0006007160688395344
905 0.0005878935028388465
906 0.000570339268307386
907 0.0005878935028388465
908 0.0005818342485617932
909 0.0005941814615164285
910 0.000570339268307386
911 0.0005759876441280593
912 0.0009573908535360409
913 0.0008222808541664426
1044 0.0005648761188866944
1060 0.0005544595315855724
1065 0.0008830344552307394
1066 0.0009638613919755949
1067 0.0016633785947567173
1068 0.0005103588061228796
1069 0.0003968214617715378
1175 0.000953975571705261
1266 0.000629765283625402
1360 0.0005941814615164285
1397 0.0006750724671448359
1435 0.0007709345372720537
1438 0.01012608700717254
1477 0.0005494856956725966
1572 0.0016769790739137058
1648 0.0006075174674600367
1925 0.004976116250162973
1945 0.0007533803027405932
2301 0.0008688663374890013
2348 0.0018120890732833041
2771 0.0007709345372720537
2879 0.001907951143410522
4730 0.0008384895369568529
4795 0.002861926715115783
5166 0.013644199273661619
5167 0.0056850830306923415
5168 0.0011370166061384682
5169 0.0010215305713900601
5170 0.0022740332122769364
5171 0.000953975571705261