6 0.00009064908770164895
10 0.000010463329096806138
15 0.00011067438687857875
20 0.00014256349717722765
25 0.00004914275771090647
26 0.000027540771511060296
27 0.000013301102101113839
28 0.000009552780696291852
29 0.000010672856571901583
31 0.000011047053421159797
34 0.00005968492932446962
36 0.00034879085198948
45 0.00001753846349641072
48 0.00014129003011415398
50 0.00004529586521301164
59 0.000019386550334133513
60 0.00006462183444711171
71 0.00033256580019006747
75 0.00030899039827842145
81 0.00033390404938987825
91 0.00046926799994623984
92 0.0007296383478218761
104 0.0013946405666204024
107 0.0005595864323964277
109 0.0015273403378139488
117 0.0019272860409248883
119 0.000308970277376323
139 0.0001247963410453852
143 0.0005363005372989338
162 0.0003800531302520963
163 0.00029998219746697925
167 0.0006370272523515608
168 0.00009828551542181294
188 0.0005182941691667408
195 0.00021509233277500263
200 0.0002833071793801778
202 0.00030783737547859243
252 0.000635495210823793
262 0.0006929162084904484
265 0.00048441707494682545
271 0.0004415172276153697
281 0.0006378942679921852
370 0.0008443566240902016
384 0.00047869542676802046
393 0.0009638613919755949
413 0.0005941814615164285
608 0.000953975571705261
742 0.00040692219849536895
744 0.0005544595315855724
778 0.0008128063180586093
795 0.0005353974937352319
839 0.0004755217854866652
881 0.0018892958508762061
985 0.0004885960299787504
1142 0.00040280813441833274
1305 0.0006973202833102012
1491 0.0006649717304210047
1699 0.0009060445366416521
1734 0.0012757885359843703
1860 0.0047433510113594635
2189 0.0012292167457893823
2655 0.0008688663374890013
2704 0.0010215305713900601
2711 0.0010215305713900601
2771 0.0007709345372720537
3801 0.0018120890732833041
3838 0.0010215305713900601
4103 0.000953975571705261
4912 0.01430142799946084
5172 0.006822099636830809
5173 0.011236836285290661
5174 0.0011370166061384682
5175 0.0011370166061384682