5 0.0002701294615129238
6 0.0000679868157762367
8 0.001381495461034281
10 0.000020926658193612276
14 0.00026456709550368824
15 0.00016601158031786812
20 0.00014256349717722765
24 0.0002549984919897665
25 0.00004914275771090647
26 0.000013770385755530148
27 0.000026602204202227678
28 0.000019105561392583703
29 0.000016009284857852372
31 0.000022094106842319594
34 0.00005968492932446962
36 0.00017439542599474
45 0.00000876923174820536
50 0.00009059173042602328
57 0.0003603367151728103
59 0.000032310917223555856
60 0.000025848733778844687
66 0.002519061134501608
67 0.0017469059074731303
68 0.004833697613019993
69 0.004625486498219732
72 0.0007394879986854364
77 0.001316920490511493
80 0.0006787343976211396
89 0.00033798452589909114
91 0.0007039019999193597
92 0.00036481917391093806
98 0.0005977793231091805
102 0.0003910424617735554
103 0.00008541133970179466
109 0.0003818350844534872
111 0.0004724074680904385
119 0.0001544851386881615
121 0.0002131283281512035
125 0.0007602758431885401
129 0.0004724074680904385
132 0.0003870087270600267
139 0.0002495926820907704
140 0.0002005952689646678
157 0.001371650606111588
159 0.0008452061697520468
168 0.00014742827313271942
175 0.00028530254609905744
195 0.00021509233277500263
200 0.0002833071793801778
201 0.0003782900330627366
216 0.0006075174674600367
233 0.0023349589806507293
235 0.000978198863959396
241 0.001399044641440155
255 0.0009565491104475743
266 0.0003010819448897304
278 0.0004991223381462831
307 0.0003818350844534872
361 0.0004605016093796513
368 0.0016484570870177898
369 0.0011089190631711448
416 0.0003493811814946261
429 0.0004755217854866652
440 0.0023169963363949817
451 0.0006007160688395344
458 0.0026728455911744103
462 0.0005941814615164285
475 0.0007578003861922098
530 0.0002736737953600468
544 0.0005353974937352319
575 0.0009573908535360409
585 0.0003987932141285859
590 0.0005103588061228796
602 0.0019821566600020176
613 0.0004176750344063272
618 0.0004885960299787504
670 0.0005941814615164285
743 0.0003800531302520963
912 0.00047869542676802046
1069 0.0003968214617715378
1072 0.0005544595315855724
1099 0.0006146083728946911
1255 0.00616747629817643
1438 0.0013501449342896718
1441 0.012537509622319254
1451 0.0006146083728946911
1578 0.0008128063180586093
1681 0.0008384895369568529
3293 0.0008128063180586093
3567 0.0008128063180586093
3733 0.003815902286821044
4417 0.0017377326749780026
4473 0.01907951143410522
4575 0.006502450544468874
5176 0.0017377326749780026
5177 0.0010215305713900601
5178 0.0020430611427801203
5179 0.008172244571120481