2 0.0003632093920196124
5 0.0001350647307564619
6 0.0002946095350303591
9 0.002818851674416197
10 0.000020926658193612276
15 0.000055337193439289376
24 0.000509996983979533
25 0.00004914275771090647
26 0.00002295064292588358
27 0.000026602204202227678
28 0.000028658342088875557
29 0.000016009284857852372
30 0.00024016656243756505
31 0.000038664686974059284
34 0.00011936985864893924
36 0.00017439542599474
37 0.0007975864282571718
38 0.0009153069730547706
45 0.000026307695244616083
49 0.0002231883932943071
50 0.00004529586521301164
54 0.00032108878593043
57 0.0003603367151728103
59 0.000032310917223555856
60 0.000025848733778844687
73 0.0009771920599575008
97 0.00018061190259367678
103 0.00034164535880717864
109 0.0003818350844534872
122 0.00030783737547859243
132 0.00019350436353001335
134 0.00020241617375177045
136 0.00029565439233481325
139 0.0001247963410453852
143 0.0005363005372989338
159 0.0009860738647107213
162 0.0003800531302520963
163 0.0005999643949339585
168 0.00009828551542181294
169 0.0005326980994101582
180 0.0010104005149229464
186 0.00040692219849536895
190 0.0010989713913451932
195 0.00043018466555000526
200 0.0002833071793801778
212 0.000629765283625402
217 0.00022388116406216174
222 0.0014992753692367232
235 0.000489099431979698
252 0.0004236634738825287
254 0.0016256126361172186
257 0.0014750011320375594
265 0.00048441707494682545
273 0.0007394879986854364
293 0.001013056993043927
300 0.00030262299481361246
301 0.0005035547120964008
305 0.0011297522377733888
306 0.003388908581668985
328 0.0003260311928669616
342 0.0004885960299787504
343 0.0039059969483176966
352 0.000514279248876994
356 0.0005266264618316295
361 0.0004605016093796513
380 0.0004755217854866652
417 0.0003600357507382571
429 0.0009510435709733304
435 0.0008882007952960393
442 0.00036481917391093806
443 0.001371650606111588
454 0.00038363630339787504
475 0.0002526001287307366
497 0.00044672424919219483
509 0.00047869542676802046
530 0.0002736737953600468
568 0.0011191728647928555
589 0.0007636701689069744
620 0.000953975571705261
623 0.0004605016093796513
678 0.000629765283625402
697 0.001175787005677693
702 0.005353974937352319
767 0.0008138443969907379
775 0.00036481917391093806
806 0.002848455389467582
848 0.0005446560494091424
867 0.0025139213431129345
893 0.0006554485025236457
897 0.0005494856956725966
898 0.0010055685372451738
900 0.0005266264618316295
901 0.0005759876441280593
902 0.0005544595315855724
903 0.0005818342485617932
904 0.0006007160688395344
905 0.0005878935028388465
906 0.000570339268307386
907 0.0005878935028388465
908 0.0005818342485617932
909 0.0005941814615164285
910 0.000570339268307386
911 0.0005759876441280593
912 0.0009573908535360409
985 0.0004885960299787504
1065 0.0008830344552307394
1066 0.00048193069598779744
1067 0.0005544595315855724
1068 0.0005103588061228796
1132 0.00044410039764801966
1192 0.0005648761188866944
1397 0.0006750724671448359
1435 0.0015418690745441074
1438 0.0027002898685793437
1559 0.0012150349349200735
1648 0.0006075174674600367
1945 0.0007533803027405932
2025 0.0016256126361172186
3163 0.0008384895369568529
3447 0.0036241781465666083
4730 0.0008384895369568529
4954 0.000953975571705261
5169 0.0010215305713900601
5171 0.000953975571705261
5176 0.003475465349956005
5183 0.0011370166061384682
5184 0.0011370166061384682
5185 0.0011370166061384682
5186 0.0011370166061384682
5187 0.0011370166061384682
5188 0.0011370166061384682