0 0.00010360515709016387
6 0.00011331135962706119
7 0.0017693213131045233
10 0.00005231664548403069
15 0.000055337193439289376
20 0.00014256349717722765
23 0.0001917778078759736
26 0.000009180257170353432
27 0.000013301102101113839
28 0.00002388195174072963
29 0.000021345713143803165
30 0.00008005552081252168
31 0.000016570580131739694
32 0.0001446627800658901
41 0.00018725926302105958
43 0.0002495926820907704
44 0.00015086301495667102
45 0.00000876923174820536
50 0.00004529586521301164
54 0.00064217757186086
57 0.00018016835758640515
59 0.000032310917223555856
60 0.000012924366889422343
65 0.00093269642762677
68 0.0024168488065099965
71 0.0006651316003801349
74 0.0001314382268441069
95 0.0006161666804201201
96 0.0005697354412888233
97 0.00018061190259367678
103 0.00017082267940358932
108 0.0002542579645943101
125 0.00038013792159427004
134 0.00020241617375177045
136 0.00029565439233481325
139 0.0001247963410453852
153 0.00045905907976567014
158 0.0007530907959264412
166 0.0004605016093796513
167 0.0003185136261757804
168 0.00004914275771090647
169 0.0002663490497050791
172 0.00023913727761189357
173 0.0007096674962648366
185 0.0007016854402386539
255 0.0016739609432832548
266 0.0003010819448897304
281 0.0006378942679921852
290 0.0005648761188866944
307 0.0003818350844534872
328 0.0006520623857339232
331 0.0003136839799123262
361 0.0004605016093796513
362 0.0008999465924009378
372 0.0003553858360236491
417 0.0003600357507382571
429 0.0004755217854866652
456 0.00040485246840563934
481 0.0004339996609241885
530 0.0002736737953600468
554 0.0003600357507382571
611 0.0005309542669637955
619 0.0005446560494091424
654 0.00038729823387417876
661 0.0006554485025236457
671 0.0011731273853206662
691 0.0015345452135915002
700 0.0007820849235471108
797 0.0009510435709733304
799 0.0003782900330627366
839 0.0004755217854866652
982 0.0017636805085165395
1047 0.0024584334915787646
1066 0.00048193069598779744
1069 0.0003968214617715378
1086 0.0010893120988182848
1114 0.0007096674962648366
1172 0.0008384895369568529
1181 0.0005266264618316295
1283 0.0005266264618316295
1438 0.006075652204303523
1510 0.0007533803027405932
1677 0.0008688663374890013
2414 0.003251225272234437
2576 0.0010215305713900601
3960 0.0008384895369568529
3976 0.0009060445366416521
4329 0.0010215305713900601
4576 0.0010215305713900601
5176 0.007819797037401011
5180 0.000953975571705261
5192 0.014781215879800086
5193 0.009193775142510541
5194 0.0056850830306923415
5195 0.0011370166061384682