0 0.00020721031418032774
6 0.00009064908770164895
8 0.000460498487011427
9 0.00035235645930202465
10 0.000010463329096806138
15 0.00011067438687857875
23 0.0001917778078759736
24 0.0002549984919897665
25 0.00004914275771090647
26 0.000009180257170353432
27 0.00001995165315167076
28 0.000019105561392583703
29 0.000016009284857852372
32 0.0001446627800658901
36 0.00034879085198948
45 0.00001753846349641072
46 0.00032731777168967243
47 0.0002708891434150717
48 0.0008477401806849238
50 0.00004529586521301164
56 0.00034358542739842214
59 0.000032310917223555856
60 0.000012924366889422343
65 0.00279808928288031
69 0.002312743249109866
92 0.00036481917391093806
95 0.00020538889347337336
96 0.00035608465080551457
98 0.0005977793231091805
100 0.00014427673725646523
103 0.00034164535880717864
108 0.0002542579645943101
143 0.0005363005372989338
159 0.0004226030848760234
198 0.0006464403017122036
201 0.0003782900330627366
202 0.00030783737547859243
203 0.0003136839799123262
213 0.00036481917391093806
240 0.0005065284965219635
259 0.0003407614423411458
281 0.0006378942679921852
572 0.0010448164664875542
582 0.0038786418102732213
585 0.0003987932141285859
618 0.003908768239830003
644 0.0005399624677752377
671 0.0003910424617735554
767 0.00040692219849536895
776 0.001246404696646162
799 0.0003782900330627366
806 0.00040692219849536895
835 0.0008384895369568529
1047 0.0006146083728946911
1048 0.0007096674962648366
1086 0.0005446560494091424
1406 0.0007375005660187797
1773 0.005436267219849912
1914 0.0010215305713900601
2047 0.002861926715115783
2208 0.001581117003786488
2542 0.0007230035022084448
3041 0.0010215305713900601
3684 0.000953975571705261
5196 0.0011370166061384682
5197 0.0011370166061384682
5198 0.0011370166061384682
5199 0.0011370166061384682
5200 0.0022740332122769364
5201 0.0011370166061384682
5202 0.0011370166061384682