6 0.0001359736315524734
10 0.00003138998729041841
15 0.0002213487737571575
25 0.00004914275771090647
26 0.000018360514340706863
27 0.0000066505510505569195
28 0.000014329171044437778
29 0.000016009284857852372
31 0.000022094106842319594
34 0.00011936985864893924
42 0.00029780424319051263
45 0.000011692308997607148
48 0.00014129003011415398
59 0.000006462183444711172
60 0.000038773100668267026
66 0.0018892958508762061
67 0.0003493811814946261
68 0.00040280813441833274
69 0.0050109437064047085
72 0.0007394879986854364
75 0.0018539423896705286
76 0.00023762262054737309
88 0.005436267219849912
91 0.00046926799994623984
93 0.0002302492435057135
97 0.0001204079350624512
107 0.0005595864323964277
119 0.000308970277376323
134 0.0006072485212553113
139 0.0002495926820907704
146 0.00036481917391093806
148 0.002369236628246829
160 0.0008779469936743287
163 0.0005999643949339585
179 0.0005027842686225869
180 0.0002526001287307366
194 0.0004339996609241885
195 0.00021509233277500263
214 0.0002477233572712043
271 0.0004415172276153697
324 0.0006554485025236457
362 0.0005999643949339585
366 0.000790558501893244
370 0.0029552481843157052
384 0.00047869542676802046
538 0.00037310999523034225
580 0.007809308894913947
582 0.006464403017122036
616 0.0016769790739137058
619 0.0005446560494091424
727 0.0005494856956725966
767 0.00040692219849536895
785 0.0013946405666204024
795 0.0005353974937352319
930 0.0011297522377733888
940 0.0005544595315855724
942 0.0006464403017122036
1314 0.0005446560494091424
1938 0.0018438251186840733
2189 0.0018438251186840733
4822 0.022895413720926263
5203 0.0010215305713900601
5204 0.0010215305713900601