0 0.00020721031418032774
6 0.00011331135962706119
10 0.00004185331638722455
15 0.0002213487737571575
25 0.00014742827313271942
26 0.000009180257170353432
27 0.00001995165315167076
28 0.000014329171044437778
29 0.000016009284857852372
30 0.00016011104162504336
31 0.000022094106842319594
32 0.00021699417009883517
34 0.00005968492932446962
36 0.00017439542599474
42 0.00029780424319051263
43 0.0001247963410453852
44 0.00015086301495667102
45 0.000005846154498803574
46 0.00032731777168967243
48 0.0004238700903424619
49 0.0002231883932943071
50 0.00004529586521301164
54 0.000160544392965215
57 0.00018016835758640515
58 0.0005595864323964277
59 0.000012924366889422343
60 0.000012924366889422343
73 0.0004885960299787504
74 0.0001314382268441069
84 0.0010989713913451932
95 0.0006161666804201201
96 0.0007121693016110291
97 0.00018061190259367678
100 0.00014427673725646523
110 0.0014401430029530283
111 0.0004724074680904385
121 0.0002131283281512035
122 0.0009235121264357772
125 0.0013304827255799449
127 0.0006220145312703716
133 0.00032475447298266157
139 0.0001247963410453852
140 0.0002005952689646678
153 0.00045905907976567014
159 0.0002817353899173489
175 0.00028530254609905744
185 0.0009355805869848718
195 0.00043018466555000526
197 0.000570339268307386
213 0.00036481917391093806
217 0.0022388116406216177
223 0.0015156007723844196
224 0.0005182941691667408
225 0.0005353974937352319
226 0.0010365883383334816
233 0.0007783196602169099
235 0.000489099431979698
255 0.0007174118328356807
256 0.001053252923663259
265 0.0007266256124202381
266 0.0003010819448897304
273 0.0003697439993427182
278 0.0009982446762925661
299 0.0003209819843539111
300 0.00030262299481361246
339 0.0005103588061228796
374 0.0006220145312703716
441 0.0008128063180586093
456 0.0008097049368112787
457 0.0025515770719687406
459 0.000570339268307386
483 0.0003800531302520963
496 0.0003493811814946261
540 0.0005648761188866944
555 0.00034358542739842214
833 0.003545699475653744
834 0.0012757885359843703
912 0.00047869542676802046
940 0.0005544595315855724
1033 0.0008688663374890013
1232 0.0034110498184154047
1233 0.0022740332122769364
1234 0.0016769790739137058
1235 0.0034110498184154047
1236 0.0016769790739137058
1237 0.0022740332122769364
1238 0.001581117003786488
1239 0.0022740332122769364
1240 0.0009060445366416521
1241 0.0008128063180586093
1242 0.0005648761188866944
1243 0.0005878935028388465
1244 0.000953975571705261
1245 0.004876837908351655
1246 0.0009060445366416521
1247 0.0011370166061384682
1248 0.0005353974937352319
1249 0.0010215305713900601