2 0.0003632093920196124
6 0.00011331135962706119
8 0.0006907477305171405
10 0.00006277997458083683
14 0.00026456709550368824
15 0.00011067438687857875
20 0.00014256349717722765
25 0.00004914275771090647
26 0.000013770385755530148
27 0.0000066505510505569195
28 0.000019105561392583703
29 0.000016009284857852372
31 0.000022094106842319594
34 0.00005968492932446962
45 0.00000876923174820536
50 0.00004529586521301164
56 0.00034358542739842214
59 0.000006462183444711172
60 0.000025848733778844687
76 0.0007128678616421193
91 0.00046926799994623984
97 0.0000602039675312256
117 0.00038545720818497763
119 0.0007724256934408075
130 0.00036808616347914477
134 0.0004048323475035409
135 0.001633968148227427
139 0.0002495926820907704
158 0.0003765453979632206
159 0.00014086769495867446
172 0.00023913727761189357
189 0.0004755217854866652
200 0.0022664574350414225
202 0.00030783737547859243
215 0.002723280247045712
251 0.0003066922772966927
266 0.0003010819448897304
269 0.0007230035022084448
271 0.0004415172276153697
273 0.0003697439993427182
281 0.0006378942679921852
339 0.0010207176122457593
367 0.0005759876441280593
421 0.011236836285290661
446 0.0004176750344063272
450 0.000685825303055794
499 0.0005648761188866944
530 0.0002736737953600468
668 0.001188362923032857
670 0.0017825443845492855
675 0.0006007160688395344
700 0.0003910424617735554
730 0.0006554485025236457
767 0.00040692219849536895
795 0.0005353974937352319
808 0.001140678536614772
865 0.0004520992678889995
892 0.0005595864323964277
894 0.009966489903058172
1122 0.000685825303055794
1123 0.000685825303055794
1142 0.0012084244032549982
1337 0.0005353974937352319
1403 0.0006649717304210047
1642 0.0006146083728946911
1791 0.003815902286821044
1825 0.0007709345372720537
1979 0.0011636684971235863
2282 0.009557529712379014
2302 0.0017377326749780026
2313 0.0020919608499306037
2974 0.000953975571705261
3155 0.0007533803027405932
3253 0.0016769790739137058
4447 0.02003348700581048
4900 0.0036241781465666083
5203 0.0020430611427801203
5204 0.0020430611427801203
5205 0.004548066424553873
5206 0.006822099636830809
5207 0.0009060445366416521
5208 0.01932928230435396
5209 0.015918232485938554
5210 0.0011370166061384682
5211 0.0011370166061384682
5212 0.0011370166061384682
5213 0.0011370166061384682
5214 0.0010215305713900601
5215 0.0011370166061384682