0 0.00010360515709016387
6 0.0000679868157762367
8 0.000460498487011427
10 0.00003138998729041841
15 0.00011067438687857875
25 0.00004914275771090647
26 0.000018360514340706863
27 0.000026602204202227678
28 0.000009552780696291852
29 0.00002668214142975396
31 0.000011047053421159797
34 0.00011936985864893924
45 0.000002923077249401787
52 0.00023612160922741876
53 0.0011657446549878435
55 0.0004520992678889995
59 0.000006462183444711172
60 0.000038773100668267026
67 0.0013975247259785043
68 0.0012084244032549982
90 0.0003600357507382571
93 0.000460498487011427
96 0.00007121693016110292
97 0.0000602039675312256
119 0.0001544851386881615
133 0.0012990178919306463
139 0.0004991853641815408
140 0.0004011905379293356
144 0.0012518023704085185
160 0.00043897349683716435
161 0.001293949848355025
185 0.00023389514674621796
197 0.000570339268307386
201 0.0003782900330627366
223 0.0002526001287307366
298 0.0004991223381462831
299 0.0009629459530617334
311 0.0006759690517981823
324 0.0006554485025236457
398 0.0007264187840392248
416 0.0003493811814946261
455 0.000466348213813385
585 0.0003987932141285859
783 0.003324858652105023
5216 0.0022740332122769364
5217 0.00306459171417018
5218 0.0011370166061384682
5219 0.0011370166061384682
5220 0.0011370166061384682
5221 0.0011370166061384682