0 0.00010360515709016387
5 0.0001350647307564619
8 0.000460498487011427
10 0.00005231664548403069
15 0.000055337193439289376
17 0.00024376566216822076
18 0.0003172930263603734
20 0.0002851269943544553
25 0.00004914275771090647
26 0.000013770385755530148
28 0.000004776390348145926
29 0.000005336428285950791
31 0.000011047053421159797
32 0.00007233139003294505
44 0.00030172602991334203
45 0.00000876923174820536
52 0.0025973377015016063
53 0.002331489309975687
59 0.000012924366889422343
60 0.000025848733778844687
87 0.0007361723269582895
91 0.0011731699998655998
98 0.001195558646218361
99 0.0007230035022084448
103 0.000256234019105384
119 0.0001544851386881615
132 0.00019350436353001335
139 0.0004991853641815408
143 0.0005363005372989338
144 0.0008345349136056791
179 0.0010055685372451738
203 0.0006273679598246524
214 0.0002477233572712043
218 0.003110072656351858
255 0.00023913727761189357
479 0.000629765283625402
953 0.001371650606111588
1119 0.000629765283625402
1476 0.0012292167457893823
2313 0.0006973202833102012
3240 0.0010215305713900601
5226 0.0011370166061384682