5 0.0001350647307564619
6 0.00015863590347788565
8 0.001381495461034281
10 0.000020926658193612276
15 0.00011067438687857875
23 0.0001917778078759736
24 0.00012749924599488326
25 0.00009828551542181294
26 0.000018360514340706863
27 0.000026602204202227678
28 0.00002388195174072963
29 0.00002668214142975396
30 0.00016011104162504336
31 0.00003314116026347939
45 0.000011692308997607148
50 0.00009059173042602328
59 0.000012924366889422343
60 0.000038773100668267026
76 0.00023762262054737309
91 0.00023463399997311992
93 0.0002302492435057135
97 0.0000602039675312256
100 0.00028855347451293045
119 0.00046345541606448445
124 0.0013685963559000845
125 0.000570206882391405
132 0.0003870087270600267
134 0.00020241617375177045
138 0.0005999643949339585
140 0.0002005952689646678
143 0.0002681502686494669
153 0.00022952953988283507
158 0.0003765453979632206
166 0.0009210032187593025
168 0.00009828551542181294
172 0.00023913727761189357
175 0.00028530254609905744
177 0.00044410039764801966
190 0.0005494856956725966
200 0.0005666143587603556
202 0.00030783737547859243
247 0.0022041483102943618
438 0.006387007466383529
550 0.0012084244032549982
613 0.0004176750344063272
616 0.0008384895369568529
617 0.004916866983157529
691 0.00038363630339787504
706 0.008230509039743851
776 0.0004154682322153874
806 0.004069221984953689
809 0.000953975571705261
975 0.006653514379026869
1037 0.0023716755056797318
1038 0.0005103588061228796
1069 0.0023809287706292267
1132 0.0008882007952960393
1161 0.01728926499094612
1287 0.0005595864323964277
1356 0.0005648761188866944
1415 0.0078063424589132025
1520 0.002281357073229544
1853 0.007546405832611676
1854 0.0005818342485617932
2204 0.0015067606054811865
2409 0.000953975571705261
2817 0.002861926715115783
3787 0.000953975571705261
4403 0.0009060445366416521
5227 0.007959116242969277
5228 0.0011370166061384682