0 0.00020721031418032774
5 0.0002701294615129238
6 0.00009064908770164895
8 0.001381495461034281
10 0.00004185331638722455
15 0.00033202316063573624
25 0.00004914275771090647
26 0.000013770385755530148
27 0.000013301102101113839
28 0.000019105561392583703
29 0.00002668214142975396
30 0.00008005552081252168
31 0.000011047053421159797
32 0.00021699417009883517
34 0.00005968492932446962
36 0.00017439542599474
45 0.00000876923174820536
52 0.0033057025291838623
53 0.0002914361637469609
54 0.0004816331788956449
55 0.0013562978036669984
57 0.0003603367151728103
59 0.000012924366889422343
60 0.000025848733778844687
95 0.00006846296449112447
97 0.0001204079350624512
121 0.000426256656302407
140 0.0004011905379293356
168 0.00004914275771090647
210 0.0005494856956725966
217 0.0004477623281243235
264 0.002281357073229544
297 0.00044939008413828627
298 0.0004991223381462831
299 0.0022468738904773775
300 0.00015131149740680623
304 0.0014215433440945965
306 0.0022592723877793235
311 0.0006759690517981823
555 0.0006871708547968443
585 0.0003987932141285859
767 0.0008138443969907379
839 0.0009510435709733304
914 0.0008384895369568529
1088 0.003989830382526028
1280 0.0009060445366416521
1911 0.0007096674962648366
1912 0.0008128063180586093
3602 0.0010215305713900601
5229 0.0011370166061384682
5230 0.0011370166061384682