6 0.00009064908770164895
10 0.00010463329096806138
14 0.00026456709550368824
15 0.00011067438687857875
17 0.00024376566216822076
25 0.00004914275771090647
26 0.000009180257170353432
27 0.00001995165315167076
28 0.000014329171044437778
29 0.000016009284857852372
30 0.00008005552081252168
31 0.000016570580131739694
32 0.0001446627800658901
34 0.00005968492932446962
36 0.00034879085198948
43 0.0001247963410453852
44 0.00015086301495667102
45 0.000005846154498803574
48 0.00028258006022830796
49 0.0002231883932943071
52 0.00023612160922741876
53 0.0002914361637469609
55 0.000904198535777999
59 0.000019386550334133513
60 0.000012924366889422343
74 0.0001314382268441069
76 0.00023762262054737309
80 0.0003393671988105698
89 0.00033798452589909114
90 0.0003600357507382571
95 0.0003423148224556223
96 0.00035608465080551457
97 0.0001204079350624512
103 0.000256234019105384
108 0.0002542579645943101
110 0.0003600357507382571
117 0.0015418288327399105
119 0.0001544851386881615
129 0.0004724074680904385
134 0.00020241617375177045
136 0.0005913087846696265
144 0.0010431686420070989
159 0.0005634707798346978
162 0.0003800531302520963
168 0.00004914275771090647
189 0.0004755217854866652
190 0.0005494856956725966
195 0.00021509233277500263
200 0.0011332287175207113
213 0.00036481917391093806
226 0.0031097650150004445
243 0.0007709345372720537
266 0.0003010819448897304
290 0.003389256713320166
328 0.0003260311928669616
398 0.0003632093920196124
450 0.000685825303055794
464 0.0005648761188866944
512 0.00044672424919219483
540 0.0005648761188866944
554 0.0003600357507382571
574 0.0027002898685793437
585 0.003190345713028687
607 0.008516009955178039
671 0.0003910424617735554
680 0.0005309542669637955
714 0.0005027842686225869
727 0.0005494856956725966
799 0.0003782900330627366
806 0.0024415331909722134
816 0.0004852300340911263
865 0.0004520992678889995
930 0.0005648761188866944
960 0.0004724074680904385
1103 0.00046935029736931276
1263 0.006075174674600368
1270 0.0018120890732833041
1520 0.000570339268307386
1642 0.0006146083728946911
1647 0.0016769790739137058
1900 0.0007533803027405932
1905 0.04290428399838253
2023 0.0006220145312703716
2037 0.0019136828039765554
2559 0.0006464403017122036
2570 0.0011191728647928555
2771 0.0007709345372720537
3343 0.0009060445366416521
5231 0.022740332122769366
5232 0.0011370166061384682