6 0.0000679868157762367
10 0.00004185331638722455
15 0.000055337193439289376
22 0.0011191728647928555
26 0.000009180257170353432
27 0.00001995165315167076
28 0.000014329171044437778
29 0.000016009284857852372
30 0.00016011104162504336
31 0.000022094106842319594
32 0.0001446627800658901
34 0.00011936985864893924
45 0.00000876923174820536
48 0.00014129003011415398
50 0.00004529586521301164
59 0.000025848733778844687
60 0.000012924366889422343
95 0.00020538889347337336
96 0.00021365079048330874
97 0.0000602039675312256
100 0.00014427673725646523
103 0.00008541133970179466
110 0.0007200715014765141
117 0.0019272860409248883
119 0.000308970277376323
129 0.004251667212813946
134 0.00020241617375177045
138 0.0005999643949339585
144 0.00041726745680283956
149 0.0006146083728946911
159 0.00014086769495867446
168 0.00004914275771090647
180 0.0002526001287307366
224 0.0005182941691667408
225 0.0005353974937352319
226 0.0015548825075002222
339 0.005103588061228796
361 0.0004605016093796513
434 0.00032731777168967243
464 0.0005648761188866944
470 0.00044672424919219483
486 0.0007230035022084448
490 0.0005648761188866944
491 0.0005544595315855724
502 0.004625607223632322
530 0.0002736737953600468
667 0.0006750724671448359
676 0.0011636684971235863
681 0.000570339268307386
723 0.0007709345372720537
767 0.00040692219849536895
1142 0.00040280813441833274
1144 0.0009060445366416521
1243 0.004703148022710772
1497 0.0007230035022084448
1520 0.000570339268307386
1729 0.0008688663374890013
1825 0.0007709345372720537
2238 0.0010215305713900601
2960 0.0016256126361172186
4646 0.0010215305713900601
4647 0.0010215305713900601
5236 0.015918232485938554
5237 0.006822099636830809
5238 0.0011370166061384682