0 0.00020721031418032774
5 0.0001350647307564619
6 0.00009064908770164895
10 0.00003138998729041841
15 0.00016601158031786812
17 0.0004875313243364415
18 0.0006345860527207468
25 0.00029485654626543883
26 0.000027540771511060296
27 0.000026602204202227678
28 0.000028658342088875557
29 0.000010672856571901583
31 0.000027617633552899494
43 0.0009983707283630816
45 0.000011692308997607148
48 0.00014129003011415398
50 0.00018118346085204656
59 0.000038773100668267026
60 0.000038773100668267026
72 0.0003697439993427182
84 0.0005494856956725966
87 0.0007361723269582895
89 0.00033798452589909114
93 0.0002302492435057135
94 0.0004885960299787504
100 0.00014427673725646523
103 0.00008541133970179466
124 0.00022809939265001406
125 0.00019006896079713502
132 0.0009675218176500667
135 0.0005446560494091424
144 0.00041726745680283956
153 0.00022952953988283507
159 0.0009860738647107213
160 0.0043897349683716435
168 0.00004914275771090647
169 0.0002663490497050791
171 0.0012530251032189816
195 0.00021509233277500263
217 0.00514926677342972
223 0.004294202188422522
240 0.0005065284965219635
251 0.0003066922772966927
300 0.0016644264714748686
331 0.0003136839799123262
374 0.0006220145312703716
391 0.0023025080468982565
449 0.0034144535728114237
483 0.0007601062605041926
550 0.0008056162688366655
555 0.002405097991788955
2381 0.003475465349956005
5248 0.0011370166061384682