5 0.0001350647307564619
6 0.0001812981754032979
10 0.00007324330367764296
15 0.00033202316063573624
20 0.00014256349717722765
24 0.00012749924599488326
25 0.00004914275771090647
26 0.00002295064292588358
27 0.000026602204202227678
28 0.000009552780696291852
29 0.000010672856571901583
31 0.000011047053421159797
34 0.00011936985864893924
45 0.00000876923174820536
49 0.0002231883932943071
50 0.0002264793260650582
59 0.000019386550334133513
60 0.000025848733778844687
74 0.0001314382268441069
87 0.00036808616347914477
89 0.00033798452589909114
91 0.00046926799994623984
93 0.000920996974022854
100 0.00028855347451293045
119 0.000308970277376323
125 0.000570206882391405
132 0.0003870087270600267
134 0.0004048323475035409
153 0.00022952953988283507
158 0.0003765453979632206
159 0.00014086769495867446
167 0.0006370272523515608
168 0.00004914275771090647
233 0.0031132786408676395
235 0.001956397727918792
247 0.0003148783300420517
326 0.0005399624677752377
430 0.00033256580019006747
446 0.0008353500688126544
475 0.0002526001287307366
542 0.010343044827395257
555 0.00034358542739842214
617 0.003073041864473456
726 0.0006554485025236457
742 0.0008138443969907379
751 0.0007533803027405932
775 0.0036481917391093808
1065 0.0004415172276153697
1161 0.00864463249547306
2035 0.0007230035022084448
3787 0.001907951143410522
3847 0.000953975571705261