0 0.0003108154712704916
6 0.00004532454385082448
10 0.00003138998729041841
14 0.00026456709550368824
15 0.00016601158031786812
24 0.0008924947219641826
25 0.00014742827313271942
26 0.000013770385755530148
27 0.000026602204202227678
28 0.000028658342088875557
29 0.000016009284857852372
31 0.000016570580131739694
32 0.0003616569501647253
34 0.00011936985864893924
36 0.00017439542599474
42 0.00029780424319051263
45 0.000005846154498803574
47 0.0002708891434150717
48 0.00014129003011415398
50 0.00009059173042602328
52 0.0011806080461370938
53 0.0002914361637469609
54 0.00032108878593043
55 0.0004520992678889995
57 0.00018016835758640515
59 0.000032310917223555856
60 0.000006462183444711172
89 0.00033798452589909114
94 0.0004885960299787504
98 0.00029888966155459023
100 0.00014427673725646523
102 0.0003910424617735554
119 0.0010813959708171304
138 0.0008999465924009378
139 0.0002495926820907704
144 0.00041726745680283956
161 0.00032348746208875627
168 0.00004914275771090647
174 0.0004111404270832213
219 0.0003616150149759352
235 0.000244549715989849
259 0.0003407614423411458
277 0.0005494856956725966
298 0.0004991223381462831
299 0.0022468738904773775
306 0.003765453979632206
308 0.0005309542669637955
482 0.0012084244032549982
506 0.000790558501893244
554 0.0003600357507382571
599 0.0004991223381462831
691 0.0015345452135915002
721 0.0006146083728946911
851 0.0009387005947386255
952 0.004769877858526305
1269 0.0006007160688395344
1412 0.0005648761188866944
1417 0.000953975571705261
1476 0.0006146083728946911
1499 0.0009060445366416521
1597 0.0013108970050472915
2313 0.0006973202833102012
5249 0.0011370166061384682
5250 0.0011370166061384682
5251 0.0011370166061384682
5252 0.0011370166061384682