10 0.00003138998729041841
15 0.00016601158031786812
24 0.001019993967959066
25 0.00004914275771090647
26 0.000013770385755530148
27 0.00001995165315167076
28 0.000014329171044437778
29 0.000010672856571901583
31 0.000022094106842319594
32 0.00043398834019767033
34 0.00005968492932446962
36 0.00017439542599474
45 0.000005846154498803574
49 0.0002231883932943071
50 0.00009059173042602328
54 0.000160544392965215
59 0.000006462183444711172
60 0.000012924366889422343
80 0.0016968359940528492
81 0.0020034242963392697
89 0.00033798452589909114
90 0.0003600357507382571
94 0.0004885960299787504
97 0.0000602039675312256
100 0.00028855347451293045
109 0.0003818350844534872
115 0.0007096674962648366
119 0.000308970277376323
121 0.0010656416407560177
140 0.0002005952689646678
144 0.00020863372840141978
151 0.0003393671988105698
168 0.00004914275771090647
172 0.00023913727761189357
175 0.0005706050921981149
177 0.0008882007952960393
185 0.00023389514674621796
186 0.00040692219849536895
202 0.00030783737547859243
216 0.0006075174674600367
234 0.00038363630339787504
252 0.0004236634738825287
266 0.0003010819448897304
300 0.00030262299481361246
301 0.0005035547120964008
306 0.004518544775558647
384 0.00047869542676802046
398 0.0003632093920196124
446 0.0004176750344063272
675 0.0006007160688395344
700 0.0015641698470942216
829 0.0006220145312703716
1072 0.0005544595315855724
1147 0.0007375005660187797
1412 0.0005648761188866944
1734 0.0025515770719687406
2162 0.001907951143410522
2255 0.0009060445366416521
2279 0.013415832591309646
3630 0.006677829001936826
4102 0.0009060445366416521
5074 0.0020430611427801203
5253 0.0011370166061384682