0 0.00020721031418032774
10 0.000020926658193612276
25 0.00009828551542181294
26 0.000013770385755530148
27 0.0000066505510505569195
28 0.000009552780696291852
29 0.000005336428285950791
31 0.000022094106842319594
32 0.0002893255601317802
34 0.00011936985864893924
45 0.000005846154498803574
59 0.000006462183444711172
60 0.000012924366889422343
92 0.00036481917391093806
95 0.00020538889347337336
96 0.00021365079048330874
97 0.0000602039675312256
300 0.00030262299481361246
301 0.0005035547120964008
380 0.0014265653564599955