6 0.00009064908770164895
53 0.0011657446549878435
60 0.000038773100668267026
135 0.0010893120988182848
153 0.00022952953988283507
300 0.00045393449222041863
575 0.00047869542676802046
738 0.0006750724671448359
833 0.0015195854895658904
910 0.000570339268307386
934 0.0021290024887945097
1094 0.0009060445366416521
1214 0.0018120890732833041
3077 0.0009060445366416521
4602 0.003475465349956005
5037 0.0009060445366416521
5254 0.000953975571705261
5255 0.000953975571705261
5256 0.001907951143410522
5257 0.000953975571705261
5258 0.002861926715115783
5259 0.001907951143410522
5260 0.0036241781465666083
5261 0.000953975571705261
5262 0.000953975571705261
5263 0.000953975571705261