6 0.00009064908770164895
32 0.0002893255601317802
57 0.0003603367151728103
65 0.001399044641440155
395 0.0025515770719687406
417 0.0003600357507382571
517 0.0004724074680904385
1195 0.003854672686360269
1283 0.0026331323091581473
1774 0.0021290024887945097
3784 0.007819797037401011
5264 0.00715071399973042
5265 0.00306459171417018
5266 0.00306459171417018
5267 0.0011370166061384682
5268 0.0022740332122769364
5269 0.0010215305713900601
5270 0.0011370166061384682
5271 0.0011370166061384682
5272 0.0011370166061384682