5 0.0001350647307564619
6 0.00009064908770164895
8 0.000920996974022854
10 0.00003138998729041841
23 0.0001917778078759736
26 0.000013770385755530148
27 0.000013301102101113839
28 0.000019105561392583703
29 0.000016009284857852372
31 0.000011047053421159797
32 0.0001446627800658901
34 0.00005968492932446962
41 0.00018725926302105958
45 0.000011692308997607148
59 0.000006462183444711172
60 0.000006462183444711172
67 0.0013975247259785043
68 0.0012084244032549982
69 0.001156371624554933
72 0.0007394879986854364
82 0.0009982446762925661
95 0.00041077778694674673
96 0.00035608465080551457
97 0.0001204079350624512
98 0.0005977793231091805
130 0.00036808616347914477
172 0.00023913727761189357
180 0.0007578003861922098
186 0.00040692219849536895
201 0.0003782900330627366
202 0.0006156747509571849
203 0.0003136839799123262
213 0.00036481917391093806
220 0.0005399624677752377
240 0.001013056993043927
297 0.00044939008413828627
298 0.0004991223381462831
299 0.0003209819843539111
331 0.0006273679598246524
369 0.0005544595315855724
372 0.0003553858360236491
391 0.0004605016093796513
437 0.00043897349683716435
475 0.0002526001287307366
496 0.0003493811814946261
618 0.0019543841199150015
865 0.000904198535777999
913 0.0004111404270832213
940 0.0005544595315855724
1253 0.004344331687445007
1254 0.002861926715115783
1255 0.002312803611816161
1256 0.0007375005660187797
1257 0.0011370166061384682
1258 0.000953975571705261
1259 0.000953975571705261
1260 0.000953975571705261
1261 0.0010215305713900601
1262 0.0011370166061384682