0 0.0003108154712704916
6 0.0001812981754032979
10 0.000020926658193612276
15 0.00016601158031786812
23 0.0001917778078759736
24 0.00012749924599488326
26 0.000009180257170353432
27 0.000026602204202227678
28 0.000019105561392583703
29 0.000037354998001655535
30 0.00016011104162504336
31 0.000060758793816378885
32 0.0001446627800658901
34 0.00005968492932446962
41 0.00018725926302105958
43 0.0001247963410453852
44 0.00015086301495667102
45 0.00000876923174820536
50 0.00009059173042602328
54 0.0011238107507565048
57 0.00018016835758640515
59 0.000006462183444711172
60 0.000012924366889422343
69 0.00809460137188453
72 0.0011092319980281545
74 0.0001314382268441069
75 0.002780913584505793
80 0.0027149375904845586
81 0.0023373283457291476
82 0.001497367014438849
95 0.0008215555738934935
96 0.0008546031619332349
97 0.00018061190259367678
100 0.00014427673725646523
103 0.00017082267940358932
107 0.0005595864323964277
108 0.0005085159291886202
110 0.0003600357507382571
124 0.00045619878530002813
125 0.00019006896079713502
132 0.0015480349082401068
133 0.00032475447298266157
139 0.00037438902313615557
143 0.0002681502686494669
146 0.00036481917391093806
153 0.00045905907976567014
158 0.0007530907959264412
159 0.0008452061697520468
161 0.00032348746208875627
168 0.00004914275771090647
170 0.00043897349683716435
174 0.0004111404270832213
175 0.00028530254609905744
179 0.0005027842686225869
185 0.0016372660272235256
189 0.0004755217854866652
194 0.000867999321848377
203 0.0003136839799123262
213 0.00036481917391093806
214 0.002724956929983247
223 0.0005052002574614732
235 0.000244549715989849
251 0.0003066922772966927
252 0.000635495210823793
296 0.0013299434608420094
300 0.00015131149740680623
301 0.002769550916530204
311 0.00033798452589909114
328 0.0009780935786008848
354 0.0014866174950015133
385 0.0005182941691667408
389 0.0009097064671179559
391 0.0004605016093796513
393 0.0009638613919755949
398 0.0003632093920196124
416 0.0003493811814946261
434 0.00032731777168967243
455 0.00093269642762677
470 0.00044672424919219483
482 0.0024168488065099965
518 0.0010215305713900601
530 0.0002736737953600468
575 0.00047869542676802046
700 0.0003910424617735554
742 0.0024415331909722134
767 0.00040692219849536895
775 0.00036481917391093806
807 0.0007709345372720537
892 0.0005595864323964277
912 0.00047869542676802046
933 0.0005224082332437771
960 0.0004724074680904385
1103 0.00046935029736931276
1243 0.0017636805085165395
1252 0.000570339268307386
1282 0.0011089190631711448
1317 0.0011089190631711448
1463 0.004338021013250669
1666 0.0008688663374890013
1785 0.0011297522377733888
1938 0.0006146083728946911
2336 0.0026331323091581473
2378 0.00306459171417018
2468 0.0014193349925296732
2559 0.0012928806034244072
2608 0.0008688663374890013
2639 0.0010215305713900601
2938 0.0008688663374890013
3298 0.0009060445366416521
5282 0.013644199273661619
5283 0.0034110498184154047
5284 0.0011370166061384682