5 0.0004051941922693857
6 0.00015863590347788565
8 0.0006907477305171405
10 0.00004185331638722455
13 0.0003124981305672972
15 0.00016601158031786812
20 0.00014256349717722765
23 0.0003835556157519472
24 0.00012749924599488326
25 0.00014742827313271942
26 0.000009180257170353432
27 0.000026602204202227678
28 0.00002388195174072963
29 0.000037354998001655535
30 0.00008005552081252168
31 0.00003314116026347939
32 0.0001446627800658901
34 0.00011936985864893924
41 0.00018725926302105958
42 0.0008934127295715378
43 0.0001247963410453852
44 0.00015086301495667102
45 0.000005846154498803574
47 0.0002708891434150717
49 0.0002231883932943071
50 0.00009059173042602328
52 0.0011806080461370938
54 0.0004816331788956449
59 0.000006462183444711172
60 0.000012924366889422343
74 0.0001314382268441069
76 0.00047524524109474617
93 0.0006907477305171405
95 0.0006161666804201201
96 0.0005697354412888233
97 0.0001204079350624512
98 0.0014944483077729512
100 0.00028855347451293045
103 0.00008541133970179466
132 0.0007740174541200534
144 0.0010431686420070989
168 0.00009828551542181294
172 0.00023913727761189357
180 0.0005052002574614732
188 0.0010365883383334816
195 0.00021509233277500263
214 0.0002477233572712043
221 0.0004090179636081414
222 0.0003748188423091808
234 0.00038363630339787504
247 0.0003148783300420517
265 0.00024220853747341272
300 0.0016644264714748686
301 0.0012588867802410019
309 0.0015798793854948881
385 0.0005182941691667408
389 0.00045485323355897795
434 0.00032731777168967243
466 0.0006973202833102012
475 0.0002526001287307366
486 0.0007230035022084448
492 0.000685825303055794
512 0.00044672424919219483
663 0.0006973202833102012
691 0.0007672726067957501
743 0.0003800531302520963
839 0.0004755217854866652
951 0.006973202833102012
1013 0.0005494856956725966
1340 0.0006750724671448359
1784 0.000790558501893244
1963 0.0006973202833102012
4588 0.0008688663374890013
5285 0.0011370166061384682