6 0.00011331135962706119
7 0.0003538642626209047
8 0.0002302492435057135
17 0.0004875313243364415
18 0.0003172930263603734
20 0.00014256349717722765
24 0.00012749924599488326
25 0.00004914275771090647
26 0.000018360514340706863
27 0.000013301102101113839
28 0.00003343473243702148
29 0.000010672856571901583
30 0.00008005552081252168
31 0.000027617633552899494
34 0.00011936985864893924
36 0.00017439542599474
45 0.000023384617995214297
47 0.0002708891434150717
57 0.0003603367151728103
59 0.000012924366889422343
60 0.000038773100668267026
67 0.0006987623629892522
68 0.0008056162688366655
69 0.002312743249109866
94 0.0004885960299787504
103 0.00008541133970179466
119 0.0001544851386881615
132 0.00019350436353001335
157 0.000685825303055794
159 0.0007043384747933724
168 0.00004914275771090647
203 0.0003136839799123262
213 0.00036481917391093806
234 0.00038363630339787504
252 0.00021183173694126436
265 0.00024220853747341272
276 0.0007394879986854364
303 0.0004090179636081414
304 0.0003553858360236491
367 0.0011519752882561186
458 0.0003818350844534872
483 0.0007601062605041926
496 0.0003493811814946261
538 0.00037310999523034225
622 0.0007533803027405932
625 0.0019136828039765554
775 0.00036481917391093806
813 0.000629765283625402
829 0.0006220145312703716
892 0.0033575185943785666
924 0.0006378942679921852
960 0.000944814936180877
985 0.002442980149893752
1263 0.004252622272220257
1374 0.0008688663374890013
1409 0.0008384895369568529
1477 0.0005494856956725966
1495 0.0006464403017122036
1540 0.000685825303055794
1634 0.0007230035022084448
1665 0.006027042421924746
1683 0.000953975571705261
1890 0.0007230035022084448
2002 0.0006554485025236457
2345 0.0010215305713900601
2478 0.003565088769098571
2482 0.0007375005660187797
2483 0.0007230035022084448
2485 0.0007533803027405932
2665 0.0007230035022084448
2807 0.000790558501893244
2808 0.000790558501893244
2809 0.000790558501893244
2810 0.000790558501893244
2811 0.000790558501893244
2812 0.000790558501893244
2813 0.000790558501893244
3228 0.0008688663374890013
3307 0.0010215305713900601
4701 0.0018120890732833041
4862 0.000953975571705261
5273 0.001907951143410522
5274 0.0010215305713900601
5286 0.0011370166061384682
5287 0.0011370166061384682
5288 0.0011370166061384682
5289 0.0011370166061384682
5290 0.0011370166061384682