0 0.00010360515709016387
5 0.0001350647307564619
10 0.000020926658193612276
15 0.00011067438687857875
17 0.00024376566216822076
23 0.0001917778078759736
25 0.00004914275771090647
26 0.000009180257170353432
27 0.00001995165315167076
28 0.000009552780696291852
29 0.000016009284857852372
30 0.00008005552081252168
32 0.0007956452903623956
41 0.00018725926302105958
43 0.0001247963410453852
44 0.00015086301495667102
45 0.000005846154498803574
50 0.00004529586521301164
52 0.004486310575320956
53 0.0017486169824817651
54 0.00032108878593043
57 0.00018016835758640515
59 0.000019386550334133513
74 0.0001314382268441069
76 0.00023762262054737309
95 0.0006846296449112446
96 0.0006409523714499261
97 0.0001204079350624512
98 0.0005977793231091805
100 0.00014427673725646523
103 0.00017082267940358932
121 0.000852513312604814
123 0.0005818342485617932
124 0.0015966957485500984
132 0.0009675218176500667
138 0.0005999643949339585
139 0.0001247963410453852
140 0.0002005952689646678
144 0.00020863372840141978
168 0.00004914275771090647
176 0.0004576534865273853
219 0.0003616150149759352
259 0.0003407614423411458
297 0.00044939008413828627
299 0.0019258919061234667
300 0.0006052459896272249
301 0.0010071094241928015
307 0.0003818350844534872
308 0.0005309542669637955
309 0.0015798793854948881
321 0.0008384895369568529
355 0.000685825303055794
380 0.0004755217854866652
416 0.0003493811814946261
438 0.0007096674962648366
468 0.0008128063180586093
482 0.0008056162688366655
519 0.0004221783120451008
601 0.0004176750344063272
686 0.002281357073229544
687 0.0005065284965219635
691 0.0007672726067957501
786 0.005133053414766473
855 0.0006649717304210047
959 0.0006075174674600367
1132 0.0013323011929440589
1463 0.0007230035022084448
1476 0.0006146083728946911
1655 0.000790558501893244
1836 0.0006750724671448359
1922 0.004525082111985424
2078 0.00715071399973042
2112 0.0010215305713900601
2624 0.0008384895369568529
5291 0.0011370166061384682
5292 0.0011370166061384682
5293 0.0011370166061384682
5294 0.0011370166061384682
5295 0.0011370166061384682
5296 0.0011370166061384682
5297 0.0011370166061384682