5 0.0001350647307564619
6 0.0001359736315524734
10 0.00007324330367764296
15 0.00011067438687857875
20 0.00014256349717722765
23 0.0003835556157519472
24 0.0002549984919897665
25 0.00019657103084362587
26 0.000009180257170353432
27 0.000026602204202227678
28 0.00003343473243702148
29 0.000021345713143803165
30 0.00016011104162504336
31 0.000027617633552899494
32 0.0001446627800658901
34 0.0002984246466223481
41 0.00018725926302105958
43 0.0001247963410453852
44 0.00015086301495667102
45 0.000005846154498803574
47 0.0002708891434150717
50 0.00009059173042602328
57 0.0009008417879320257
59 0.000006462183444711172
60 0.000012924366889422343
74 0.0001314382268441069
93 0.0002302492435057135
95 0.0005477037159289957
96 0.0004985185111277203
97 0.0000602039675312256
103 0.00008541133970179466
124 0.00022809939265001406
125 0.00019006896079713502
132 0.00019350436353001335
139 0.0001247963410453852
140 0.0002005952689646678
143 0.0002681502686494669
144 0.00020863372840141978
163 0.00029998219746697925
168 0.00004914275771090647
195 0.00021509233277500263
234 0.00038363630339787504
239 0.001371650606111588
251 0.0006133845545933855
291 0.002057475909167382
301 0.0002517773560482004
367 0.0005759876441280593
372 0.0003553858360236491
442 0.00036481917391093806
481 0.0004339996609241885
593 0.0007533803027405932
599 0.0004991223381462831
601 0.0008353500688126544
776 0.0008309364644307748
846 0.0006378942679921852
851 0.00046935029736931276
854 0.0008384895369568529
1036 0.000867999321848377
1038 0.0005103588061228796
1039 0.0007533803027405932
1103 0.00046935029736931276
1177 0.0006220145312703716
1181 0.0057928910801479236
1310 0.003475465349956005
1325 0.0005544595315855724
1665 0.003013521210962373
1817 0.0007533803027405932
1868 0.0006075174674600367
1933 0.0009060445366416521
1985 0.0008128063180586093
2477 0.0008128063180586093
2570 0.0011191728647928555
2993 0.012684623512983127
3137 0.005030937221741117
3288 0.0016769790739137058
3847 0.000953975571705261
5126 0.0010215305713900601
5273 0.000953975571705261
5298 0.0011370166061384682
5299 0.0011370166061384682
5300 0.0011370166061384682
5301 0.0011370166061384682
5302 0.0011370166061384682
5303 0.0011370166061384682
5304 0.0011370166061384682
5305 0.0011370166061384682