5 0.0001350647307564619
6 0.0001359736315524734
10 0.00005231664548403069
14 0.00026456709550368824
20 0.00014256349717722765
23 0.0003835556157519472
25 0.00009828551542181294
26 0.000009180257170353432
27 0.00003990330630334152
28 0.000019105561392583703
29 0.00002668214142975396
30 0.00024016656243756505
31 0.000022094106842319594
32 0.0002893255601317802
41 0.00018725926302105958
43 0.0002495926820907704
44 0.00015086301495667102
45 0.000005846154498803574
50 0.00009059173042602328
59 0.000019386550334133513
60 0.000012924366889422343
74 0.0001314382268441069
82 0.0004991223381462831
92 0.00036481917391093806
94 0.0004885960299787504
95 0.0007530926094023691
96 0.0007121693016110291
97 0.0000602039675312256
100 0.00028855347451293045
101 0.0021415899749409276
103 0.00034164535880717864
109 0.0026728455911744103
125 0.00019006896079713502
129 0.0004724074680904385
132 0.0015480349082401068
137 0.000570339268307386
140 0.0002005952689646678
144 0.00020863372840141978
153 0.00022952953988283507
154 0.0007533803027405932
156 0.0007709345372720537
159 0.00014086769495867446
164 0.002318667501106507
168 0.00004914275771090647
172 0.00047827455522378713
174 0.0004111404270832213
175 0.00028530254609905744
180 0.0002526001287307366
194 0.000867999321848377
211 0.0010893120988182848
213 0.0007296383478218761
226 0.0005182941691667408
265 0.00024220853747341272
331 0.005646311638421871
361 0.0004605016093796513
402 0.017881738997289405
413 0.004753451692131428
429 0.0004755217854866652
430 0.00033256580019006747
456 0.00040485246840563934
464 0.0005648761188866944
470 0.00044672424919219483
497 0.0008934484983843897
531 0.0012757885359843703
613 0.0004176750344063272
671 0.0003910424617735554
721 0.0006146083728946911
740 0.0005595864323964277
775 0.00036481917391093806
816 0.0009704600681822526
982 0.005291041525549618
1036 0.0004339996609241885
1038 0.0005103588061228796
1049 0.001259530567250804
1065 0.0004415172276153697
1132 0.0008882007952960393
1193 0.0005309542669637955
1287 0.0033575185943785666
1687 0.000685825303055794
2570 0.0005595864323964277
2822 0.0008688663374890013
2989 0.0009060445366416521
3155 0.0007533803027405932
4111 0.006342311756491564
5306 0.014781215879800086