9 0.0007047129186040493
10 0.000020926658193612276
14 0.00026456709550368824
15 0.00016601158031786812
17 0.00024376566216822076
23 0.0001917778078759736
24 0.00012749924599488326
25 0.00014742827313271942
26 0.000009180257170353432
27 0.0000332527552527846
28 0.00002388195174072963
29 0.000032018569715704745
30 0.00008005552081252168
31 0.000011047053421159797
32 0.00021699417009883517
34 0.00017905478797340885
36 0.00017439542599474
45 0.000011692308997607148
48 0.00028258006022830796
49 0.0002231883932943071
50 0.00009059173042602328
57 0.0003603367151728103
59 0.000019386550334133513
60 0.000012924366889422343
67 0.0006987623629892522
68 0.0008056162688366655
69 0.0034691148736647986
71 0.00033256580019006747
72 0.0007394879986854364
78 0.001061908533927591
95 0.00047924075143787115
96 0.0004985185111277203
97 0.0001204079350624512
98 0.0005977793231091805
101 0.0005353974937352319
119 0.0001544851386881615
132 0.00019350436353001335
134 0.00020241617375177045
139 0.00037438902313615557
151 0.0003393671988105698
168 0.00004914275771090647
179 0.0005027842686225869
180 0.0002526001287307366
198 0.0012928806034244072
203 0.0003136839799123262
219 0.0007232300299518704
234 0.00038363630339787504
259 0.0003407614423411458
266 0.0003010819448897304
350 0.0069601674185580135
398 0.0007264187840392248
455 0.000466348213813385
458 0.004582021013441846
481 0.0004339996609241885
483 0.0007601062605041926
496 0.0003493811814946261
515 0.00043897349683716435
541 0.001581117003786488
550 0.00040280813441833274
573 0.0009771920599575008
594 0.0017455027456853792
743 0.0003800531302520963
767 0.00040692219849536895
782 0.0018660435938111148
930 0.0005648761188866944
1047 0.0012292167457893823
1048 0.0014193349925296732
1057 0.001907951143410522
1075 0.001994915191263014
1263 0.006075174674600368
1724 0.0005878935028388465
1865 0.000953975571705261
1900 0.0007533803027405932
2002 0.0006554485025236457
2587 0.0009060445366416521
4701 0.0009060445366416521
5307 0.0034110498184154047
5308 0.0022740332122769364
5309 0.0022740332122769364
5310 0.016344489142240962
5311 0.0011370166061384682