6 0.00011331135962706119
10 0.00007324330367764296
15 0.00011067438687857875
24 0.000509996983979533
25 0.00004914275771090647
26 0.000009180257170353432
27 0.0000332527552527846
28 0.000014329171044437778
29 0.000016009284857852372
30 0.00008005552081252168
31 0.000022094106842319594
32 0.0001446627800658901
34 0.00005968492932446962
43 0.0001247963410453852
44 0.00015086301495667102
45 0.000005846154498803574
48 0.0004238700903424619
50 0.00009059173042602328
59 0.000006462183444711172
60 0.000012924366889422343
67 0.0006987623629892522
74 0.0001314382268441069
80 0.002036203192863419
81 0.0020034242963392697
95 0.0006161666804201201
96 0.0006409523714499261
100 0.00014427673725646523
103 0.00008541133970179466
117 0.0007709144163699553
119 0.0001544851386881615
134 0.00020241617375177045
138 0.00029998219746697925
159 0.0009860738647107213
167 0.0025481090094062434
168 0.00004914275771090647
172 0.00047827455522378713
173 0.0007096674962648366
175 0.00028530254609905744
196 0.0005309542669637955
219 0.0003616150149759352
259 0.0003407614423411458
350 0.0005353974937352319
515 0.001316920490511493
602 0.0004955391650005044
604 0.01950735163340662
607 0.01490301742156157
641 0.000953975571705261
953 0.000685825303055794
973 0.004519008951093555
974 0.004703148022710772
1122 0.000685825303055794
1123 0.000685825303055794
1180 0.005446560494091424
1263 0.0012150349349200735
1264 0.0012150349349200735
1265 0.0016769790739137058
1266 0.000629765283625402
1267 0.0010215305713900601
1268 0.0008128063180586093
1269 0.0012014321376790688
1270 0.0009060445366416521
1271 0.000953975571705261