0 0.00010360515709016387
6 0.00011331135962706119
10 0.00006277997458083683
17 0.00024376566216822076
18 0.0003172930263603734
24 0.00012749924599488326
26 0.000009180257170353432
27 0.000013301102101113839
28 0.000009552780696291852
29 0.000010672856571901583
30 0.00016011104162504336
31 0.000016570580131739694
32 0.0001446627800658901
43 0.0002495926820907704
45 0.00000876923174820536
50 0.00004529586521301164
51 0.0031344493994626623
59 0.000012924366889422343
60 0.000012924366889422343
71 0.0016628290009503375
92 0.0007296383478218761
95 0.00041077778694674673
96 0.00042730158096661747
100 0.00014427673725646523
103 0.00017082267940358932
121 0.0002131283281512035
168 0.00004914275771090647
180 0.0005052002574614732
203 0.0003136839799123262
245 0.0043022586102628374
246 0.0005399624677752377
251 0.0003066922772966927
442 0.00036481917391093806
613 0.0004176750344063272
805 0.0005353974937352319
1132 0.0008882007952960393
1360 0.0005941814615164285
4424 0.0009060445366416521