6 0.00011331135962706119
10 0.000010463329096806138
15 0.00033202316063573624
18 0.0003172930263603734
20 0.00014256349717722765
26 0.000009180257170353432
27 0.00001995165315167076
28 0.000014329171044437778
29 0.000016009284857852372
30 0.00008005552081252168
31 0.000027617633552899494
32 0.0001446627800658901
41 0.00018725926302105958
42 0.00029780424319051263
43 0.0001247963410453852
44 0.00015086301495667102
45 0.00000876923174820536
50 0.00009059173042602328
54 0.00064217757186086
59 0.000012924366889422343
60 0.000012924366889422343
74 0.0001314382268441069
95 0.0007530926094023691
96 0.000783386231772132
97 0.0000602039675312256
100 0.00014427673725646523
103 0.00008541133970179466
125 0.00019006896079713502
132 0.00019350436353001335
133 0.00032475447298266157
134 0.00020241617375177045
138 0.00029998219746697925
139 0.0001247963410453852
140 0.0002005952689646678
143 0.0002681502686494669
153 0.00022952953988283507
161 0.00032348746208875627
168 0.00004914275771090647
170 0.00043897349683716435
175 0.00028530254609905744
177 0.00044410039764801966
214 0.0014863401436272256
217 0.000895524656248647
223 0.001263000643653683
232 0.0005182941691667408
234 0.00038363630339787504
247 0.0006297566600841033
267 0.0005494856956725966
270 0.0008384895369568529
275 0.0006649717304210047
290 0.0005648761188866944
300 0.0009078689844408373
302 0.0007672726067957501
311 0.00033798452589909114
389 0.00045485323355897795
458 0.0003818350844534872
497 0.00044672424919219483
530 0.0002736737953600468
1154 0.0006973202833102012
1463 0.005061024515459113
1582 0.0008934484983843897
1785 0.0005648761188866944
2158 0.0009060445366416521
2218 0.0008384895369568529
2336 0.004213011694653036
2475 0.0014193349925296732
2615 0.0008688663374890013
3490 0.0009060445366416521
3893 0.0009060445366416521
4103 0.000953975571705261
5028 0.009966489903058172
5312 0.0011370166061384682
5313 0.0011370166061384682
5314 0.0022740332122769364