5 0.0001350647307564619
6 0.00009064908770164895
10 0.00006277997458083683
20 0.00014256349717722765
25 0.00004914275771090647
26 0.000009180257170353432
27 0.000026602204202227678
28 0.000014329171044437778
29 0.000032018569715704745
30 0.00008005552081252168
31 0.000027617633552899494
32 0.0001446627800658901
41 0.00018725926302105958
45 0.000005846154498803574
50 0.0001358875956390349
54 0.000160544392965215
59 0.000012924366889422343
60 0.000012924366889422343
76 0.0007128678616421193
89 0.00033798452589909114
95 0.00047924075143787115
96 0.0004985185111277203
97 0.0001204079350624512
108 0.0002542579645943101
125 0.00019006896079713502
132 0.0003870087270600267
133 0.0006495089459653231
138 0.0005999643949339585
139 0.0001247963410453852
143 0.0002681502686494669
153 0.00022952953988283507
159 0.0005634707798346978
161 0.00032348746208875627
164 0.00033123821444378676
168 0.00004914275771090647
169 0.0002663490497050791
170 0.0035117879746973148
176 0.0004576534865273853
185 0.0004677902934924359
194 0.0004339996609241885
214 0.0002477233572712043
217 0.001791049312497294
223 0.0020208010298458927
255 0.0014348236656713614
266 0.0003010819448897304
300 0.0034801644403565433
301 0.0005035547120964008
302 0.0007672726067957501
311 0.00033798452589909114
362 0.00029998219746697925
515 0.00043897349683716435
734 0.0005027842686225869
797 0.0009510435709733304
1154 0.0006973202833102012
1411 0.00226014090822178
1419 0.0014750011320375594
1576 0.0007533803027405932
2336 0.0031597587709897763
2475 0.0007096674962648366
3335 0.0020430611427801203
5315 0.009096132849107746