5 0.0006753236537823096
6 0.0001359736315524734
10 0.000020926658193612276
20 0.00014256349717722765
24 0.00012749924599488326
25 0.00004914275771090647
26 0.00003213090009623701
27 0.0000066505510505569195
28 0.000004776390348145926
29 0.000005336428285950791
30 0.00008005552081252168
31 0.000016570580131739694
34 0.00005968492932446962
45 0.00001753846349641072
50 0.00004529586521301164
59 0.000012924366889422343
60 0.00006462183444711171
103 0.00008541133970179466
132 0.00019350436353001335
134 0.00020241617375177045
139 0.0001247963410453852
143 0.0002681502686494669
144 0.0006259011852042593
149 0.0006146083728946911
168 0.00009828551542181294
217 0.001791049312497294
223 0.001768200901115156
235 0.000489099431979698
241 0.000466348213813385
247 0.0006297566600841033
251 0.0003066922772966927
276 0.0007394879986854364
300 0.0007565574870340312
301 0.0010071094241928015
345 0.0006649717304210047
380 0.0038041742838933216
451 0.0006007160688395344
482 0.00040280813441833274
519 0.0004221783120451008
554 0.0003600357507382571
601 0.0004176750344063272
716 0.00045485323355897795
1039 0.0007533803027405932
1051 0.0006750724671448359
1193 0.0005309542669637955
1360 0.0005941814615164285
1757 0.0006554485025236457
3018 0.0009060445366416521
3300 0.0008384895369568529
3317 0.0010215305713900601
5316 0.0034110498184154047
5317 0.0022740332122769364
5318 0.0011370166061384682