6 0.0001359736315524734
7 0.0017693213131045233
9 0.0014094258372080986
10 0.00004185331638722455
11 0.0013323011929440589
15 0.00011067438687857875
17 0.00024376566216822076
18 0.0006345860527207468
20 0.00014256349717722765
24 0.0002549984919897665
25 0.00004914275771090647
26 0.00002295064292588358
27 0.000013301102101113839
28 0.000004776390348145926
29 0.000005336428285950791
30 0.00016011104162504336
31 0.000011047053421159797
34 0.00005968492932446962
37 0.0011963796423857577
38 0.0013729604595821559
45 0.000011692308997607148
47 0.0002708891434150717
48 0.00028258006022830796
50 0.00004529586521301164
54 0.000160544392965215
59 0.000012924366889422343
60 0.000038773100668267026
89 0.0006759690517981823
93 0.0002302492435057135
94 0.0004885960299787504
103 0.000512468038210768
107 0.0005595864323964277
129 0.002834444808542631
132 0.00019350436353001335
139 0.0001247963410453852
140 0.0006017858068940034
143 0.0005363005372989338
168 0.00004914275771090647
169 0.0002663490497050791
172 0.00023913727761189357
189 0.002377608927433326
233 0.0007783196602169099
235 0.000244549715989849
247 0.0003148783300420517
276 0.0007394879986854364
281 0.0006378942679921852
291 0.000685825303055794
293 0.0005065284965219635
300 0.00015131149740680623
301 0.0005035547120964008
302 0.00038363630339787504
342 0.0004885960299787504
343 0.00564199559201445
349 0.0017377326749780026
429 0.0009510435709733304
442 0.0007296383478218761
462 0.0005941814615164285
481 0.0004339996609241885
527 0.0006007160688395344
572 0.0005224082332437771
589 0.0011455052533604615
594 0.0005818342485617932
623 0.0004605016093796513
702 0.0005353974937352319
754 0.0006973202833102012
876 0.0007375005660187797
929 0.0007709345372720537
942 0.0006464403017122036
950 0.0010707949874704638
1368 0.000953975571705261
1463 0.0014460070044168896
1521 0.001175787005677693
1582 0.00044672424919219483
1616 0.0008688663374890013
1701 0.0007533803027405932
1767 0.0007096674962648366
1900 0.00226014090822178
1911 0.0007096674962648366
2043 0.0005759876441280593
3293 0.0008128063180586093
3300 0.0025154686108705584
3534 0.000953975571705261
3944 0.000953975571705261
3980 0.0010215305713900601
4862 0.001907951143410522
5319 0.010233149455246214
5320 0.0011370166061384682
5321 0.0011370166061384682
5322 0.0010215305713900601
5323 0.0022740332122769364
5324 0.0034110498184154047
5325 0.0011370166061384682
5326 0.0010215305713900601
5327 0.0011370166061384682