6 0.00015863590347788565
8 0.0006907477305171405
10 0.00003138998729041841
14 0.0005291341910073765
15 0.00016601158031786812
25 0.00004914275771090647
26 0.000018360514340706863
27 0.00001995165315167076
28 0.000028658342088875557
29 0.000016009284857852372
31 0.000022094106842319594
34 0.00017905478797340885
36 0.00017439542599474
37 0.0003987932141285859
38 0.0004576534865273853
45 0.000011692308997607148
48 0.00028258006022830796
50 0.0007247338434081863
57 0.00018016835758640515
59 0.000012924366889422343
60 0.000038773100668267026
74 0.0002628764536882138
79 0.0017279629323841779
85 0.0007375005660187797
91 0.00046926799994623984
92 0.0007296383478218761
96 0.00007121693016110292
97 0.0000602039675312256
108 0.0012712898229715506
109 0.002291010506720923
119 0.0009269108321289689
122 0.00030783737547859243
125 0.0007602758431885401
130 0.00036808616347914477
132 0.00019350436353001335
134 0.0004048323475035409
139 0.0002495926820907704
143 0.0008044508059484006
145 0.0019964893525851323
159 0.0004226030848760234
168 0.00019657103084362587
172 0.00023913727761189357
180 0.0002526001287307366
185 0.00023389514674621796
189 0.0004755217854866652
200 0.0002833071793801778
226 0.0005182941691667408
247 0.0009446349901261551
251 0.0006133845545933855
252 0.00021183173694126436
265 0.002179876837260714
300 0.0009078689844408373
352 0.000514279248876994
360 0.0005309542669637955
430 0.00033256580019006747
450 0.000685825303055794
451 0.0006007160688395344
475 0.0002526001287307366
483 0.0003800531302520963
496 0.0003493811814946261
509 0.00047869542676802046
550 0.00040280813441833274
589 0.0003818350844534872
668 0.014854536537910714
700 0.0007820849235471108
739 0.0006750724671448359
808 0.000570339268307386
823 0.0008688663374890013
827 0.0015067606054811865
868 0.0006220145312703716
881 0.0018892958508762061
930 0.0005648761188866944
940 0.0005544595315855724
1036 0.0013019989827725655
1061 0.0007375005660187797
1071 0.0015067606054811865
1110 0.000685825303055794
1142 0.00040280813441833274
1177 0.0006220145312703716
1200 0.0022595044755467776
1243 0.001175787005677693
1284 0.0014460070044168896
1456 0.0015418690745441074
1513 0.0019136828039765554
1868 0.0012150349349200735
2252 0.0007096674962648366
2690 0.0009060445366416521
2714 0.0010215305713900601
2904 0.0008384895369568529
2935 0.0010215305713900601
3046 0.0007709345372720537
3212 0.0009060445366416521
3233 0.0010215305713900601
3699 0.000953975571705261
3803 0.000953975571705261
4147 0.0008128063180586093
4584 0.000953975571705261
5173 0.004086122285560241
5328 0.0056850830306923415
5329 0.0034110498184154047
5330 0.0011370166061384682
5331 0.00612918342834036
5332 0.0011370166061384682
5333 0.0011370166061384682
5334 0.0011370166061384682
5335 0.00612918342834036
5336 0.021603315516630896
5337 0.0011370166061384682
5338 0.0011370166061384682
5339 0.0020430611427801203
5340 0.0022740332122769364
5341 0.0011370166061384682
5342 0.0011370166061384682
5343 0.0011370166061384682
5344 0.0011370166061384682
5345 0.0011370166061384682