0 0.00010360515709016387
2 0.0003632093920196124
4 0.003206308646779724
6 0.00015863590347788565
7 0.0014154570504836188
9 0.0007047129186040493
10 0.000010463329096806138
11 0.0026646023858881178
15 0.00016601158031786812
20 0.0002851269943544553
25 0.00004914275771090647
26 0.000009180257170353432
27 0.00001995165315167076
28 0.000019105561392583703
29 0.000021345713143803165
30 0.00008005552081252168
31 0.000027617633552899494
32 0.0001446627800658901
34 0.00005968492932446962
37 0.0019939660706429297
38 0.002288267432636927
41 0.00018725926302105958
42 0.00029780424319051263
43 0.0001247963410453852
44 0.00015086301495667102
45 0.000005846154498803574
48 0.00014129003011415398
50 0.00009059173042602328
57 0.0003603367151728103
59 0.000006462183444711172
60 0.000012924366889422343
74 0.0002628764536882138
95 0.0006846296449112446
96 0.0007121693016110291
97 0.0001204079350624512
100 0.00028855347451293045
110 0.0003600357507382571
125 0.00019006896079713502
138 0.0014999109873348963
168 0.00004914275771090647
169 0.0002663490497050791
175 0.00028530254609905744
190 0.0005494856956725966
191 0.0006973202833102012
219 0.0003616150149759352
265 0.00024220853747341272
275 0.0006649717304210047
343 0.0030379976264693193
347 0.0007709345372720537
415 0.0006649717304210047
527 0.0006007160688395344
530 0.0002736737953600468
577 0.0019393209051366106
588 0.0014460070044168896
589 0.0003818350844534872
593 0.0007533803027405932
600 0.000685825303055794
601 0.0004176750344063272
639 0.00045485323355897795
740 0.0005595864323964277
1000 0.0007533803027405932
1036 0.0004339996609241885
1069 0.0003968214617715378
1572 0.0025154686108705584
1665 0.0007533803027405932
1729 0.0008688663374890013
1911 0.0007096674962648366
1997 0.003548337481324183
2002 0.0006554485025236457
2020 0.000790558501893244
2052 0.0006649717304210047
2327 0.0006464403017122036
2587 0.0009060445366416521
3288 0.0008384895369568529
3300 0.0016769790739137058
3306 0.004086122285560241
3308 0.0008128063180586093
3325 0.003815902286821044
3351 0.0007375005660187797
3440 0.0010215305713900601
3684 0.000953975571705261
3727 0.000953975571705261
4742 0.0009060445366416521
5346 0.0011370166061384682
5347 0.0011370166061384682
5348 0.0011370166061384682
5349 0.006822099636830809