6 0.0001359736315524734
10 0.00003138998729041841
14 0.00026456709550368824
15 0.00016601158031786812
18 0.0006345860527207468
20 0.0002851269943544553
22 0.0005595864323964277
25 0.00004914275771090647
26 0.000027540771511060296
28 0.000004776390348145926
29 0.000005336428285950791
30 0.00016011104162504336
31 0.0000055235267105798985
34 0.00011936985864893924
45 0.000014615386247008935
50 0.00004529586521301164
54 0.00032108878593043
59 0.000025848733778844687
60 0.00005169746755768937
65 0.001399044641440155
79 0.0017279629323841779
97 0.00018061190259367678
100 0.00014427673725646523
103 0.00008541133970179466
109 0.0015273403378139488
119 0.0001544851386881615
134 0.00020241617375177045
136 0.00029565439233481325
140 0.0006017858068940034
143 0.0002681502686494669
168 0.00004914275771090647
169 0.0007990471491152373
247 0.004723174950630776
271 0.0004415172276153697
276 0.0007394879986854364
300 0.0006052459896272249
301 0.0010071094241928015
302 0.00038363630339787504
307 0.0003818350844534872
331 0.0003136839799123262
389 0.0009097064671179559
393 0.00048193069598779744
416 0.0003493811814946261
449 0.0038412602694128514
455 0.000466348213813385
469 0.003373514871914582
481 0.0004339996609241885
601 0.0004176750344063272
680 0.001061908533927591
701 0.000570339268307386
1147 0.0007375005660187797
1148 0.000953975571705261
1283 0.0015798793854948881
1287 0.0011191728647928555
1911 0.0007096674962648366
2327 0.0019393209051366106
3106 0.0008688663374890013
5350 0.0034110498184154047