0 0.00010360515709016387
6 0.00009064908770164895
13 0.0003124981305672972
15 0.000055337193439289376
26 0.000013770385755530148
27 0.000026602204202227678
28 0.000009552780696291852
29 0.000010672856571901583
31 0.000016570580131739694
32 0.00021699417009883517
34 0.00005968492932446962
43 0.00037438902313615557
45 0.000011692308997607148
50 0.00009059173042602328
59 0.000019386550334133513
60 0.000025848733778844687
91 0.00046926799994623984
93 0.0002302492435057135
124 0.00022809939265001406
144 0.00041726745680283956
151 0.0003393671988105698
153 0.00022952953988283507
159 0.0002817353899173489
165 0.003285452081585189
167 0.0006370272523515608
168 0.00004914275771090647
179 0.0010055685372451738
202 0.00030783737547859243
217 0.0011194058203108088
223 0.0005052002574614732
251 0.0003066922772966927
252 0.00021183173694126436
300 0.00045393449222041863
307 0.0003818350844534872
326 0.0005399624677752377
398 0.0007264187840392248
469 0.0019277227839511898
475 0.0002526001287307366
496 0.0003493811814946261
555 0.00034358542739842214
575 0.00047869542676802046
624 0.00048193069598779744
701 0.000570339268307386
805 0.0005353974937352319
933 0.0005224082332437771
1476 0.0012292167457893823
2822 0.0017377326749780026
4363 0.0010215305713900601
4606 0.000953975571705261
5359 0.0011370166061384682
5360 0.0011370166061384682
5361 0.0011370166061384682
5362 0.0011370166061384682