0 0.00010360515709016387
5 0.0002701294615129238
6 0.00011331135962706119
10 0.00005231664548403069
14 0.00026456709550368824
15 0.0002766859671964469
24 0.0002549984919897665
25 0.00004914275771090647
26 0.000013770385755530148
27 0.00001995165315167076
28 0.000014329171044437778
29 0.000016009284857852372
30 0.0003202220832500867
31 0.00004418821368463919
32 0.0001446627800658901
41 0.00018725926302105958
43 0.0001247963410453852
44 0.00015086301495667102
45 0.00000876923174820536
48 0.00014129003011415398
50 0.00004529586521301164
52 0.0021250944830467685
54 0.00032108878593043
55 0.0004520992678889995
60 0.000006462183444711172
74 0.0001314382268441069
93 0.0011512462175285675
95 0.0006161666804201201
96 0.0006409523714499261
97 0.0001204079350624512
100 0.00014427673725646523
103 0.00017082267940358932
119 0.000617940554752646
121 0.0010656416407560177
140 0.0006017858068940034
163 0.00029998219746697925
168 0.00009828551542181294
186 0.0012207665954861067
219 0.0003616150149759352
247 0.0018892699802523102
259 0.0003407614423411458
265 0.00048441707494682545
297 0.0008987801682765725
298 0.0009982446762925661
299 0.0006419639687078222
300 0.0007565574870340312
302 0.001150908910193625
303 0.0016360718544325655
308 0.0005309542669637955
360 0.0005309542669637955
448 0.0025857612068488143
458 0.002291010506720923
496 0.0003493811814946261
529 0.00044939008413828627
550 0.0012084244032549982
555 0.00034358542739842214
585 0.0003987932141285859
848 0.0005446560494091424
856 0.0020252174014345073
857 0.0020252174014345073
940 0.0022178381263422897
1065 0.0004415172276153697
1272 0.0022740332122769364
1273 0.0013946405666204024
1274 0.0007533803027405932
1275 0.0011370166061384682
1276 0.0011370166061384682
1277 0.0011370166061384682
1278 0.002861926715115783
1279 0.0022740332122769364
1280 0.002718133609924956