0 0.00020721031418032774
6 0.00020396044732871014
9 0.0007047129186040493
10 0.00003138998729041841
25 0.00004914275771090647
26 0.000009180257170353432
27 0.000013301102101113839
28 0.000019105561392583703
29 0.000016009284857852372
30 0.00016011104162504336
31 0.00003314116026347939
32 0.0001446627800658901
34 0.00005968492932446962
36 0.00017439542599474
37 0.0011963796423857577
38 0.0013729604595821559
43 0.0001247963410453852
44 0.00015086301495667102
45 0.000005846154498803574
48 0.00028258006022830796
59 0.000019386550334133513
60 0.000012924366889422343
74 0.0002628764536882138
95 0.0003423148224556223
96 0.0004985185111277203
103 0.00017082267940358932
109 0.0003818350844534872
136 0.00029565439233481325
144 0.002503604740817037
168 0.00004914275771090647
180 0.0002526001287307366
214 0.0004954467145424086
241 0.000466348213813385
247 0.0003148783300420517
266 0.0003010819448897304
277 0.0005494856956725966
326 0.0005399624677752377
343 0.001735998643696754
352 0.0015428377466309817
356 0.0005266264618316295
470 0.00044672424919219483
527 0.0012014321376790688
544 0.0005353974937352319
546 0.0007709345372720537
585 0.0003987932141285859
589 0.004200185928988359
697 0.0005878935028388465
702 0.0016061924812056955
775 0.00036481917391093806
1132 0.00044410039764801966
1917 0.002606599012467004
2621 0.005533909513252707
5363 0.0010215305713900601