0 0.00010360515709016387
6 0.00011331135962706119
10 0.000020926658193612276
13 0.0003124981305672972
23 0.0001917778078759736
24 0.0002549984919897665
25 0.00009828551542181294
26 0.000009180257170353432
27 0.000013301102101113839
28 0.000014329171044437778
29 0.000021345713143803165
30 0.00016011104162504336
31 0.000022094106842319594
32 0.0001446627800658901
41 0.00018725926302105958
43 0.00037438902313615557
44 0.00015086301495667102
45 0.000005846154498803574
48 0.00014129003011415398
50 0.00004529586521301164
59 0.000012924366889422343
60 0.000012924366889422343
74 0.0001314382268441069
95 0.0006846296449112446
96 0.0006409523714499261
97 0.0000602039675312256
103 0.00008541133970179466
124 0.0006842981779500422
125 0.00019006896079713502
133 0.0006495089459653231
136 0.00029565439233481325
139 0.00037438902313615557
153 0.00022952953988283507
161 0.0006469749241775125
162 0.0003800531302520963
168 0.00004914275771090647
170 0.00043897349683716435
214 0.0017340635008984298
223 0.0007578003861922098
247 0.002833904970378465
251 0.0003066922772966927
300 0.0009078689844408373
301 0.0005035547120964008
307 0.0003818350844534872
311 0.00033798452589909114
444 0.002351574011355386
458 0.0007636701689069744
460 0.0006554485025236457
619 0.0038125923458639964
654 0.0007745964677483575
776 0.002908277625507711
1180 0.0021786241976365695
1338 0.0006464403017122036
5363 0.009193775142510541