0 0.00010360515709016387
5 0.0002701294615129238
6 0.00011331135962706119
14 0.00026456709550368824
15 0.00011067438687857875
25 0.00004914275771090647
26 0.000009180257170353432
27 0.0000332527552527846
28 0.000019105561392583703
29 0.000021345713143803165
30 0.00024016656243756505
31 0.000011047053421159797
32 0.00021699417009883517
36 0.00017439542599474
43 0.0001247963410453852
45 0.00000876923174820536
48 0.00014129003011415398
50 0.00009059173042602328
52 0.0035418241384112814
53 0.0011657446549878435
54 0.00032108878593043
55 0.000904198535777999
56 0.00034358542739842214
57 0.00018016835758640515
59 0.000032310917223555856
60 0.000012924366889422343
67 0.0003493811814946261
74 0.0001314382268441069
75 0.0018539423896705286
76 0.00023762262054737309
80 0.0006787343976211396
81 0.0006678080987797565
91 0.00023463399997311992
95 0.00047924075143787115
96 0.0004985185111277203
97 0.0001204079350624512
98 0.0014944483077729512
103 0.00034164535880717864
108 0.0002542579645943101
109 0.0003818350844534872
122 0.00030783737547859243
132 0.00019350436353001335
136 0.0005913087846696265
140 0.0002005952689646678
143 0.0002681502686494669
146 0.00036481917391093806
158 0.0003765453979632206
159 0.0005634707798346978
164 0.0006624764288875735
168 0.00004914275771090647
176 0.0004576534865273853
199 0.0007375005660187797
219 0.0003616150149759352
224 0.003628059184167185
225 0.0005353974937352319
255 0.0023913727761189357
265 0.00048441707494682545
278 0.0009982446762925661
299 0.0003209819843539111
310 0.0034291265152789703
314 0.0012928806034244072
325 0.00043897349683716435
331 0.0003136839799123262
362 0.0014999109873348963
372 0.0003553858360236491
398 0.0007264187840392248
417 0.0003600357507382571
439 0.001053252923663259
440 0.0013901978018369889
464 0.0022595044755467776
496 0.0003493811814946261
515 0.00043897349683716435
611 0.0005309542669637955
623 0.0004605016093796513
681 0.0034220356098443156
700 0.0007820849235471108
716 0.0009097064671179559
767 0.00040692219849536895
799 0.0007565800661254732
806 0.0032553775879629516
951 0.00557856226648161
960 0.0004724074680904385
966 0.0012928806034244072
973 0.006778513426640332
974 0.006466828531227312
975 0.0022178381263422897
976 0.0007375005660187797
985 0.003420172209851252
988 0.0028386699850593464
1122 0.000685825303055794
1123 0.000685825303055794
1142 0.00040280813441833274
1144 0.0009060445366416521
1510 0.006027042421924746
1566 0.0006007160688395344
1836 0.0006750724671448359
2919 0.0009060445366416521
3286 0.000953975571705261
5364 0.0011370166061384682