5 0.0001350647307564619
6 0.0002719472631049468
10 0.00004185331638722455
20 0.00014256349717722765
24 0.0002549984919897665
25 0.00019657103084362587
26 0.000013770385755530148
27 0.0000332527552527846
28 0.000028658342088875557
29 0.000021345713143803165
30 0.0004002776040626084
31 0.00004418821368463919
32 0.0002893255601317802
33 0.002853130712919991
43 0.0002495926820907704
44 0.00030172602991334203
45 0.00001753846349641072
49 0.0004463767865886142
50 0.00004529586521301164
54 0.00032108878593043
56 0.00034358542739842214
59 0.000006462183444711172
60 0.000012924366889422343
74 0.0001314382268441069
95 0.00013692592898224894
96 0.00021365079048330874
97 0.0001204079350624512
103 0.0004270566985089733
111 0.0004724074680904385
124 0.0009123975706000563
134 0.00020241617375177045
135 0.0010893120988182848
136 0.00029565439233481325
159 0.00126780925462807
162 0.0003800531302520963
168 0.00009828551542181294
195 0.00021509233277500263
214 0.0002477233572712043
223 0.0002526001287307366
234 0.00038363630339787504
235 0.000244549715989849
251 0.0003066922772966927
252 0.00021183173694126436
259 0.0003407614423411458
265 0.0007266256124202381
293 0.001013056993043927
303 0.003272143708865131
306 0.004141999377595427
325 0.00043897349683716435
362 0.00029998219746697925
417 0.0003600357507382571
429 0.002377608927433326
434 0.00032731777168967243
435 0.00044410039764801966
442 0.00036481917391093806
459 0.000570339268307386
464 0.0005648761188866944
482 0.00443088947860166
489 0.0006146083728946911
539 0.0005494856956725966
555 0.00034358542739842214
566 0.0016256126361172186
623 0.0004605016093796513
654 0.0007745964677483575
712 0.0012928806034244072
714 0.0005027842686225869
833 0.0005065284965219635
834 0.0006378942679921852
848 0.0005446560494091424
851 0.00046935029736931276
867 0.0025139213431129345
897 0.0005494856956725966
898 0.0005027842686225869
900 0.0026331323091581473
901 0.0005759876441280593
902 0.0005544595315855724
903 0.0005818342485617932
904 0.0006007160688395344
905 0.0005878935028388465
906 0.000570339268307386
907 0.0005878935028388465
908 0.0005818342485617932
909 0.0005941814615164285
910 0.000570339268307386
911 0.0005759876441280593
912 0.0009573908535360409
1007 0.0008688663374890013
1045 0.000953975571705261
1060 0.0005544595315855724
1062 0.0022595044755467776
1063 0.0007375005660187797
1066 0.00048193069598779744
1067 0.0005544595315855724
1068 0.0010207176122457593
1274 0.0015067606054811865
1333 0.0007096674962648366
1477 0.0010989713913451932
1559 0.0006075174674600367
1806 0.001371650606111588
1979 0.0011636684971235863
1985 0.0073152568625274835
1991 0.0010215305713900601
1996 0.0006378942679921852
3079 0.003251225272234437
4015 0.0020430611427801203
4453 0.006677829001936826
5366 0.0022740332122769364
5367 0.0011370166061384682
5368 0.0011370166061384682
5369 0.0011370166061384682