0 0.00020721031418032774
6 0.00009064908770164895
10 0.000020926658193612276
15 0.000055337193439289376
17 0.00024376566216822076
24 0.0002549984919897665
25 0.00014742827313271942
26 0.00002295064292588358
27 0.000013301102101113839
28 0.000009552780696291852
29 0.000010672856571901583
31 0.000016570580131739694
45 0.000014615386247008935
47 0.0005417782868301434
48 0.00014129003011415398
50 0.00009059173042602328
52 0.0021250944830467685
53 0.0005828723274939218
54 0.0004816331788956449
55 0.0004520992678889995
57 0.00018016835758640515
59 0.000012924366889422343
60 0.00005169746755768937
71 0.00033256580019006747
74 0.0001314382268441069
87 0.00036808616347914477
95 0.00020538889347337336
96 0.00021365079048330874
119 0.00046345541606448445
121 0.0002131283281512035
132 0.00019350436353001335
137 0.000570339268307386
139 0.00037438902313615557
144 0.00041726745680283956
149 0.0006146083728946911
168 0.00004914275771090647
175 0.00028530254609905744
185 0.00023389514674621796
195 0.00021509233277500263
200 0.0005666143587603556
202 0.00030783737547859243
203 0.0003136839799123262
217 0.002462692804683779
223 0.0002526001287307366
234 0.00038363630339787504
252 0.0004236634738825287
262 0.0006929162084904484
276 0.0007394879986854364
299 0.0003209819843539111
308 0.001061908533927591
309 0.0005266264618316295
328 0.0003260311928669616
370 0.0004221783120451008
399 0.0008384895369568529
454 0.00038363630339787504
459 0.000570339268307386
481 0.0004339996609241885
529 0.00044939008413828627
538 0.00037310999523034225
585 0.0003987932141285859
619 0.0005446560494091424
654 0.00038729823387417876
672 0.0005182941691667408
686 0.0017110178049221578
687 0.0005065284965219635
786 0.000570339268307386
833 0.001013056993043927
957 0.0009060445366416521
1031 0.001966345507570937
1032 0.001907951143410522
1132 0.00044410039764801966
1246 0.0009060445366416521
1417 0.000953975571705261
2111 0.0008688663374890013
2189 0.0006146083728946911
2624 0.011738853517395939
3833 0.0008128063180586093
4448 0.0008688663374890013
5370 0.0022740332122769364
5371 0.0011370166061384682
5372 0.0010215305713900601
5373 0.0011370166061384682