5 0.0001350647307564619
10 0.000020926658193612276
15 0.000055337193439289376
20 0.00014256349717722765
23 0.0001917778078759736
24 0.00012749924599488326
25 0.00004914275771090647
26 0.000013770385755530148
27 0.00001995165315167076
28 0.000009552780696291852
29 0.000016009284857852372
30 0.00016011104162504336
31 0.0000055235267105798985
32 0.0001446627800658901
33 0.002853130712919991
43 0.0001247963410453852
44 0.00015086301495667102
45 0.00000876923174820536
50 0.00018118346085204656
52 0.0021250944830467685
59 0.000006462183444711172
60 0.000012924366889422343
71 0.00033256580019006747
74 0.0001314382268441069
75 0.00030899039827842145
77 0.00043897349683716435
91 0.00023463399997311992
98 0.001195558646218361
103 0.00017082267940358932
110 0.0003600357507382571
122 0.0006156747509571849
134 0.00020241617375177045
159 0.0002817353899173489
168 0.00009828551542181294
185 0.00023389514674621796
235 0.000489099431979698
251 0.0003066922772966927
256 0.0005266264618316295
264 0.0017110178049221578
265 0.00024220853747341272
296 0.0006649717304210047
300 0.0012104919792544498
301 0.0010071094241928015
377 0.0007533803027405932
428 0.0007375005660187797
475 0.0002526001287307366
482 0.0012084244032549982
509 0.0009573908535360409
530 0.0005473475907200936
549 0.0005759876441280593
599 0.0009982446762925661
635 0.0005182941691667408
671 0.0003910424617735554
703 0.0009982446762925661
1096 0.004086122285560241
1597 0.0006554485025236457
1599 0.0006220145312703716
1811 0.005107652856950301
2029 0.0007709345372720537
2543 0.001259530567250804
2683 0.0009060445366416521
2705 0.0010215305713900601
3001 0.0009060445366416521
3036 0.0008128063180586093
3596 0.0009060445366416521
3821 0.0008384895369568529
3997 0.0010215305713900601
5091 0.013355658003873653
5374 0.0011370166061384682
5375 0.006822099636830809
5376 0.0011370166061384682
5377 0.0011370166061384682
5378 0.0011370166061384682
5379 0.0011370166061384682
5380 0.0011370166061384682
5381 0.0022740332122769364
5382 0.0011370166061384682
5383 0.0011370166061384682
5384 0.0011370166061384682
5385 0.0011370166061384682
5386 0.0011370166061384682
5387 0.0011370166061384682
5388 0.0011370166061384682
5389 0.0011370166061384682
5390 0.0011370166061384682
5391 0.0011370166061384682
5392 0.0011370166061384682