6 0.0001359736315524734
10 0.00003138998729041841
15 0.000055337193439289376
26 0.000009180257170353432
27 0.000013301102101113839
28 0.000014329171044437778
29 0.000010672856571901583
30 0.00016011104162504336
31 0.000016570580131739694
36 0.00017439542599474
45 0.00000876923174820536
56 0.00034358542739842214
59 0.000006462183444711172
60 0.000012924366889422343
71 0.00033256580019006747
76 0.00023762262054737309
80 0.0006787343976211396
81 0.0006678080987797565
103 0.00008541133970179466
104 0.0006973202833102012
109 0.0003818350844534872
122 0.00030783737547859243
125 0.000570206882391405
127 0.0018660435938111148
138 0.00029998219746697925
139 0.0001247963410453852
140 0.0002005952689646678
146 0.00036481917391093806
151 0.0003393671988105698
159 0.0007043384747933724
163 0.00029998219746697925
164 0.00033123821444378676
168 0.00004914275771090647
200 0.0002833071793801778
233 0.00038915983010845493
235 0.000489099431979698
241 0.000466348213813385
300 0.00030262299481361246
398 0.0003632093920196124
439 0.0005266264618316295
440 0.0013901978018369889
509 0.00047869542676802046
742 0.00040692219849536895
774 0.0005941814615164285
912 0.00047869542676802046
913 0.0004111404270832213
1142 0.00040280813441833274
1252 0.000570339268307386
1333 0.0007096674962648366
1785 0.0005648761188866944
2024 0.0053965417609043755
2129 0.012684623512983127
2608 0.0008688663374890013
2933 0.0018120890732833041
5393 0.0010215305713900601
5394 0.00612918342834036