0 0.0003108154712704916
5 0.0001350647307564619
6 0.0001359736315524734
10 0.000010463329096806138
15 0.00011067438687857875
23 0.0001917778078759736
24 0.0006374962299744162
26 0.000009180257170353432
27 0.00001995165315167076
28 0.000019105561392583703
29 0.000021345713143803165
30 0.00008005552081252168
31 0.000011047053421159797
32 0.00021699417009883517
34 0.00005968492932446962
43 0.0001247963410453852
44 0.00015086301495667102
45 0.000011692308997607148
46 0.0013092710867586897
48 0.00014129003011415398
49 0.0002231883932943071
50 0.00009059173042602328
52 0.0004722432184548375
53 0.0008743084912408826
54 0.00032108878593043
59 0.000019386550334133513
60 0.000012924366889422343
64 0.0005941814615164285
65 0.001399044641440155
67 0.0003493811814946261
69 0.0038545720818497766
71 0.0006651316003801349
74 0.0002628764536882138
87 0.00036808616347914477
95 0.0006846296449112446
96 0.000783386231772132
97 0.0001204079350624512
98 0.00029888966155459023
100 0.00014427673725646523
103 0.00017082267940358932
108 0.0002542579645943101
121 0.0002131283281512035
130 0.00036808616347914477
133 0.0006495089459653231
139 0.0004991853641815408
159 0.00014086769495867446
164 0.0006624764288875735
175 0.00028530254609905744
177 0.00044410039764801966
185 0.0007016854402386539
192 0.0007375005660187797
202 0.0006156747509571849
214 0.0002477233572712043
216 0.0006075174674600367
222 0.0007496376846183616
265 0.002179876837260714
301 0.0005035547120964008
392 0.0023934771338401024
396 0.0008128063180586093
416 0.0003493811814946261
455 0.000466348213813385
475 0.0005052002574614732
554 0.0003600357507382571
582 0.0019393209051366106
594 0.0011636684971235863
644 0.0005399624677752377
645 0.0005353974937352319
797 0.0004755217854866652
1069 0.0003968214617715378
1134 0.000790558501893244
1273 0.0006973202833102012
1281 0.017055249092077025
1282 0.0005544595315855724
1283 0.0015798793854948881
1284 0.0007230035022084448
1285 0.0009060445366416521
1286 0.0011370166061384682
1287 0.0005595864323964277
1288 0.0010215305713900601
1289 0.0010215305713900601
1290 0.0010215305713900601
1291 0.0011370166061384682
1292 0.0011370166061384682
1293 0.0011370166061384682
1294 0.0011370166061384682
1295 0.0007533803027405932
1296 0.000953975571705261
1297 0.0011370166061384682
1298 0.0011370166061384682