0 0.00010360515709016387
10 0.00005231664548403069
25 0.00004914275771090647
26 0.000013770385755530148
27 0.000013301102101113839
28 0.000009552780696291852
29 0.000010672856571901583
30 0.00024016656243756505
31 0.000016570580131739694
32 0.0001446627800658901
33 0.0014265653564599955
43 0.0001247963410453852
45 0.000014615386247008935
46 0.0006546355433793449
48 0.00014129003011415398
49 0.0002231883932943071
52 0.00023612160922741876
59 0.000006462183444711172
60 0.000012924366889422343
96 0.00007121693016110292
151 0.0003393671988105698
185 0.00023389514674621796
197 0.000570339268307386
252 0.0010591586847063217
265 0.00024220853747341272
299 0.0003209819843539111
389 0.00045485323355897795
390 0.0005878935028388465
455 0.000466348213813385
462 0.0005941814615164285
515 0.00043897349683716435
554 0.0003600357507382571
950 0.0010707949874704638
1155 0.0007709345372720537
1248 0.0005353974937352319
1749 0.0007533803027405932
2626 0.0008688663374890013