0 0.00010360515709016387
6 0.00015863590347788565
10 0.000010463329096806138
20 0.00014256349717722765
26 0.000013770385755530148
27 0.00001995165315167076
28 0.000014329171044437778
29 0.000016009284857852372
30 0.00016011104162504336
31 0.000027617633552899494
32 0.0001446627800658901
33 0.003328652498406656
41 0.00018725926302105958
43 0.0001247963410453852
45 0.00000876923174820536
47 0.0002708891434150717
48 0.00028258006022830796
50 0.00004529586521301164
56 0.00034358542739842214
57 0.00018016835758640515
59 0.000006462183444711172
60 0.000012924366889422343
97 0.0000602039675312256
102 0.0003910424617735554
125 0.00019006896079713502
132 0.00019350436353001335
134 0.00020241617375177045
143 0.0002681502686494669
146 0.00036481917391093806
153 0.00022952953988283507
168 0.00009828551542181294
217 0.0013432869843729705
219 0.0003616150149759352
223 0.0007578003861922098
234 0.00038363630339787504
235 0.000244549715989849
251 0.0003066922772966927
259 0.0003407614423411458
300 0.00030262299481361246
301 0.000755332068144601
462 0.0005941814615164285
482 0.0008056162688366655
499 0.0005648761188866944
540 0.0005648761188866944
554 0.0003600357507382571
574 0.0006750724671448359
623 0.0004605016093796513
943 0.0007096674962648366
1038 0.0005103588061228796
2047 0.000953975571705261
4742 0.0009060445366416521
5395 0.0011370166061384682
5396 0.0011370166061384682