6 0.00015863590347788565
8 0.0011512462175285675
10 0.00007324330367764296
14 0.00026456709550368824
15 0.00016601158031786812
17 0.00024376566216822076
25 0.00004914275771090647
26 0.000009180257170353432
27 0.00004655385735389843
28 0.000014329171044437778
29 0.000010672856571901583
31 0.000016570580131739694
34 0.00005968492932446962
36 0.00034879085198948
45 0.000005846154498803574
50 0.0002717751912780698
59 0.000006462183444711172
60 0.000012924366889422343
71 0.00033256580019006747
76 0.00023762262054737309
87 0.00036808616347914477
90 0.0003600357507382571
93 0.0002302492435057135
97 0.0000602039675312256
100 0.0008656604235387913
109 0.014509733209232512
119 0.000308970277376323
124 0.00022809939265001406
134 0.00020241617375177045
136 0.0005913087846696265
139 0.0001247963410453852
151 0.0003393671988105698
159 0.0007043384747933724
167 0.0019110817570546824
168 0.00004914275771090647
171 0.0004176750344063272
195 0.00043018466555000526
262 0.0003464581042452242
265 0.00024220853747341272
276 0.0003697439993427182
277 0.0005494856956725966
370 0.0004221783120451008
372 0.0007107716720472983
389 0.0009097064671179559
391 0.0004605016093796513
419 0.0007533803027405932
430 0.0006651316003801349
496 0.0003493811814946261
499 0.0005648761188866944
515 0.00043897349683716435
530 0.0002736737953600468
538 0.00037310999523034225
539 0.0005494856956725966
550 0.0008056162688366655
624 0.0038554455679023795
668 0.017825443845492856
715 0.0007709345372720537
716 0.003183972634912845
798 0.005677339970118693
799 0.0003782900330627366
801 0.002718133609924956
806 0.0012207665954861067
808 0.000570339268307386
811 0.000685825303055794
868 0.003110072656351858
893 0.0006554485025236457
1176 0.0006464403017122036
1184 0.011067819026505414
1412 0.0005648761188866944
1423 0.000953975571705261
1456 0.0015418690745441074
1521 0.0005878935028388465
1937 0.00612918342834036
2273 0.002057475909167382
2477 0.0008128063180586093
2482 0.0007375005660187797
2483 0.0014460070044168896
2665 0.0007230035022084448
3111 0.0010215305713900601
5407 0.0011370166061384682
5408 0.0011370166061384682
5409 0.01250718266752315
5410 0.0011370166061384682
5411 0.0011370166061384682
5412 0.0011370166061384682
5413 0.0011370166061384682
5414 0.0011370166061384682