6 0.00015863590347788565
10 0.00006277997458083683
15 0.0002766859671964469
25 0.00004914275771090647
26 0.000018360514340706863
27 0.000013301102101113839
28 0.000009552780696291852
29 0.000010672856571901583
31 0.000016570580131739694
45 0.000011692308997607148
48 0.00014129003011415398
50 0.00009059173042602328
56 0.0006871708547968443
59 0.000006462183444711172
60 0.000038773100668267026
75 0.004016875177619479
80 0.0003393671988105698
81 0.00033390404938987825
85 0.0007375005660187797
87 0.00036808616347914477
91 0.00046926799994623984
95 0.00020538889347337336
97 0.0002408158701249024
100 0.00014427673725646523
103 0.000256234019105384
108 0.0010170318583772404
119 0.000617940554752646
120 0.00627588254979181
125 0.000570206882391405
134 0.00020241617375177045
143 0.0005363005372989338
153 0.00022952953988283507
163 0.00029998219746697925
166 0.0013815048281389537
168 0.00004914275771090647
185 0.0007016854402386539
196 0.0005309542669637955
214 0.0004954467145424086
255 0.0007174118328356807
347 0.0007709345372720537
362 0.0008999465924009378
398 0.0003632093920196124
442 0.0029185533912875045
452 0.0016198874033257126
458 0.0003818350844534872
475 0.0002526001287307366
497 0.00044672424919219483
509 0.0038295634141441636
541 0.0023716755056797318
548 0.0007533803027405932
550 0.0012084244032549982
678 0.000629765283625402
681 0.000570339268307386
713 0.006653514379026869
730 0.0013108970050472915
735 0.001188362923032857
785 0.00557856226648161
1308 0.0007375005660187797
1312 0.001994915191263014
1412 0.0005648761188866944
1757 0.0006554485025236457
1979 0.0005818342485617932
2454 0.0008384895369568529
4729 0.0008384895369568529
5415 0.03183646497187711