0 0.00020721031418032774
5 0.0001350647307564619
6 0.00015863590347788565
10 0.00005231664548403069
26 0.000009180257170353432
27 0.00001995165315167076
28 0.000014329171044437778
29 0.000021345713143803165
30 0.00024016656243756505
31 0.000022094106842319594
32 0.0001446627800658901
45 0.00000876923174820536
50 0.00009059173042602328
59 0.000038773100668267026
60 0.000012924366889422343
76 0.00023762262054737309
89 0.00033798452589909114
90 0.0003600357507382571
91 0.00046926799994623984
93 0.0002302492435057135
95 0.00047924075143787115
96 0.0004985185111277203
97 0.0000602039675312256
100 0.00014427673725646523
119 0.0001544851386881615
130 0.00036808616347914477
134 0.0004048323475035409
136 0.00029565439233481325
164 0.0009937146433313601
168 0.00004914275771090647
176 0.0004576534865273853
195 0.00043018466555000526
200 0.0002833071793801778
210 0.0005494856956725966
213 0.00036481917391093806
217 0.000895524656248647
223 0.0022734011585766292
226 0.0005182941691667408
251 0.0003066922772966927
255 0.0016739609432832548
256 0.001053252923663259
266 0.0006021638897794608
300 0.0022696724611020935
307 0.0003818350844534872
327 0.00047869542676802046
328 0.0003260311928669616
362 0.00029998219746697925
444 0.0005878935028388465
447 0.0006464403017122036
456 0.001214557405216918
464 0.0005648761188866944
475 0.0002526001287307366
482 0.0024168488065099965
550 0.00040280813441833274
625 0.0006378942679921852
780 0.0007096674962648366
797 0.0014265653564599955
833 0.0015195854895658904
1338 0.004525082111985424
1836 0.0006750724671448359
2217 0.0016769790739137058