5 0.0001350647307564619
10 0.00004185331638722455
15 0.00016601158031786812
25 0.00004914275771090647
26 0.000009180257170353432
27 0.00001995165315167076
28 0.000009552780696291852
29 0.000021345713143803165
30 0.00016011104162504336
31 0.0000055235267105798985
32 0.0001446627800658901
34 0.00005968492932446962
45 0.000005846154498803574
50 0.00004529586521301164
59 0.000006462183444711172
60 0.000012924366889422343
72 0.0003697439993427182
91 0.00046926799994623984
93 0.0002302492435057135
95 0.00041077778694674673
96 0.00042730158096661747
100 0.00014427673725646523
108 0.0002542579645943101
130 0.00036808616347914477
134 0.0004048323475035409
139 0.0001247963410453852
144 0.0008345349136056791
146 0.00036481917391093806
151 0.0003393671988105698
166 0.0004605016093796513
167 0.0003185136261757804
168 0.00004914275771090647
188 0.0020731766766669633
203 0.0003136839799123262
355 0.000685825303055794
449 0.0008536133932028559
462 0.0005941814615164285
594 0.0005818342485617932
740 0.0005595864323964277
929 0.0007709345372720537
942 0.0006464403017122036
1509 0.0009060445366416521
1870 0.0072483562931332166
2129 0.008154400829774868
2131 0.004086122285560241
2132 0.0010215305713900601
2698 0.000953975571705261
3118 0.0010215305713900601
3351 0.0007375005660187797
4157 0.008154400829774868
4372 0.0010215305713900601
5422 0.004548066424553873
5423 0.013644199273661619
5424 0.005107652856950301
5425 0.010233149455246214
5426 0.0011370166061384682
5427 0.0011370166061384682
5428 0.0011370166061384682