0 0.00010360515709016387
6 0.00009064908770164895
8 0.0006907477305171405
10 0.00011509662006486752
22 0.0005595864323964277
25 0.00004914275771090647
26 0.000009180257170353432
27 0.000013301102101113839
28 0.000014329171044437778
29 0.000010672856571901583
31 0.000016570580131739694
34 0.00017905478797340885
36 0.00034879085198948
41 0.00018725926302105958
45 0.000005846154498803574
56 0.00034358542739842214
57 0.0003603367151728103
58 0.0005595864323964277
59 0.000006462183444711172
60 0.000012924366889422343
90 0.0003600357507382571
95 0.00006846296449112447
97 0.0000602039675312256
110 0.0007200715014765141
119 0.000308970277376323
124 0.0006842981779500422
132 0.0003870087270600267
134 0.0004048323475035409
159 0.002113015424380117
167 0.0022295953832304626
168 0.00004914275771090647
185 0.00023389514674621796
195 0.00021509233277500263
201 0.0003782900330627366
202 0.00030783737547859243
219 0.0003616150149759352
252 0.002330149106353908
259 0.0003407614423411458
265 0.00024220853747341272
266 0.0003010819448897304
286 0.0006973202833102012
292 0.0007709345372720537
295 0.012684623512983127
339 0.006634664479597435
416 0.0003493811814946261
431 0.0009060445366416521
442 0.00036481917391093806
469 0.00048193069598779744
470 0.00044672424919219483
486 0.0007230035022084448
490 0.001694628356660083
491 0.0016633785947567173
492 0.000685825303055794
530 0.0002736737953600468
539 0.0005494856956725966
668 0.0005941814615164285
681 0.000570339268307386
775 0.00036481917391093806
785 0.0020919608499306037
829 0.005598130781433344
865 0.0004520992678889995
913 0.0004111404270832213
960 0.0004724074680904385
1181 0.0005266264618316295
1274 0.0007533803027405932
1380 0.0007709345372720537
1497 0.0007230035022084448
1597 0.001966345507570937
1643 0.0007375005660187797
1806 0.000685825303055794
1976 0.0006649717304210047
2106 0.011447706860463132
2293 0.0008384895369568529
2454 0.0008384895369568529
3206 0.0009060445366416521
3361 0.00553147535605222
3480 0.0010215305713900601
4588 0.0008688663374890013
4729 0.0008384895369568529
5437 0.0011370166061384682
5438 0.009096132849107746
5439 0.0011370166061384682
5440 0.0011370166061384682
5441 0.006822099636830809