0 0.00010360515709016387
6 0.00009064908770164895
10 0.00012555994916167365
15 0.000055337193439289376
22 0.0005595864323964277
24 0.001019993967959066
26 0.000009180257170353432
27 0.00001995165315167076
28 0.000019105561392583703
29 0.000037354998001655535
31 0.000022094106842319594
32 0.00021699417009883517
34 0.00005968492932446962
45 0.000014615386247008935
46 0.0016365888584483623
48 0.00014129003011415398
49 0.0002231883932943071
50 0.00009059173042602328
52 0.00023612160922741876
54 0.000160544392965215
59 0.000012924366889422343
60 0.000012924366889422343
95 0.0005477037159289957
96 0.0006409523714499261
97 0.0001204079350624512
100 0.00014427673725646523
121 0.0006393849844536105
122 0.0006156747509571849
125 0.00019006896079713502
139 0.0002495926820907704
140 0.0004011905379293356
143 0.0005363005372989338
153 0.00022952953988283507
159 0.00014086769495867446
164 0.0006624764288875735
168 0.00009828551542181294
175 0.00028530254609905744
185 0.0004677902934924359
186 0.0012207665954861067
213 0.00036481917391093806
217 0.002462692804683779
223 0.002526001287307366
255 0.0021522354985070422
311 0.0006759690517981823
360 0.0005309542669637955
361 0.0004605016093796513
362 0.001199928789867917
416 0.0003493811814946261
434 0.0006546355433793449
437 0.00043897349683716435
446 0.0020883751720316363
496 0.0010481435444838782
497 0.00044672424919219483
613 0.0004176750344063272
639 0.0009097064671179559
644 0.0005399624677752377
645 0.0005353974937352319
654 0.0011618947016225362
663 0.0006973202833102012
742 0.00040692219849536895
831 0.0037320871876222296
979 0.002718133609924956
1069 0.0007936429235430756
1296 0.000953975571705261
1299 0.001907951143410522
1300 0.0008688663374890013
1301 0.0008688663374890013
1302 0.0022740332122769364