6 0.0000679868157762367
8 0.0006907477305171405
10 0.00004185331638722455
14 0.001058268382014753
15 0.000055337193439289376
20 0.00014256349717722765
23 0.0001917778078759736
24 0.0003824977379846497
25 0.00009828551542181294
26 0.000013770385755530148
27 0.00001995165315167076
28 0.000019105561392583703
29 0.000010672856571901583
31 0.0000055235267105798985
36 0.00017439542599474
44 0.00015086301495667102
45 0.00000876923174820536
49 0.0002231883932943071
50 0.00004529586521301164
52 0.00023612160922741876
54 0.000160544392965215
57 0.0003603367151728103
59 0.000006462183444711172
60 0.000025848733778844687
72 0.0003697439993427182
74 0.0001314382268441069
95 0.00020538889347337336
96 0.00021365079048330874
98 0.0008966689846637708
103 0.00034164535880717864
119 0.0001544851386881615
129 0.005668889617085262
138 0.0005999643949339585
139 0.0001247963410453852
143 0.0002681502686494669
159 0.00014086769495867446
163 0.00029998219746697925
166 0.0004605016093796513
167 0.0003185136261757804
168 0.00004914275771090647
172 0.00023913727761189357
200 0.0002833071793801778
201 0.0003782900330627366
265 0.00024220853747341272
278 0.0004991223381462831
290 0.003389256713320166
303 0.001227053890824424
307 0.0003818350844534872
326 0.0005399624677752377
342 0.0004885960299787504
475 0.0005052002574614732
483 0.0007601062605041926
544 0.0005353974937352319
550 0.00040280813441833274
573 0.0004885960299787504
714 0.0010055685372451738
740 0.0005595864323964277
913 0.0008222808541664426
960 0.0004724074680904385
1103 0.00046935029736931276
1269 0.0006007160688395344
1335 0.0015067606054811865
1390 0.0008384895369568529
1419 0.0007375005660187797
1442 0.0007533803027405932
1498 0.000953975571705261
1757 0.0006554485025236457
1785 0.0005648761188866944
1838 0.0010215305713900601
2043 0.0005759876441280593
2052 0.003324858652105023
2960 0.0008128063180586093
3026 0.0009060445366416521
3343 0.0009060445366416521
3361 0.0012292167457893823
3368 0.003475465349956005
3513 0.016344489142240962
3542 0.0008128063180586093
4016 0.000953975571705261
4404 0.0020430611427801203
5449 0.0011370166061384682