6 0.00011331135962706119
10 0.00006277997458083683
14 0.00026456709550368824
15 0.0002766859671964469
23 0.0003835556157519472
24 0.00012749924599488326
25 0.00004914275771090647
26 0.000009180257170353432
27 0.00003990330630334152
28 0.000028658342088875557
29 0.00002668214142975396
30 0.0003202220832500867
31 0.000011047053421159797
32 0.0001446627800658901
34 0.00011936985864893924
36 0.00017439542599474
41 0.00018725926302105958
43 0.0001247963410453852
44 0.00015086301495667102
45 0.00000876923174820536
47 0.0005417782868301434
50 0.0002264793260650582
59 0.000025848733778844687
60 0.000012924366889422343
71 0.00033256580019006747
74 0.0002628764536882138
93 0.0002302492435057135
95 0.0006161666804201201
96 0.0005697354412888233
97 0.0000602039675312256
103 0.000256234019105384
110 0.0003600357507382571
124 0.00022809939265001406
125 0.00019006896079713502
134 0.0004048323475035409
140 0.0002005952689646678
142 0.0004520992678889995
143 0.0002681502686494669
146 0.00036481917391093806
164 0.00033123821444378676
168 0.00009828551542181294
169 0.0002663490497050791
171 0.0008353500688126544
186 0.0036622997864583203
195 0.00021509233277500263
200 0.0005666143587603556
214 0.0007431700718136128
240 0.0005065284965219635
255 0.0028696473313427227
265 0.002179876837260714
312 0.001465788089936251
342 0.0004885960299787504
354 0.0004955391650005044
372 0.0007107716720472983
392 0.00047869542676802046
398 0.0003632093920196124
496 0.0003493811814946261
530 0.0002736737953600468
538 0.0007462199904606845
575 0.00047869542676802046
576 0.0005759876441280593
639 0.0009097064671179559
686 0.000570339268307386
700 0.0003910424617735554
703 0.0004991223381462831
714 0.0005027842686225869
742 0.00040692219849536895
776 0.001246404696646162
797 0.0009510435709733304
808 0.000570339268307386
813 0.000629765283625402
853 0.009890742522106739
911 0.0005759876441280593
1031 0.0006554485025236457
1035 0.0007375005660187797
1056 0.0006464403017122036
1067 0.0005544595315855724
1088 0.011304519417157079
1192 0.0011297522377733888
1273 0.0020919608499306037
1287 0.0005595864323964277
1327 0.0008128063180586093
1337 0.0005353974937352319
1500 0.01952109455962801
1577 0.000685825303055794
2161 0.0012757885359843703
2249 0.005107652856950301
2848 0.0017377326749780026
3144 0.0008384895369568529
3220 0.0008384895369568529
3253 0.0008384895369568529
3361 0.003073041864473456
3478 0.0010215305713900601
3494 0.0010215305713900601
4403 0.0009060445366416521
4421 0.000953975571705261
4803 0.000953975571705261
4989 0.0010215305713900601
5450 0.0011370166061384682
5451 0.0011370166061384682
5452 0.0022740332122769364
5453 0.0034110498184154047
5454 0.0011370166061384682
5455 0.0022740332122769364
5456 0.0011370166061384682