6 0.0000679868157762367
10 0.00006277997458083683
15 0.00011067438687857875
23 0.0001917778078759736
24 0.0002549984919897665
25 0.00004914275771090647
26 0.000009180257170353432
27 0.0000332527552527846
28 0.00002388195174072963
29 0.000032018569715704745
30 0.00008005552081252168
31 0.000011047053421159797
32 0.0001446627800658901
34 0.00011936985864893924
36 0.00017439542599474
41 0.00018725926302105958
44 0.00015086301495667102
45 0.00000876923174820536
47 0.0002708891434150717
48 0.00014129003011415398
50 0.0001358875956390349
57 0.00018016835758640515
59 0.000006462183444711172
60 0.000012924366889422343
95 0.0006161666804201201
96 0.0005697354412888233
97 0.0002408158701249024
103 0.00017082267940358932
108 0.0002542579645943101
110 0.0003600357507382571
122 0.0006156747509571849
124 0.004790087245650295
125 0.00019006896079713502
132 0.00019350436353001335
134 0.00020241617375177045
139 0.0002495926820907704
143 0.0005363005372989338
144 0.0008345349136056791
146 0.0007296383478218761
153 0.0006885886196485052
154 0.0007533803027405932
159 0.0002817353899173489
167 0.0003185136261757804
168 0.00014742827313271942
186 0.0020346109924768447
194 0.0004339996609241885
214 0.0004954467145424086
232 0.0005182941691667408
255 0.0045436082746259775
259 0.0003407614423411458
265 0.00024220853747341272
315 0.0008688663374890013
342 0.0004885960299787504
347 0.0007709345372720537
362 0.0065996083442735436
427 0.000953975571705261
435 0.0008882007952960393
437 0.00043897349683716435
446 0.0008353500688126544
458 0.0007636701689069744
475 0.0005052002574614732
483 0.0003800531302520963
497 0.00044672424919219483
555 0.00034358542739842214
559 0.0008688663374890013
601 0.0004176750344063272
612 0.0006750724671448359
691 0.00038363630339787504
726 0.0006554485025236457
799 0.0003782900330627366
878 0.0006378942679921852
893 0.002621794010094583
913 0.0008222808541664426
1161 0.0006649717304210047
1181 0.002106505847326518
1380 0.0007709345372720537
1808 0.0006007160688395344
1854 0.0005818342485617932
1938 0.003073041864473456
2237 0.0010215305713900601
2281 0.0010215305713900601
2950 0.02085279209973603
3026 0.0009060445366416521
3361 0.0024584334915787646
3368 0.0008688663374890013
3960 0.0008384895369568529
4214 0.004344331687445007
4535 0.0016769790739137058
4618 0.0009060445366416521
4625 0.0010215305713900601
4863 0.0020430611427801203
5457 0.0011370166061384682