6 0.0000679868157762367
8 0.000460498487011427
10 0.00011509662006486752
15 0.000055337193439289376
17 0.00024376566216822076
18 0.0003172930263603734
24 0.00012749924599488326
25 0.00014742827313271942
26 0.000009180257170353432
27 0.000026602204202227678
28 0.000019105561392583703
29 0.00002668214142975396
30 0.00016011104162504336
31 0.000027617633552899494
32 0.00021699417009883517
36 0.00017439542599474
42 0.0005956084863810253
43 0.0001247963410453852
44 0.00030172602991334203
45 0.000005846154498803574
50 0.00009059173042602328
54 0.000160544392965215
57 0.0003603367151728103
58 0.0005595864323964277
59 0.000025848733778844687
60 0.000012924366889422343
69 0.00038545720818497763
71 0.00033256580019006747
72 0.0003697439993427182
74 0.0001314382268441069
91 0.00023463399997311992
95 0.0005477037159289957
96 0.0004985185111277203
103 0.000256234019105384
117 0.00038545720818497763
121 0.0002131283281512035
125 0.00038013792159427004
130 0.00036808616347914477
134 0.00020241617375177045
139 0.0001247963410453852
144 0.0006259011852042593
168 0.00009828551542181294
202 0.00030783737547859243
217 0.00022388116406216174
218 0.0037320871876222296
235 0.000244549715989849
251 0.0003066922772966927
259 0.0003407614423411458
289 0.0007096674962648366
292 0.0007709345372720537
300 0.00015131149740680623
301 0.0002517773560482004
312 0.0004885960299787504
367 0.0005759876441280593
572 0.0005224082332437771
622 0.0007533803027405932
665 0.000953975571705261
682 0.000790558501893244
721 0.0006146083728946911
783 0.003989830382526028
785 0.0006973202833102012
1029 0.0016256126361172186
1051 0.0006750724671448359
1066 0.00048193069598779744
1553 0.0010215305713900601
2208 0.000790558501893244
2218 0.0008384895369568529
3508 0.0008688663374890013
5217 0.0020430611427801203
5326 0.0010215305713900601
5461 0.0017377326749780026
5462 0.0011370166061384682
5463 0.0011370166061384682
5464 0.0011370166061384682
5465 0.0011370166061384682