0 0.00010360515709016387
3 0.00044939008413828627
4 0.0012023657425423967
6 0.00011331135962706119
7 0.001061592787862714
9 0.0024664952151141725
10 0.00004185331638722455
15 0.00011067438687857875
25 0.00009828551542181294
26 0.000009180257170353432
27 0.000026602204202227678
28 0.00002388195174072963
29 0.000010672856571901583
30 0.00024016656243756505
31 0.000022094106842319594
32 0.0001446627800658901
36 0.00034879085198948
42 0.00029780424319051263
43 0.0001247963410453852
44 0.00015086301495667102
45 0.000005846154498803574
47 0.0002708891434150717
48 0.00014129003011415398
59 0.000012924366889422343
60 0.000012924366889422343
65 0.000466348213813385
74 0.0001314382268441069
91 0.00046926799994623984
92 0.00036481917391093806
95 0.00041077778694674673
96 0.00035608465080551457
97 0.0000602039675312256
108 0.0002542579645943101
117 0.00038545720818497763
125 0.00019006896079713502
134 0.00020241617375177045
144 0.00041726745680283956
159 0.00014086769495867446
160 0.0017558939873486574
168 0.00014742827313271942
169 0.0002663490497050791
247 0.0003148783300420517
252 0.0004236634738825287
255 0.0009565491104475743
262 0.0006929162084904484
266 0.0003010819448897304
288 0.000790558501893244
311 0.00033798452589909114
343 0.003471997287393508
362 0.00029998219746697925
370 0.002110891560225504
385 0.0005182941691667408
395 0.0006378942679921852
475 0.0005052002574614732
497 0.00044672424919219483
639 0.0009097064671179559
702 0.0005353974937352319
766 0.0006378942679921852
775 0.00036481917391093806
799 0.0003782900330627366
940 0.0005544595315855724
950 0.0005353974937352319
1036 0.0004339996609241885
1193 0.0005309542669637955
1334 0.0007709345372720537
1854 0.0005818342485617932
1868 0.0006075174674600367
4268 0.0010215305713900601
4954 0.000953975571705261
5461 0.0017377326749780026
5466 0.0034110498184154047
5467 0.0011370166061384682