6 0.0001359736315524734
10 0.00003138998729041841
15 0.000055337193439289376
18 0.0003172930263603734
23 0.0001917778078759736
24 0.00012749924599488326
25 0.00014742827313271942
26 0.000009180257170353432
27 0.000026602204202227678
28 0.000019105561392583703
29 0.000016009284857852372
30 0.00024016656243756505
31 0.00004418821368463919
32 0.00021699417009883517
34 0.00011936985864893924
36 0.00017439542599474
37 0.0003987932141285859
38 0.0004576534865273853
42 0.00029780424319051263
43 0.0001247963410453852
44 0.00015086301495667102
45 0.000005846154498803574
50 0.0001358875956390349
54 0.000160544392965215
57 0.0003603367151728103
59 0.000006462183444711172
60 0.000012924366889422343
74 0.0001314382268441069
95 0.00047924075143787115
96 0.00042730158096661747
108 0.0005085159291886202
117 0.00038545720818497763
121 0.0002131283281512035
122 0.00030783737547859243
125 0.000570206882391405
130 0.00036808616347914477
139 0.0001247963410453852
140 0.0002005952689646678
142 0.0013562978036669984
144 0.00041726745680283956
146 0.00036481917391093806
148 0.00039487277137447156
153 0.00022952953988283507
168 0.00004914275771090647
169 0.0002663490497050791
180 0.0002526001287307366
213 0.00036481917391093806
217 0.001567168148435132
252 0.000635495210823793
255 0.0011956863880594679
262 0.0010393743127356727
265 0.00024220853747341272
288 0.000790558501893244
291 0.001371650606111588
300 0.0012104919792544498
362 0.00029998219746697925
370 0.0012665349361353025
417 0.0003600357507382571
429 0.0009510435709733304
442 0.00036481917391093806
449 0.0017072267864057119
456 0.00040485246840563934
457 0.0012757885359843703
458 0.0007636701689069744
459 0.001140678536614772
475 0.0002526001287307366
483 0.0003800531302520963
509 0.00047869542676802046
512 0.00044672424919219483
555 0.00034358542739842214
573 0.0004885960299787504
691 0.00038363630339787504
776 0.0008309364644307748
1086 0.0005446560494091424
1562 0.0006220145312703716
1563 0.0006075174674600367
2775 0.0007230035022084448
3367 0.0008384895369568529
5461 0.0017377326749780026
5472 0.0011370166061384682
5473 0.0011370166061384682
5474 0.0022740332122769364
5475 0.0022740332122769364