6 0.0000679868157762367
8 0.0006907477305171405
10 0.00005231664548403069
15 0.00011067438687857875
26 0.000009180257170353432
27 0.00001995165315167076
28 0.000009552780696291852
29 0.000016009284857852372
31 0.0000055235267105798985
36 0.00017439542599474
41 0.00018725926302105958
43 0.0001247963410453852
45 0.000011692308997607148
56 0.0010307562821952664
59 0.000006462183444711172
60 0.000012924366889422343
69 0.004625486498219732
74 0.0001314382268441069
75 0.0012359615931136858
77 0.00043897349683716435
78 0.0005309542669637955
81 0.00033390404938987825
91 0.00046926799994623984
101 0.0005353974937352319
103 0.00008541133970179466
104 0.0006973202833102012
108 0.0002542579645943101
137 0.000570339268307386
159 0.0004226030848760234
165 0.0009387005947386255
168 0.00004914275771090647
169 0.0002663490497050791
172 0.00023913727761189357
178 0.0015418690745441074
180 0.0002526001287307366
185 0.0014033708804773077
201 0.0015131601322509465
210 0.0005494856956725966
252 0.000635495210823793
265 0.00024220853747341272
267 0.0005494856956725966
370 0.0004221783120451008
416 0.0003493811814946261
430 0.00033256580019006747
458 0.0007636701689069744
475 0.0002526001287307366
503 0.000790558501893244
547 0.0006554485025236457
594 0.0023273369942471726
625 0.0012757885359843703
667 0.0006750724671448359
668 0.001188362923032857
913 0.0004111404270832213
1049 0.000629765283625402
1142 0.00040280813441833274
1248 0.0005353974937352319
1312 0.001994915191263014
1318 0.0006649717304210047
1347 0.0008688663374890013
1948 0.0010215305713900601
2309 0.009193775142510541
2312 0.0006750724671448359
2347 0.0008688663374890013
2356 0.0036875028300938986
2371 0.0010215305713900601
2396 0.0010215305713900601
3797 0.0010215305713900601
4100 0.007631804573642088
4938 0.0020430611427801203
5476 0.0011370166061384682
5477 0.0011370166061384682
5478 0.0011370166061384682