5 0.0002701294615129238
6 0.0000679868157762367
10 0.00005231664548403069
14 0.00026456709550368824
15 0.0002213487737571575
18 0.0003172930263603734
20 0.00014256349717722765
24 0.0006374962299744162
25 0.00014742827313271942
26 0.000004590128585176716
27 0.00001995165315167076
28 0.000014329171044437778
29 0.000010672856571901583
31 0.000016570580131739694
32 0.00043398834019767033
34 0.00005968492932446962
36 0.00034879085198948
42 0.00029780424319051263
43 0.0001247963410453852
45 0.000020461540745812507
48 0.00028258006022830796
49 0.0002231883932943071
52 0.00023612160922741876
53 0.0005828723274939218
56 0.00034358542739842214
59 0.000012924366889422343
60 0.000012924366889422343
74 0.0001314382268441069
80 0.0006787343976211396
81 0.00033390404938987825
89 0.00033798452589909114
95 0.00020538889347337336
96 0.00007121693016110292
97 0.000301019837656128
98 0.00029888966155459023
103 0.00034164535880717864
121 0.001278769968907221
122 0.0009235121264357772
123 0.0005818342485617932
124 0.0006842981779500422
130 0.00036808616347914477
133 0.0022732813108786304
140 0.0002005952689646678
142 0.0004520992678889995
144 0.0012518023704085185
159 0.0005634707798346978
163 0.0005999643949339585
167 0.0009555408785273412
168 0.00004914275771090647
185 0.00023389514674621796
186 0.00040692219849536895
189 0.0004755217854866652
195 0.00021509233277500263
202 0.00030783737547859243
217 0.0022388116406216177
221 0.0008180359272162828
222 0.0007496376846183616
223 0.0005052002574614732
234 0.00038363630339787504
235 0.000489099431979698
252 0.0004236634738825287
265 0.00048441707494682545
278 0.0004991223381462831
293 0.0015195854895658904
306 0.001882726989816103
325 0.00043897349683716435
335 0.005030937221741117
385 0.0005182941691667408
429 0.0004755217854866652
435 0.0008882007952960393
439 0.001053252923663259
440 0.0013901978018369889
454 0.0007672726067957501
470 0.0008934484983843897
475 0.0002526001287307366
512 0.00044672424919219483
530 0.0002736737953600468
585 0.0003987932141285859
623 0.0009210032187593025
680 0.0005309542669637955
706 0.0029394675141942326
712 0.0019393209051366106
716 0.00045485323355897795
725 0.000685825303055794
799 0.0003782900330627366
805 0.0005353974937352319
806 0.0020346109924768447
839 0.0004755217854866652
848 0.0005446560494091424
867 0.0010055685372451738
897 0.0005494856956725966
898 0.0010055685372451738
899 0.0013946405666204024
900 0.0015798793854948881
901 0.0005759876441280593
902 0.0011089190631711448
903 0.0005818342485617932
904 0.0006007160688395344
905 0.0005878935028388465
906 0.000570339268307386
907 0.0005878935028388465
908 0.0005818342485617932
909 0.0005941814615164285
910 0.000570339268307386
911 0.0005759876441280593
912 0.0014360862803040613
985 0.0009771920599575008
1013 0.0005494856956725966
1044 0.002824380594433472
1046 0.0015418690745441074
1062 0.0005648761188866944
1063 0.0007375005660187797
1065 0.0013245516828461089
1068 0.0005103588061228796
1242 0.0005648761188866944
1337 0.0005353974937352319
1390 0.0008384895369568529
1520 0.0017110178049221578
1559 0.0018225524023801102
2735 0.0007375005660187797
2763 0.000790558501893244
2930 0.0008384895369568529
4417 0.0008688663374890013
4730 0.0008384895369568529
5479 0.0022740332122769364
5480 0.0010215305713900601
5481 0.0011370166061384682
5482 0.0010215305713900601