0 0.00010360515709016387
5 0.0002701294615129238
6 0.0001359736315524734
10 0.000020926658193612276
15 0.0002766859671964469
26 0.000009180257170353432
27 0.000013301102101113839
28 0.000028658342088875557
29 0.000016009284857852372
31 0.000011047053421159797
32 0.00021699417009883517
41 0.00018725926302105958
43 0.0001247963410453852
44 0.00015086301495667102
45 0.00000876923174820536
47 0.0002708891434150717
48 0.00014129003011415398
50 0.00004529586521301164
52 0.0007083648276822562
54 0.00032108878593043
59 0.000012924366889422343
60 0.000012924366889422343
69 0.00038545720818497763
72 0.0014789759973708727
73 0.0009771920599575008
74 0.0001314382268441069
75 0.002780913584505793
80 0.0003393671988105698
81 0.0020034242963392697
91 0.00046926799994623984
95 0.0003423148224556223
96 0.00035608465080551457
97 0.0001204079350624512
98 0.0005977793231091805
103 0.00008541133970179466
121 0.0010656416407560177
136 0.0005913087846696265
139 0.0001247963410453852
196 0.0005309542669637955
266 0.0006021638897794608
365 0.0016484570870177898
416 0.0003493811814946261
434 0.00032731777168967243
475 0.0005052002574614732
540 0.0005648761188866944
793 0.0028799382206402967
799 0.0003782900330627366
806 0.0024415331909722134
1287 0.0011191728647928555
1711 0.0007533803027405932
2161 0.007016836947914037
2247 0.0008128063180586093
5483 0.014781215879800086