0 0.00010360515709016387
6 0.00011331135962706119
10 0.000020926658193612276
15 0.00011067438687857875
26 0.000009180257170353432
27 0.000013301102101113839
28 0.000014329171044437778
29 0.000016009284857852372
31 0.000022094106842319594
32 0.00021699417009883517
43 0.0001247963410453852
44 0.00015086301495667102
45 0.00000876923174820536
50 0.00004529586521301164
59 0.000006462183444711172
60 0.000012924366889422343
74 0.0001314382268441069
95 0.0003423148224556223
96 0.00035608465080551457
97 0.0000602039675312256
103 0.00008541133970179466
153 0.00022952953988283507
217 0.0004477623281243235
247 0.0006297566600841033
300 0.00030262299481361246
458 0.0015273403378139488
555 0.0006871708547968443
575 0.00047869542676802046
585 0.0003987932141285859
5484 0.0022740332122769364