0 0.00010360515709016387
6 0.0001359736315524734
10 0.00003138998729041841
15 0.00016601158031786812
26 0.000009180257170353432
27 0.0000066505510505569195
28 0.000014329171044437778
29 0.000010672856571901583
31 0.000022094106842319594
32 0.00021699417009883517
45 0.000011692308997607148
47 0.0005417782868301434
49 0.0002231883932943071
59 0.000006462183444711172
60 0.000012924366889422343
69 0.0015418288327399105
77 0.0021948674841858217
78 0.0005309542669637955
92 0.0007296383478218761
93 0.000460498487011427
95 0.00020538889347337336
96 0.00021365079048330874
97 0.0000602039675312256
103 0.00017082267940358932
140 0.0002005952689646678
159 0.0002817353899173489
169 0.0005326980994101582
277 0.0005494856956725966
300 0.00015131149740680623
301 0.0002517773560482004
327 0.00047869542676802046
328 0.0003260311928669616
354 0.0004955391650005044
365 0.0010989713913451932
367 0.0011519752882561186
380 0.0004755217854866652
573 0.0004885960299787504
783 0.004654802112947032
1027 0.005061024515459113
2221 0.0007230035022084448