6 0.00009064908770164895
8 0.0011512462175285675
10 0.00010463329096806138
15 0.000055337193439289376
22 0.0005595864323964277
25 0.00009828551542181294
26 0.000018360514340706863
27 0.000026602204202227678
28 0.000019105561392583703
29 0.00002668214142975396
31 0.000027617633552899494
34 0.00005968492932446962
45 0.000011692308997607148
48 0.00028258006022830796
49 0.0004463767865886142
50 0.00018118346085204656
59 0.000019386550334133513
60 0.000038773100668267026
91 0.00046926799994623984
97 0.0000602039675312256
100 0.00014427673725646523
117 0.002698200457294843
119 0.0007724256934408075
121 0.0006393849844536105
125 0.000570206882391405
133 0.0006495089459653231
134 0.0004048323475035409
139 0.0004991853641815408
140 0.0004011905379293356
146 0.0007296383478218761
147 0.0007709345372720537
153 0.00022952953988283507
167 0.0006370272523515608
168 0.00004914275771090647
186 0.0036622997864583203
201 0.0003782900330627366
202 0.00030783737547859243
314 0.0006464403017122036
350 0.004283179949881855
351 0.003932691015141874
434 0.00032731777168967243
483 0.0003800531302520963
497 0.00044672424919219483
530 0.0002736737953600468
550 0.002014040672091664
681 0.0034220356098443156
734 0.0005027842686225869
752 0.003324858652105023
799 0.0003782900330627366
806 0.0020346109924768447
842 0.001140678536614772
960 0.0004724074680904385
973 0.008473141783300416
974 0.005878935028388465
985 0.002442980149893752
1037 0.0023716755056797318
1137 0.0007533803027405932
1266 0.000629765283625402
1333 0.0007096674962648366
1426 0.0023716755056797318
1428 0.000685825303055794
1429 0.012064347436502223
1510 0.0037669015137029665
1767 0.0028386699850593464
1874 0.000629765283625402
1938 0.0006146083728946911
2058 0.0006973202833102012
2107 0.0009060445366416521
2330 0.0010215305713900601
2441 0.007631804573642088
2754 0.0009060445366416521
3206 0.0036241781465666083
3784 0.013032995062335021