0 0.00010360515709016387
5 0.0002701294615129238
6 0.00009064908770164895
10 0.00005231664548403069
13 0.0012499925222691887
15 0.00011067438687857875
24 0.0002549984919897665
25 0.00004914275771090647
26 0.000013770385755530148
27 0.0000332527552527846
28 0.000028658342088875557
29 0.000021345713143803165
30 0.00024016656243756505
31 0.000011047053421159797
32 0.0001446627800658901
34 0.00005968492932446962
43 0.0001247963410453852
45 0.00000876923174820536
50 0.00004529586521301164
52 0.004250188966093537
53 0.0017486169824817651
54 0.00032108878593043
59 0.000025848733778844687
60 0.000012924366889422343
64 0.004159270230614999
74 0.0002628764536882138
80 0.0006787343976211396
81 0.0006678080987797565
90 0.0003600357507382571
97 0.00018061190259367678
98 0.0005977793231091805
100 0.00028855347451293045
121 0.0002131283281512035
129 0.0004724074680904385
136 0.00029565439233481325
140 0.0006017858068940034
142 0.0022604963394449976
159 0.00014086769495867446
167 0.0003185136261757804
168 0.00004914275771090647
169 0.0005326980994101582
200 0.0002833071793801778
235 0.000244549715989849
251 0.0006133845545933855
265 0.00024220853747341272
274 0.000629765283625402
276 0.0007394879986854364
281 0.0006378942679921852
282 0.0010215305713900601
283 0.0010215305713900601
284 0.0008384895369568529
285 0.0022740332122769364
286 0.0006973202833102012
287 0.0011370166061384682
288 0.000790558501893244
289 0.0007096674962648366
290 0.0005648761188866944
291 0.000685825303055794
292 0.0007709345372720537
293 0.0005065284965219635
294 0.0009060445366416521
295 0.0009060445366416521
296 0.0006649717304210047
297 0.0013481702524148589
298 0.001497367014438849
299 0.0019258919061234667
300 0.0009078689844408373
301 0.0010071094241928015
302 0.001150908910193625
303 0.001227053890824424
304 0.0024877008521655437
305 0.003954132832206861
306 0.002635817785742544
307 0.0003818350844534872
308 0.0005309542669637955
309 0.010005902774800958
310 0.0034291265152789703
311 0.0006759690517981823
312 0.0004885960299787504
313 0.0006378942679921852
314 0.0006464403017122036
315 0.0008688663374890013
316 0.003083738149088215
317 0.0034110498184154047
318 0.0011370166061384682
319 0.0011370166061384682
320 0.000953975571705261
321 0.0008384895369568529
322 0.0011370166061384682
323 0.0011370166061384682
324 0.0006554485025236457
325 0.00043897349683716435
326 0.0010799249355504753
327 0.00047869542676802046
328 0.0003260311928669616
329 0.0011370166061384682
330 0.0011370166061384682
331 0.0003136839799123262
332 0.0034110498184154047
333 0.0007709345372720537
334 0.0011370166061384682
335 0.0008384895369568529
336 0.0011370166061384682
337 0.0011370166061384682
338 0.0011370166061384682