0 0.00010360515709016387
5 0.0001350647307564619
10 0.000010463329096806138
15 0.00011067438687857875
25 0.00004914275771090647
26 0.000013770385755530148
27 0.0000066505510505569195
28 0.000014329171044437778
29 0.000016009284857852372
30 0.00008005552081252168
31 0.000016570580131739694
32 0.0001446627800658901
33 0.0004755217854866652
41 0.00018725926302105958
45 0.00000876923174820536
59 0.000006462183444711172
60 0.000012924366889422343
71 0.00033256580019006747
95 0.00041077778694674673
96 0.00035608465080551457
168 0.00004914275771090647
177 0.00044410039764801966
216 0.0006075174674600367
252 0.00021183173694126436
273 0.0003697439993427182
326 0.0005399624677752377
396 0.0008128063180586093
416 0.0017469059074731303
435 0.00044410039764801966
851 0.00046935029736931276
1000 0.0007533803027405932
1303 0.000953975571705261
1304 0.011191728647928556
1305 0.004183921699861207
1306 0.009096132849107746