6 0.00009064908770164895
10 0.00003138998729041841
15 0.00011067438687857875
23 0.0003835556157519472
24 0.0002549984919897665
25 0.00019657103084362587
26 0.000018360514340706863
27 0.00001995165315167076
28 0.000028658342088875557
29 0.000016009284857852372
30 0.00016011104162504336
31 0.000027617633552899494
34 0.00011936985864893924
36 0.00034879085198948
41 0.00018725926302105958
45 0.000011692308997607148
47 0.0002708891434150717
48 0.00014129003011415398
49 0.0002231883932943071
59 0.000012924366889422343
60 0.000038773100668267026
75 0.005870817567290007
76 0.00023762262054737309
84 0.0005494856956725966
97 0.0000602039675312256
103 0.00017082267940358932
107 0.0005595864323964277
109 0.0068730315201627696
119 0.00046345541606448445
122 0.00030783737547859243
138 0.0005999643949339585
160 0.0021948674841858217
168 0.00009828551542181294
174 0.0004111404270832213
194 0.0013019989827725655
195 0.00021509233277500263
202 0.00030783737547859243
203 0.0006273679598246524
255 0.00023913727761189357
271 0.0004415172276153697
300 0.0010591804818476434
301 0.0017624414923374024
302 0.0007672726067957501
312 0.0009771920599575008
328 0.0003260311928669616
362 0.0014999109873348963
372 0.0014215433440945965
380 0.0009510435709733304
384 0.004308258840912184
515 0.001316920490511493
546 0.0007709345372720537
554 0.0003600357507382571
590 0.0010207176122457593
671 0.0003910424617735554
674 0.0018120890732833041
700 0.0003910424617735554
727 0.0005494856956725966
795 0.0005353974937352319
839 0.0004755217854866652
1243 0.0005878935028388465
1360 0.0005941814615164285
1397 0.0006750724671448359
1491 0.0006649717304210047
2043 0.0005759876441280593
2189 0.0006146083728946911
5497 0.004548066424553873
5498 0.004548066424553873
5499 0.0022740332122769364
5500 0.0011370166061384682
5501 0.0011370166061384682