0 0.00010360515709016387
6 0.00011331135962706119
15 0.00016601158031786812
25 0.00004914275771090647
26 0.000018360514340706863
27 0.000013301102101113839
28 0.000014329171044437778
29 0.000016009284857852372
30 0.00008005552081252168
31 0.000027617633552899494
34 0.00005968492932446962
43 0.0002495926820907704
45 0.000011692308997607148
50 0.00009059173042602328
54 0.000160544392965215
59 0.000025848733778844687
60 0.000038773100668267026
89 0.00033798452589909114
100 0.00028855347451293045
125 0.00019006896079713502
130 0.00036808616347914477
138 0.00029998219746697925
139 0.0001247963410453852
153 0.00022952953988283507
168 0.00004914275771090647
217 0.0004477623281243235
255 0.00023913727761189357
265 0.00024220853747341272
300 0.0007565574870340312
301 0.0002517773560482004
444 0.001175787005677693
475 0.0002526001287307366
599 0.0004991223381462831
951 0.004183921699861207
1036 0.0004339996609241885
1038 0.0005103588061228796
1337 0.0010707949874704638
1338 0.003232201508561018
5502 0.0011370166061384682