6 0.00022662271925412238
10 0.00005231664548403069
20 0.00014256349717722765
25 0.00004914275771090647
26 0.000009180257170353432
27 0.000026602204202227678
28 0.000019105561392583703
29 0.000021345713143803165
30 0.00016011104162504336
31 0.00003314116026347939
32 0.0001446627800658901
33 0.003328652498406656
36 0.00017439542599474
42 0.00029780424319051263
43 0.0001247963410453852
44 0.00015086301495667102
45 0.000005846154498803574
48 0.00014129003011415398
50 0.00009059173042602328
53 0.0002914361637469609
55 0.000904198535777999
59 0.000006462183444711172
60 0.000012924366889422343
76 0.00023762262054737309
80 0.0003393671988105698
100 0.00014427673725646523
110 0.0003600357507382571
119 0.00046345541606448445
133 0.00032475447298266157
144 0.0022949710124156174
159 0.00014086769495867446
167 0.0006370272523515608
168 0.00009828551542181294
183 0.0016256126361172186
249 0.0006378942679921852
267 0.0005494856956725966
430 0.0006651316003801349
515 0.00043897349683716435
530 0.0002736737953600468
531 0.0006378942679921852
542 0.005171522413697629
617 0.003073041864473456
706 0.0029394675141942326
751 0.010547324238368305
775 0.00036481917391093806
847 0.0015067606054811865
870 0.0012150349349200735
930 0.0005648761188866944
950 0.0016061924812056955
1003 0.0033539581478274115
1065 0.0013245516828461089
1124 0.0007230035022084448
1159 0.0008384895369568529
1160 0.0007096674962648366
1161 0.007314689034631051
1172 0.004192447684784265
1403 0.0006649717304210047
1415 0.0021290024887945097
1578 0.0008128063180586093
1665 0.0007533803027405932
2213 0.001907951143410522
3296 0.0008384895369568529
5503 0.0022740332122769364
5504 0.0011370166061384682
5505 0.0011370166061384682