10 0.00006277997458083683
14 0.0005291341910073765
15 0.00033202316063573624
24 0.00012749924599488326
25 0.00014742827313271942
26 0.000009180257170353432
27 0.000026602204202227678
28 0.000009552780696291852
29 0.000016009284857852372
30 0.00008005552081252168
31 0.000011047053421159797
32 0.0001446627800658901
34 0.00005968492932446962
45 0.000005846154498803574
46 0.0013092710867586897
48 0.00014129003011415398
49 0.0002231883932943071
50 0.00009059173042602328
52 0.00023612160922741876
59 0.000012924366889422343
60 0.000012924366889422343
65 0.00466348213813385
95 0.00047924075143787115
96 0.0005697354412888233
100 0.00014427673725646523
121 0.0002131283281512035
134 0.00020241617375177045
138 0.00029998219746697925
140 0.0008023810758586712
143 0.0002681502686494669
161 0.00032348746208875627
163 0.00029998219746697925
172 0.00023913727761189357
175 0.00028530254609905744
222 0.0007496376846183616
232 0.0015548825075002222
299 0.0003209819843539111
301 0.000755332068144601
389 0.00045485323355897795
491 0.0005544595315855724
644 0.0005399624677752377
645 0.0005353974937352319
775 0.0010944575217328141
1036 0.0004339996609241885
1155 0.0007709345372720537
1283 0.0052662646183162945
1496 0.0020919608499306037
1576 0.0007533803027405932
1582 0.002680345495153169
3113 0.0018120890732833041
3259 0.0010215305713900601
5507 0.015918232485938554
5508 0.009096132849107746
5509 0.0011370166061384682
5510 0.0011370166061384682