0 0.0003108154712704916
6 0.00022662271925412238
10 0.000020926658193612276
15 0.000055337193439289376
17 0.0004875313243364415
20 0.00014256349717722765
23 0.0001917778078759736
24 0.00012749924599488326
26 0.000009180257170353432
27 0.00001995165315167076
28 0.00002388195174072963
29 0.000032018569715704745
30 0.00008005552081252168
31 0.00005523526710579899
32 0.0001446627800658901
34 0.00017905478797340885
36 0.00052318627798422
41 0.00018725926302105958
43 0.0001247963410453852
44 0.00015086301495667102
45 0.00000876923174820536
46 0.00032731777168967243
47 0.0008126674302452151
48 0.00028258006022830796
49 0.0002231883932943071
50 0.00004529586521301164
57 0.0007206734303456206
59 0.000012924366889422343
60 0.000012924366889422343
74 0.0002628764536882138
76 0.00023762262054737309
82 0.0004991223381462831
87 0.00036808616347914477
92 0.00036481917391093806
95 0.0006846296449112446
96 0.0006409523714499261
97 0.0000602039675312256
100 0.00014427673725646523
102 0.0015641698470942216
103 0.000256234019105384
110 0.0007200715014765141
119 0.00046345541606448445
122 0.0006156747509571849
132 0.00019350436353001335
139 0.0001247963410453852
143 0.0002681502686494669
150 0.0007375005660187797
159 0.00014086769495867446
180 0.0007578003861922098
197 0.0017110178049221578
213 0.00036481917391093806
214 0.0007431700718136128
231 0.001371650606111588
234 0.001150908910193625
259 0.0017038072117057288
271 0.0017660689104614788
301 0.002014218848385603
348 0.0008688663374890013
439 0.0005266264618316295
454 0.0007672726067957501
509 0.00047869542676802046
529 0.00044939008413828627
530 0.0002736737953600468
562 0.0008384895369568529
601 0.0004176750344063272
623 0.0009210032187593025
741 0.0006750724671448359
742 0.00040692219849536895
766 0.0006378942679921852
774 0.0005941814615164285
795 0.0021415899749409276
808 0.000570339268307386
871 0.0007375005660187797
878 0.0006378942679921852
960 0.0004724074680904385
1036 0.001735998643696754
1047 0.0012292167457893823
1069 0.0003968214617715378
1101 0.0023716755056797318
1146 0.000685825303055794
1248 0.0016061924812056955
1249 0.0010215305713900601
1521 0.0005878935028388465
1646 0.003475465349956005
2245 0.0008128063180586093
2301 0.0008688663374890013
2628 0.0009060445366416521
3172 0.004086122285560241
3622 0.0010215305713900601
3820 0.0010215305713900601
3915 0.000953975571705261
4626 0.0010215305713900601
4742 0.002718133609924956
5511 0.0011370166061384682
5512 0.0011370166061384682
5513 0.0011370166061384682
5514 0.0056850830306923415
5515 0.00306459171417018
5516 0.0011370166061384682
5517 0.0010215305713900601
5518 0.0011370166061384682
5519 0.0011370166061384682
5520 0.0034110498184154047
5521 0.0011370166061384682
5522 0.0011370166061384682
5523 0.0011370166061384682
5524 0.0011370166061384682
5525 0.0011370166061384682
5526 0.0011370166061384682
5527 0.0011370166061384682
5528 0.0011370166061384682
5529 0.0010215305713900601
5530 0.0011370166061384682
5531 0.0011370166061384682
5532 0.0022740332122769364
5533 0.0022740332122769364