2 0.0003632093920196124
3 0.00044939008413828627
4 0.0004007885808474655
6 0.00022662271925412238
7 0.0007077285252418094
8 0.0002302492435057135
9 0.001057069377906074
10 0.00003138998729041841
11 0.0017764015905920786
17 0.00024376566216822076
21 0.0006220145312703716
24 0.00012749924599488326
26 0.000018360514340706863
27 0.000013301102101113839
28 0.000009552780696291852
29 0.000010672856571901583
30 0.00008005552081252168
31 0.00003314116026347939
34 0.00011936985864893924
36 0.00017439542599474
45 0.000023384617995214297
48 0.00028258006022830796
56 0.0006871708547968443
57 0.0003603367151728103
59 0.000006462183444711172
60 0.000038773100668267026
71 0.00033256580019006747
94 0.0004885960299787504
97 0.0000602039675312256
132 0.00019350436353001335
138 0.00029998219746697925
139 0.0002495926820907704
148 0.0007897455427489431
159 0.00014086769495867446
168 0.00004914275771090647
180 0.0005052002574614732
222 0.0011244565269275424
234 0.00038363630339787504
241 0.000466348213813385
252 0.000635495210823793
276 0.0003697439993427182
300 0.00030262299481361246
301 0.0005035547120964008
303 0.0004090179636081414
304 0.0003553858360236491
307 0.0015273403378139488
343 0.0013019989827725655
416 0.0003493811814946261
437 0.00043897349683716435
458 0.0003818350844534872
483 0.0007601062605041926
496 0.0003493811814946261
516 0.0006378942679921852
524 0.0006220145312703716
538 0.00037310999523034225
543 0.006342311756491564
544 0.0005353974937352319
589 0.0003818350844534872
624 0.0009638613919755949
697 0.0005878935028388465
924 0.0006378942679921852
1263 0.0006075174674600367
1387 0.0008688663374890013
1540 0.000685825303055794
1645 0.0018120890732833041
1665 0.0007533803027405932
1687 0.000685825303055794
1751 0.0010215305713900601
1757 0.0006554485025236457
1977 0.0008128063180586093
2161 0.0038273656079531107
2273 0.002057475909167382
2478 0.0005941814615164285
2482 0.0007375005660187797
2483 0.0007230035022084448
2485 0.0007533803027405932
2640 0.0008688663374890013
2807 0.000790558501893244
2808 0.000790558501893244
2809 0.000790558501893244
2810 0.000790558501893244
2811 0.000790558501893244
2812 0.000790558501893244
2813 0.000790558501893244
3109 0.0009060445366416521
3253 0.0008384895369568529
3392 0.0018120890732833041
5545 0.000953975571705261
5546 0.0011370166061384682
5547 0.0011370166061384682
5548 0.0011370166061384682
5549 0.0034110498184154047
5550 0.0011370166061384682
5551 0.009966489903058172
5552 0.0022740332122769364
5553 0.006822099636830809
5554 0.006822099636830809
5555 0.0011370166061384682
5556 0.0011370166061384682
5557 0.0011370166061384682