0 0.00010360515709016387
6 0.0001359736315524734
10 0.00003138998729041841
13 0.0006249962611345944
14 0.00026456709550368824
15 0.00011067438687857875
17 0.00024376566216822076
20 0.00014256349717722765
23 0.0001917778078759736
24 0.0002549984919897665
26 0.000009180257170353432
27 0.00001995165315167076
28 0.00002388195174072963
29 0.000021345713143803165
30 0.00008005552081252168
31 0.000011047053421159797
32 0.0001446627800658901
34 0.00005968492932446962
41 0.00018725926302105958
43 0.0001247963410453852
44 0.00015086301495667102
45 0.000011692308997607148
47 0.0002708891434150717
50 0.00009059173042602328
59 0.000006462183444711172
60 0.000012924366889422343
74 0.0001314382268441069
80 0.0003393671988105698
81 0.00033390404938987825
95 0.0006161666804201201
96 0.0005697354412888233
97 0.00018061190259367678
102 0.0003910424617735554
103 0.00008541133970179466
125 0.00019006896079713502
139 0.0002495926820907704
140 0.0002005952689646678
153 0.00022952953988283507
168 0.00004914275771090647
203 0.0003136839799123262
217 0.00022388116406216174
219 0.0010848450449278055
220 0.0005399624677752377
259 0.0013630457693645831
273 0.0003697439993427182
276 0.0007394879986854364
299 0.0006419639687078222
314 0.0006464403017122036
415 0.0006649717304210047
449 0.0017072267864057119
481 0.0004339996609241885
529 0.00044939008413828627
566 0.0008128063180586093
601 0.0020883751720316363
713 0.0005544595315855724
735 0.002376725846065714
775 0.00036481917391093806
1065 0.0004415172276153697
1142 0.00040280813441833274
1160 0.0007096674962648366
1421 0.000790558501893244
1625 0.0006554485025236457
1661 0.00715071399973042
1916 0.0010215305713900601
2409 0.000953975571705261
2527 0.0010215305713900601
3392 0.0009060445366416521
5558 0.006822099636830809
5559 0.0011370166061384682
5560 0.0022740332122769364
5561 0.0022740332122769364
5562 0.0022740332122769364
5563 0.0011370166061384682
5564 0.0011370166061384682
5565 0.0011370166061384682
5566 0.0022740332122769364
5567 0.0011370166061384682
5568 0.0011370166061384682
5569 0.0011370166061384682
5570 0.0011370166061384682
5571 0.0011370166061384682
5572 0.0011370166061384682
5573 0.0011370166061384682
5574 0.0011370166061384682
5575 0.0011370166061384682
5576 0.0011370166061384682
5577 0.0011370166061384682
5578 0.0011370166061384682
5579 0.0011370166061384682
5580 0.0011370166061384682
5581 0.0011370166061384682
5582 0.0011370166061384682