2 0.0007264187840392248
3 0.00044939008413828627
4 0.0004007885808474655
6 0.00009064908770164895
7 0.0007077285252418094
8 0.000460498487011427
9 0.003523564593020247
10 0.0000837066327744491
11 0.004441003976480197
13 0.0003124981305672972
23 0.0003835556157519472
24 0.0002549984919897665
26 0.000018360514340706863
27 0.000013301102101113839
28 0.00003343473243702148
29 0.000010672856571901583
31 0.000011047053421159797
34 0.00005968492932446962
45 0.000014615386247008935
48 0.00014129003011415398
50 0.00004529586521301164
59 0.000019386550334133513
60 0.000038773100668267026
73 0.0009771920599575008
91 0.00046926799994623984
93 0.0006907477305171405
97 0.00018061190259367678
103 0.00008541133970179466
104 0.002789281133240805
119 0.00046345541606448445
122 0.00030783737547859243
139 0.0002495926820907704
141 0.0005103588061228796
144 0.0010431686420070989
146 0.00036481917391093806
168 0.00004914275771090647
172 0.00023913727761189357
185 0.0004677902934924359
188 0.0031097650150004445
189 0.0004755217854866652
200 0.0005666143587603556
201 0.0003782900330627366
213 0.00036481917391093806
252 0.0004236634738825287
265 0.00024220853747341272
305 0.0005648761188866944
430 0.00033256580019006747
458 0.004582021013441846
529 0.00044939008413828627
549 0.002303950576512237
550 0.0012084244032549982
551 0.0016256126361172186
585 0.0003987932141285859
589 0.0003818350844534872
618 0.0004885960299787504
700 0.0007820849235471108
742 0.00040692219849536895
842 0.000570339268307386
1142 0.0024168488065099965
1180 0.0005446560494091424
1243 0.0005878935028388465
1352 0.0018120890732833041
1977 0.0008128063180586093
2001 0.004086122285560241
2427 0.000953975571705261
3392 0.0009060445366416521
5583 0.0011370166061384682
5584 0.0011370166061384682
5585 0.0011370166061384682
5586 0.0011370166061384682
5587 0.0056850830306923415
5588 0.0011370166061384682
5589 0.0022740332122769364
5590 0.0022740332122769364
5591 0.0011370166061384682