0 0.00010360515709016387
5 0.0001350647307564619
6 0.00011331135962706119
8 0.000920996974022854
10 0.00005231664548403069
14 0.0005291341910073765
15 0.000055337193439289376
20 0.00014256349717722765
23 0.0001917778078759736
24 0.00012749924599488326
25 0.00009828551542181294
26 0.000013770385755530148
27 0.000026602204202227678
28 0.000014329171044437778
29 0.000016009284857852372
30 0.00008005552081252168
31 0.000016570580131739694
32 0.0001446627800658901
34 0.00005968492932446962
36 0.00017439542599474
41 0.00018725926302105958
43 0.0001247963410453852
44 0.00015086301495667102
45 0.000005846154498803574
46 0.0013092710867586897
48 0.00028258006022830796
49 0.0002231883932943071
50 0.00009059173042602328
52 0.00023612160922741876
59 0.000012924366889422343
60 0.000012924366889422343
72 0.0014789759973708727
74 0.0001314382268441069
78 0.002123817067855182
80 0.0006787343976211396
81 0.0006678080987797565
82 0.0019964893525851323
91 0.00023463399997311992
95 0.0006846296449112446
96 0.000783386231772132
97 0.0001204079350624512
103 0.00017082267940358932
110 0.0003600357507382571
119 0.00046345541606448445
121 0.0002131283281512035
125 0.00038013792159427004
134 0.0008096646950070818
139 0.0002495926820907704
143 0.0002681502686494669
148 0.00039487277137447156
151 0.0006787343976211396
159 0.0002817353899173489
163 0.00029998219746697925
201 0.0003782900330627366
202 0.00030783737547859243
224 0.0005182941691667408
226 0.0015548825075002222
234 0.00038363630339787504
299 0.0003209819843539111
300 0.00030262299481361246
390 0.001175787005677693
449 0.00042680669660142797
454 0.00038363630339787504
464 0.0005648761188866944
475 0.0002526001287307366
540 0.0005648761188866944
548 0.007533803027405933
550 0.00040280813441833274
574 0.0006750724671448359
623 0.0004605016093796513
644 0.0005399624677752377
645 0.0005353974937352319
713 0.0033267571895134345
720 0.0007230035022084448
735 0.001188362923032857
738 0.0006750724671448359
743 0.0003800531302520963
874 0.0008128063180586093
1252 0.000570339268307386
1307 0.015918232485938554
1308 0.0007375005660187797
1309 0.004548066424553873
1310 0.0008688663374890013
1311 0.0011370166061384682
1312 0.0006649717304210047
1313 0.0008384895369568529