6 0.00015863590347788565
8 0.0016117447045399945
10 0.00003138998729041841
15 0.00011067438687857875
23 0.0003835556157519472
24 0.00012749924599488326
25 0.00004914275771090647
26 0.000009180257170353432
27 0.00001995165315167076
28 0.000028658342088875557
29 0.00002668214142975396
31 0.000022094106842319594
32 0.0001446627800658901
34 0.00011936985864893924
36 0.00017439542599474
41 0.00018725926302105958
43 0.0004991853641815408
44 0.00015086301495667102
45 0.00000876923174820536
48 0.00014129003011415398
50 0.00004529586521301164
54 0.00064217757186086
57 0.0014413468606912412
59 0.000006462183444711172
60 0.000012924366889422343
74 0.0001314382268441069
76 0.0009504904821894923
77 0.0008779469936743287
87 0.00036808616347914477
91 0.00023463399997311992
93 0.0006907477305171405
95 0.0005477037159289957
96 0.0005697354412888233
97 0.0000602039675312256
103 0.00008541133970179466
114 0.0029709073075821425
118 0.000953975571705261
119 0.00046345541606448445
139 0.0001247963410453852
140 0.0002005952689646678
141 0.0005103588061228796
143 0.0005363005372989338
159 0.00014086769495867446
168 0.00009828551542181294
200 0.0005666143587603556
201 0.0007565800661254732
247 0.0003148783300420517
328 0.0003260311928669616
391 0.0004605016093796513
392 0.00047869542676802046
417 0.0014401430029530283
475 0.0002526001287307366
483 0.0003800531302520963
490 0.0005648761188866944
509 0.00047869542676802046
529 0.00044939008413828627
540 0.0005648761188866944
550 0.0008056162688366655
551 0.0008128063180586093
589 0.0030546806756278975
691 0.00038363630339787504
775 0.00036481917391093806
813 0.000629765283625402
878 0.0006378942679921852
1029 0.0016256126361172186
1036 0.0013019989827725655
1287 0.0005595864323964277
1387 0.0008688663374890013
1403 0.0006649717304210047
1979 0.0005818342485617932
2097 0.002861926715115783
2731 0.000790558501893244
2902 0.0010215305713900601
3057 0.0010215305713900601
4470 0.0010215305713900601
4472 0.0010215305713900601
4873 0.0010215305713900601
5515 0.019409080856411142
5545 0.000953975571705261
5551 0.0009060445366416521
5594 0.0011370166061384682
5595 0.010233149455246214
5596 0.0011370166061384682
5597 0.0011370166061384682
5598 0.004548066424553873
5599 0.0011370166061384682
5600 0.0022740332122769364
5601 0.0011370166061384682
5602 0.0011370166061384682