0 0.00010360515709016387
6 0.00011331135962706119
10 0.00011509662006486752
15 0.000055337193439289376
18 0.0003172930263603734
26 0.000009180257170353432
27 0.0000066505510505569195
28 0.000014329171044437778
29 0.000010672856571901583
30 0.00016011104162504336
31 0.000016570580131739694
32 0.0001446627800658901
43 0.0002495926820907704
45 0.000011692308997607148
59 0.000006462183444711172
60 0.000012924366889422343
71 0.0009976974005702023
91 0.00046926799994623984
92 0.00036481917391093806
95 0.00020538889347337336
96 0.00035608465080551457
100 0.00014427673725646523
103 0.00008541133970179466
144 0.00041726745680283956
168 0.00004914275771090647
177 0.00044410039764801966
180 0.0005052002574614732
251 0.0003066922772966927
442 0.00036481917391093806
744 0.0005544595315855724
805 0.0005353974937352319
1360 0.0005941814615164285