6 0.00009064908770164895
10 0.00004185331638722455
24 0.00012749924599488326
25 0.00009828551542181294
26 0.000018360514340706863
28 0.000004776390348145926
29 0.000005336428285950791
31 0.000011047053421159797
42 0.00029780424319051263
45 0.000011692308997607148
50 0.00004529586521301164
57 0.00018016835758640515
59 0.000012924366889422343
60 0.000038773100668267026
67 0.0003493811814946261
93 0.000460498487011427
119 0.0001544851386881615
121 0.0002131283281512035
134 0.00020241617375177045
136 0.0005913087846696265
137 0.000570339268307386
139 0.0002495926820907704
140 0.0002005952689646678
143 0.0002681502686494669
144 0.0010431686420070989
159 0.00014086769495867446
168 0.00004914275771090647
179 0.0005027842686225869
185 0.00023389514674621796
190 0.0005494856956725966
214 0.0009908934290848172
247 0.0003148783300420517
255 0.0009565491104475743
256 0.0015798793854948881
354 0.0004955391650005044
430 0.00033256580019006747
481 0.0004339996609241885
482 0.00040280813441833274
483 0.0007601062605041926
540 0.0005648761188866944
554 0.0003600357507382571
713 0.0005544595315855724
799 0.0003782900330627366
807 0.0007709345372720537
878 0.0006378942679921852
1072 0.0005544595315855724
1135 0.0010215305713900601
1196 0.002312803611816161
2023 0.0006220145312703716
2084 0.0006554485025236457
3640 0.00306459171417018
3812 0.00453022268320826
5485 0.0010215305713900601
5603 0.0024384189541758277