6 0.0000679868157762367
10 0.00003138998729041841
14 0.00026456709550368824
16 0.0006220145312703716
23 0.0003835556157519472
24 0.00012749924599488326
25 0.00004914275771090647
26 0.000009180257170353432
27 0.00001995165315167076
28 0.000019105561392583703
29 0.000016009284857852372
31 0.000016570580131739694
36 0.00034879085198948
45 0.000005846154498803574
50 0.00009059173042602328
54 0.00032108878593043
59 0.000006462183444711172
60 0.000012924366889422343
91 0.00023463399997311992
92 0.00036481917391093806
94 0.0004885960299787504
97 0.0000602039675312256
100 0.00014427673725646523
103 0.00008541133970179466
125 0.00019006896079713502
130 0.00036808616347914477
132 0.00116102618118008
139 0.0001247963410453852
143 0.0005363005372989338
155 0.0031488264181270104
159 0.00014086769495867446
160 0.00043897349683716435
168 0.00004914275771090647
176 0.0004576534865273853
185 0.00023389514674621796
190 0.0005494856956725966
200 0.0002833071793801778
217 0.0011194058203108088
221 0.0004090179636081414
222 0.0003748188423091808
223 0.0007578003861922098
227 0.0010448164664875542
234 0.00038363630339787504
242 0.0007709345372720537
300 0.0007565574870340312
304 0.0010661575080709474
306 0.0022592723877793235
354 0.0004955391650005044
372 0.0003553858360236491
398 0.0003632093920196124
414 0.0006075174674600367
442 0.0010944575217328141
444 0.0005878935028388465
447 0.0006464403017122036
452 0.0005399624677752377
475 0.0005052002574614732
494 0.0007709345372720537
573 0.0004885960299787504
639 0.00045485323355897795
953 0.0034291265152789703
1013 0.0005494856956725966
1099 0.0006146083728946911
1196 0.0015418690745441074
1252 0.000570339268307386
1338 0.0019393209051366106
1340 0.0013501449342896718
1891 0.0007230035022084448
1892 0.003989830382526028
2055 0.005723853430231566
2141 0.0020919608499306037
2989 0.0009060445366416521
3152 0.0009060445366416521
5603 0.0016256126361172186
5604 0.0034110498184154047
5605 0.0011370166061384682