6 0.00009064908770164895
10 0.000020926658193612276
14 0.00026456709550368824
15 0.000055337193439289376
23 0.0001917778078759736
24 0.00012749924599488326
25 0.00004914275771090647
26 0.000013770385755530148
27 0.000026602204202227678
28 0.000019105561392583703
29 0.000021345713143803165
31 0.000011047053421159797
43 0.0002495926820907704
45 0.00000876923174820536
47 0.0002708891434150717
48 0.00014129003011415398
50 0.00018118346085204656
54 0.00032108878593043
59 0.000019386550334133513
60 0.000025848733778844687
73 0.0004885960299787504
91 0.00046926799994623984
93 0.0002302492435057135
125 0.00019006896079713502
130 0.00036808616347914477
132 0.00019350436353001335
133 0.00032475447298266157
134 0.00020241617375177045
139 0.0001247963410453852
143 0.0002681502686494669
146 0.00036481917391093806
160 0.002633840981022986
164 0.00033123821444378676
168 0.00004914275771090647
170 0.00043897349683716435
179 0.0005027842686225869
213 0.00036481917391093806
214 0.0002477233572712043
217 0.0022388116406216177
223 0.0030312015447688393
265 0.00024220853747341272
273 0.0003697439993427182
300 0.0012104919792544498
301 0.0005035547120964008
307 0.0003818350844534872
311 0.00033798452589909114
326 0.0005399624677752377
437 0.00043897349683716435
449 0.0012804200898042838
454 0.00038363630339787504
475 0.0005052002574614732
515 0.00043897349683716435
530 0.0002736737953600468
555 0.00034358542739842214
572 0.0005224082332437771
878 0.0006378942679921852
953 0.002057475909167382
1196 0.0007709345372720537
1252 0.000570339268307386
1802 0.0008128063180586093
1830 0.0010215305713900601
2043 0.0005759876441280593
2336 0.002106505847326518
5603 0.0008128063180586093
5606 0.0010215305713900601