6 0.00009064908770164895
10 0.000020926658193612276
14 0.0005291341910073765
15 0.000055337193439289376
25 0.00009828551542181294
26 0.000009180257170353432
27 0.000026602204202227678
28 0.000014329171044437778
29 0.000016009284857852372
30 0.00008005552081252168
31 0.000022094106842319594
32 0.0001446627800658901
45 0.000005846154498803574
46 0.00032731777168967243
48 0.00014129003011415398
49 0.0002231883932943071
50 0.00009059173042602328
54 0.00032108878593043
60 0.000012924366889422343
77 0.00043897349683716435
84 0.0010989713913451932
92 0.00036481917391093806
95 0.00013692592898224894
96 0.00014243386032220583
97 0.0000602039675312256
110 0.0003600357507382571
125 0.00019006896079713502
132 0.0007740174541200534
142 0.0004520992678889995
148 0.0007897455427489431
159 0.00014086769495867446
160 0.0008779469936743287
168 0.00004914275771090647
171 0.0004176750344063272
190 0.0005494856956725966
204 0.0007230035022084448
217 0.0013432869843729705
223 0.002526001287307366
233 0.00038915983010845493
255 0.00047827455522378713
300 0.0007565574870340312
441 0.0008128063180586093
442 0.00036481917391093806
475 0.0002526001287307366
714 0.0005027842686225869
774 0.0005941814615164285
789 0.0008384895369568529
790 0.0006649717304210047
913 0.0008222808541664426
923 0.000570339268307386
1072 0.0005544595315855724
1171 0.0005182941691667408
1196 0.002312803611816161
1252 0.000570339268307386
1317 0.0005544595315855724
1656 0.0008688663374890013
1724 0.0005878935028388465
1854 0.0005818342485617932
2043 0.0005759876441280593
5603 0.0016256126361172186