0 0.00010360515709016387
6 0.00009064908770164895
10 0.00003138998729041841
25 0.00004914275771090647
26 0.000009180257170353432
27 0.0000332527552527846
28 0.000014329171044437778
29 0.000016009284857852372
31 0.000016570580131739694
32 0.0001446627800658901
45 0.000005846154498803574
47 0.0002708891434150717
50 0.00018118346085204656
54 0.000160544392965215
57 0.0003603367151728103
59 0.000006462183444711172
60 0.000012924366889422343
76 0.00023762262054737309
95 0.00027385185796449787
96 0.00028486772064441167
97 0.0000602039675312256
125 0.00019006896079713502
127 0.0006220145312703716
138 0.00029998219746697925
140 0.0004011905379293356
144 0.0008345349136056791
168 0.00004914275771090647
171 0.0004176750344063272
186 0.00040692219849536895
200 0.0002833071793801778
217 0.0020149304765594554
223 0.0015156007723844196
233 0.00038915983010845493
234 0.00038363630339787504
241 0.000466348213813385
252 0.00021183173694126436
255 0.0009565491104475743
262 0.0003464581042452242
300 0.0007565574870340312
311 0.0006759690517981823
475 0.0002526001287307366
515 0.0008779469936743287
639 0.00045485323355897795
654 0.0007745964677483575
671 0.0003910424617735554
686 0.002281357073229544
687 0.001013056993043927
816 0.0004852300340911263
1072 0.0005544595315855724
1132 0.0008882007952960393
1193 0.0005309542669637955
1252 0.000570339268307386
1342 0.0014460070044168896
2189 0.0012292167457893823
3833 0.0008128063180586093
5372 0.0010215305713900601