6 0.00009064908770164895
10 0.00003138998729041841
14 0.00026456709550368824
15 0.0002213487737571575
23 0.0003835556157519472
24 0.00012749924599488326
25 0.00004914275771090647
26 0.000009180257170353432
27 0.000026602204202227678
28 0.00002388195174072963
29 0.000016009284857852372
31 0.00003314116026347939
32 0.0007233139003294506
34 0.00017905478797340885
36 0.00034879085198948
45 0.000005846154498803574
50 0.00004529586521301164
56 0.0010307562821952664
59 0.000006462183444711172
60 0.000012924366889422343
74 0.0002628764536882138
91 0.00046926799994623984
97 0.0002408158701249024
100 0.00014427673725646523
103 0.00017082267940358932
108 0.0005085159291886202
119 0.0009269108321289689
124 0.0022809939265001408
125 0.000570206882391405
132 0.00019350436353001335
137 0.001140678536614772
143 0.0002681502686494669
159 0.0009860738647107213
167 0.0012740545047031217
168 0.00009828551542181294
172 0.00023913727761189357
186 0.008545366168402747
202 0.0006156747509571849
250 0.001175787005677693
257 0.004425003396112678
265 0.00024220853747341272
266 0.0003010819448897304
286 0.0013946405666204024
294 0.0009060445366416521
304 0.0014215433440945965
306 0.003388908581668985
339 0.001531076418368639
372 0.0007107716720472983
509 0.00047869542676802046
729 0.0006075174674600367
747 0.00616747629817643
816 0.0004852300340911263
892 0.0011191728647928555
902 0.0005544595315855724
1069 0.0003968214617715378
1110 0.000685825303055794
1137 0.0007533803027405932
1180 0.004901904444682281
1200 0.001694628356660083
1240 0.0009060445366416521
1264 0.0012150349349200735
1266 0.000629765283625402
1273 0.003486601416551006
1772 0.0020430611427801203
1785 0.001694628356660083
1817 0.0007533803027405932
2165 0.0009060445366416521
2313 0.00557856226648161
3254 0.001907951143410522
3501 0.0007709345372720537
4607 0.0020430611427801203
5607 0.0053965417609043755
5608 0.0034110498184154047
5609 0.027288398547323237
5610 0.0011370166061384682
5611 0.0022740332122769364
5612 0.0011370166061384682
5613 0.0011370166061384682
5614 0.0011370166061384682
5615 0.0011370166061384682