0 0.00010360515709016387
6 0.00009064908770164895
10 0.00012555994916167365
13 0.0009374943917018915
14 0.00026456709550368824
15 0.00011067438687857875
24 0.00012749924599488326
25 0.00004914275771090647
26 0.000013770385755530148
27 0.000026602204202227678
28 0.000019105561392583703
29 0.000016009284857852372
31 0.000049711740395219085
32 0.00043398834019767033
34 0.00011936985864893924
36 0.00017439542599474
45 0.000011692308997607148
49 0.0002231883932943071
50 0.00009059173042602328
59 0.000012924366889422343
60 0.000025848733778844687
74 0.0001314382268441069
97 0.00018061190259367678
100 0.00014427673725646523
103 0.00008541133970179466
124 0.00022809939265001406
125 0.0015205516863770801
142 0.004068893411000995
153 0.00045905907976567014
159 0.0004226030848760234
168 0.00009828551542181294
169 0.0002663490497050791
172 0.00023913727761189357
175 0.00028530254609905744
177 0.00044410039764801966
186 0.00040692219849536895
200 0.0002833071793801778
202 0.00030783737547859243
216 0.0006075174674600367
221 0.0004090179636081414
222 0.0003748188423091808
251 0.001226769109186771
252 0.0008473269477650574
255 0.00023913727761189357
265 0.00024220853747341272
271 0.0004415172276153697
304 0.0014215433440945965
306 0.005271635571485088
362 0.00029998219746697925
448 0.0006464403017122036
451 0.0006007160688395344
486 0.0014460070044168896
490 0.0011297522377733888
491 0.0011089190631711448
555 0.00034358542739842214
790 0.0006649717304210047
799 0.0003782900330627366
923 0.0028516963415369297
1171 0.0005182941691667408
4469 0.003815902286821044
5607 0.002312803611816161
5616 0.0011370166061384682