0 0.00020721031418032774
5 0.0001350647307564619
6 0.00009064908770164895
8 0.000920996974022854
10 0.00004185331638722455
23 0.0001917778078759736
24 0.00012749924599488326
25 0.00004914275771090647
26 0.000013770385755530148
27 0.000013301102101113839
28 0.000009552780696291852
29 0.000010672856571901583
30 0.00016011104162504336
31 0.000016570580131739694
32 0.0001446627800658901
34 0.00017905478797340885
41 0.00018725926302105958
45 0.000005846154498803574
49 0.0002231883932943071
59 0.000006462183444711172
60 0.000012924366889422343
67 0.0010481435444838782
68 0.0012084244032549982
75 0.0024719231862273716
80 0.0006787343976211396
81 0.0010017121481696349
82 0.0009982446762925661
84 0.0010989713913451932
91 0.00046926799994623984
92 0.00036481917391093806
95 0.0006161666804201201
96 0.0006409523714499261
97 0.0000602039675312256
108 0.0005085159291886202
145 0.002994734028877698
151 0.0006787343976211396
158 0.0007530907959264412
168 0.00004914275771090647
174 0.0004111404270832213
180 0.0002526001287307366
185 0.00023389514674621796
189 0.0009510435709733304
196 0.0005309542669637955
198 0.0012928806034244072
201 0.0018914501653136831
214 0.0002477233572712043
219 0.0003616150149759352
368 0.0005494856956725966
369 0.0005544595315855724
380 0.002853130712919991
454 0.00038363630339787504
462 0.0005941814615164285
618 0.0019543841199150015
743 0.0007601062605041926
933 0.0010448164664875542
1142 0.00040280813441833274
1314 0.0005446560494091424
1315 0.0008688663374890013
1316 0.0010215305713900601
1317 0.0011089190631711448