2 0.004358512704235348
6 0.0001359736315524734
8 0.0006907477305171405
10 0.000020926658193612276
14 0.00026456709550368824
15 0.00011067438687857875
23 0.0001917778078759736
25 0.00014742827313271942
26 0.000009180257170353432
27 0.000013301102101113839
28 0.000014329171044437778
29 0.000016009284857852372
31 0.000022094106842319594
34 0.00005968492932446962
36 0.00034879085198948
45 0.00001753846349641072
46 0.00032731777168967243
48 0.00028258006022830796
49 0.0002231883932943071
50 0.00004529586521301164
57 0.0007206734303456206
58 0.0005595864323964277
59 0.000025848733778844687
60 0.00005169746755768937
62 0.0018120890732833041
63 0.0010215305713900601
74 0.0001314382268441069
75 0.00030899039827842145
97 0.0001204079350624512
100 0.00014427673725646523
103 0.00008541133970179466
108 0.0002542579645943101
119 0.00046345541606448445
125 0.0007602758431885401
139 0.0002495926820907704
171 0.0020883751720316363
195 0.00043018466555000526
201 0.0003782900330627366
211 0.0010893120988182848
213 0.00036481917391093806
214 0.0002477233572712043
247 0.0003148783300420517
252 0.0008473269477650574
265 0.0012110426873670635
271 0.0004415172276153697
277 0.0005494856956725966
312 0.0009771920599575008
434 0.00032731777168967243
454 0.00038363630339787504
457 0.0006378942679921852
475 0.0002526001287307366
483 0.0011401593907562888
496 0.0003493811814946261
529 0.00044939008413828627
602 0.0009910783300010088
654 0.00038729823387417876
668 0.01544871799942714
669 0.014260355076394284
795 0.0005353974937352319
828 0.0017377326749780026
868 0.0006220145312703716
1072 0.0005544595315855724
1165 0.0008128063180586093
1369 0.01430142799946084
1625 0.0013108970050472915
2013 0.0008384895369568529
2189 0.0006146083728946911
2223 0.000953975571705261
3137 0.0008384895369568529
3502 0.000953975571705261
3951 0.0010215305713900601
5155 0.01225836685668072
5335 0.00306459171417018
5607 0.0007709345372720537
5622 0.0011370166061384682
5623 0.0022740332122769364
5624 0.0022740332122769364
5625 0.015918232485938554
5626 0.0011370166061384682