6 0.0000679868157762367
8 0.0006907477305171405
10 0.00003138998729041841
13 0.0003124981305672972
15 0.00011067438687857875
25 0.00009828551542181294
26 0.000013770385755530148
27 0.000013301102101113839
28 0.000004776390348145926
29 0.000005336428285950791
31 0.000011047053421159797
34 0.00011936985864893924
45 0.000011692308997607148
57 0.0005405050727592154
59 0.000006462183444711172
60 0.000038773100668267026
67 0.0003493811814946261
74 0.0001314382268441069
103 0.00008541133970179466
109 0.0003818350844534872
134 0.00020241617375177045
159 0.0002817353899173489
163 0.00029998219746697925
168 0.00014742827313271942
169 0.0005326980994101582
185 0.00023389514674621796
195 0.00043018466555000526
203 0.0003136839799123262
213 0.0007296383478218761
214 0.0007431700718136128
251 0.0009200768318900781
276 0.0011092319980281545
312 0.0004885960299787504
417 0.0003600357507382571
455 0.00093269642762677
481 0.0004339996609241885
529 0.00044939008413828627
716 0.007732504970502625
805 0.010172552380969405
2487 0.0010215305713900601
2850 0.0008128063180586093
2924 0.0007230035022084448
3578 0.0010215305713900601
3848 0.002606599012467004
5607 0.003083738149088215
5627 0.007959116242969277