5 0.0001350647307564619
6 0.00020396044732871014
10 0.00004185331638722455
15 0.0002213487737571575
23 0.0001917778078759736
25 0.00004914275771090647
26 0.000013770385755530148
27 0.000026602204202227678
28 0.000014329171044437778
29 0.000016009284857852372
31 0.000022094106842319594
32 0.0001446627800658901
36 0.00034879085198948
42 0.00029780424319051263
43 0.0001247963410453852
44 0.00015086301495667102
45 0.000005846154498803574
50 0.00004529586521301164
59 0.000019386550334133513
60 0.000012924366889422343
74 0.0001314382268441069
80 0.0027149375904845586
81 0.002671232395119026
91 0.00046926799994623984
93 0.000460498487011427
95 0.00047924075143787115
96 0.0004985185111277203
103 0.00008541133970179466
122 0.0006156747509571849
159 0.00014086769495867446
163 0.00029998219746697925
165 0.0009387005947386255
167 0.0003185136261757804
168 0.00009828551542181294
172 0.00023913727761189357
185 0.00023389514674621796
202 0.00030783737547859243
203 0.0006273679598246524
221 0.0008180359272162828
222 0.0007496376846183616
247 0.002833904970378465
259 0.0003407614423411458
302 0.00038363630339787504
314 0.0019393209051366106
362 0.00029998219746697925
446 0.0008353500688126544
517 0.004251667212813946
544 0.0010707949874704638
576 0.0005759876441280593
716 0.0018194129342359118
747 0.002312803611816161
790 0.0006649717304210047
1013 0.0010989713913451932
1122 0.000685825303055794
1123 0.000685825303055794
1200 0.0011297522377733888
1290 0.005107652856950301
1510 0.00226014090822178
1611 0.0009060445366416521
1714 0.006750724671448359
1931 0.0008688663374890013
2578 0.0009060445366416521
5607 0.004625607223632322
5628 0.037521548002569446