5 0.0001350647307564619
6 0.0001359736315524734
8 0.000920996974022854
10 0.00003138998729041841
14 0.00026456709550368824
15 0.000055337193439289376
23 0.0003835556157519472
25 0.00014742827313271942
26 0.000013770385755530148
27 0.0000332527552527846
28 0.000014329171044437778
29 0.000016009284857852372
31 0.000022094106842319594
32 0.0001446627800658901
34 0.00017905478797340885
42 0.0005956084863810253
43 0.0002495926820907704
44 0.0006034520598266841
45 0.000005846154498803574
46 0.0009819533150690174
48 0.00028258006022830796
49 0.0002231883932943071
50 0.00018118346085204656
59 0.000006462183444711172
60 0.000012924366889422343
74 0.0001314382268441069
95 0.0005477037159289957
96 0.0005697354412888233
97 0.0000602039675312256
100 0.00014427673725646523
103 0.00008541133970179466
119 0.0001544851386881615
124 0.00022809939265001406
130 0.00036808616347914477
138 0.0005999643949339585
140 0.0008023810758586712
148 0.00039487277137447156
159 0.00014086769495867446
163 0.00029998219746697925
168 0.00004914275771090647
172 0.00023913727761189357
202 0.00030783737547859243
218 0.003110072656351858
252 0.001270990421647586
265 0.00024220853747341272
273 0.0003697439993427182
391 0.0013815048281389537
454 0.00038363630339787504
529 0.00044939008413828627
530 0.0002736737953600468
654 0.00038729823387417876
658 0.0009060445366416521
734 0.0005027842686225869
795 0.0005353974937352319
808 0.000570339268307386
868 0.0018660435938111148
1047 0.007375300474736293
1072 0.0005544595315855724
1441 0.0059000045281502374
1597 0.0006554485025236457
1779 0.0007533803027405932
1869 0.0007096674962648366
1872 0.0008688663374890013
1963 0.0006973202833102012
2159 0.016308801659549736
2429 0.000953975571705261
4127 0.000953975571705261
5607 0.002312803611816161
5629 0.0011370166061384682