5 0.0002701294615129238
6 0.00020396044732871014
10 0.000020926658193612276
22 0.0005595864323964277
23 0.0001917778078759736
25 0.00009828551542181294
26 0.000013770385755530148
27 0.000013301102101113839
28 0.000009552780696291852
29 0.000016009284857852372
31 0.000011047053421159797
32 0.0001446627800658901
45 0.000005846154498803574
46 0.00032731777168967243
49 0.0002231883932943071
60 0.000012924366889422343
75 0.00030899039827842145
81 0.00033390404938987825
83 0.0008384895369568529
95 0.00027385185796449787
96 0.00028486772064441167
196 0.0005309542669637955
204 0.0007230035022084448
265 0.00048441707494682545
365 0.0032969141740355795
372 0.0003553858360236491
505 0.000953975571705261
538 0.00037310999523034225
743 0.0003800531302520963
767 0.00040692219849536895
799 0.0003782900330627366
878 0.0006378942679921852
1099 0.004916866983157529
1191 0.0008384895369568529
1192 0.002824380594433472
1266 0.000629765283625402
1284 0.0007230035022084448
1577 0.000685825303055794
1654 0.0008384895369568529
2626 0.0008688663374890013
4575 0.0056896442264102644
5607 0.003854672686360269
5630 0.0011370166061384682