5 0.0001350647307564619
6 0.00015863590347788565
10 0.000020926658193612276
15 0.000055337193439289376
20 0.00014256349717722765
23 0.0003835556157519472
25 0.00014742827313271942
26 0.000013770385755530148
27 0.000026602204202227678
28 0.000014329171044437778
29 0.000016009284857852372
31 0.000016570580131739694
32 0.0001446627800658901
34 0.00005968492932446962
45 0.000005846154498803574
46 0.0009819533150690174
48 0.00014129003011415398
49 0.0002231883932943071
50 0.00009059173042602328
57 0.00018016835758640515
59 0.000006462183444711172
60 0.000012924366889422343
74 0.0001314382268441069
93 0.0002302492435057135
95 0.0005477037159289957
96 0.0005697354412888233
97 0.0000602039675312256
100 0.00014427673725646523
103 0.00008541133970179466
119 0.0001544851386881615
134 0.00020241617375177045
139 0.0001247963410453852
146 0.00036481917391093806
148 0.00039487277137447156
151 0.0006787343976211396
159 0.0004226030848760234
167 0.0012740545047031217
185 0.00023389514674621796
193 0.004769877858526305
195 0.00043018466555000526
202 0.00030783737547859243
217 0.0004477623281243235
234 0.00038363630339787504
251 0.0006133845545933855
252 0.000635495210823793
274 0.000629765283625402
350 0.0021415899749409276
417 0.0003600357507382571
454 0.00038363630339787504
530 0.0002736737953600468
594 0.0011636684971235863
780 0.0014193349925296732
865 0.0004520992678889995
1069 0.0003968214617715378
1072 0.0005544595315855724
1099 0.007375300474736293
1180 0.007625184691727993
1264 0.0012150349349200735
1274 0.0007533803027405932
1330 0.0008128063180586093
1391 0.00695093069991201
1440 0.0006464403017122036
1443 0.0008688663374890013
1625 0.0006554485025236457
1969 0.000953975571705261
2533 0.0007230035022084448
2968 0.0010215305713900601
4782 0.000953975571705261
5607 0.003854672686360269
5631 0.013644199273661619
5632 0.0011370166061384682
5633 0.0011370166061384682