0 0.00010360515709016387
6 0.0003399340788811836
10 0.00007324330367764296
15 0.000055337193439289376
24 0.0015299909519385989
25 0.00034399930397634523
26 0.000009180257170353432
27 0.00003990330630334152
28 0.00003343473243702148
29 0.000032018569715704745
30 0.00008005552081252168
31 0.000027617633552899494
32 0.00021699417009883517
34 0.00005968492932446962
36 0.00017439542599474
42 0.0005956084863810253
43 0.0001247963410453852
44 0.00015086301495667102
45 0.000011692308997607148
49 0.0011159419664715355
50 0.0001358875956390349
51 0.0010448164664875542
52 0.0014167296553645125
53 0.0017486169824817651
54 0.00032108878593043
56 0.00034358542739842214
57 0.0005405050727592154
58 0.0005595864323964277
59 0.000012924366889422343
60 0.000012924366889422343
95 0.0006161666804201201
96 0.0006409523714499261
97 0.0000602039675312256
98 0.001195558646218361
103 0.00017082267940358932
119 0.0009269108321289689
134 0.0006072485212553113
136 0.0005913087846696265
143 0.0005363005372989338
144 0.00020863372840141978
159 0.0009860738647107213
168 0.00004914275771090647
186 0.002848455389467582
189 0.0014265653564599955
200 0.0008499215381405333
203 0.0003136839799123262
214 0.0002477233572712043
223 0.0002526001287307366
233 0.0007783196602169099
235 0.000244549715989849
247 0.0006297566600841033
251 0.0003066922772966927
252 0.000635495210823793
265 0.0009688341498936509
274 0.000629765283625402
293 0.0005065284965219635
300 0.0018157379688816745
301 0.003021328272578404
305 0.003389256713320166
306 0.0030123631837057647
325 0.0008779469936743287
380 0.0004755217854866652
398 0.0003632093920196124
429 0.0004755217854866652
430 0.0009976974005702023
435 0.0008882007952960393
442 0.0032833725651984424
452 0.0005399624677752377
454 0.0007672726067957501
475 0.0002526001287307366
483 0.0007601062605041926
512 0.00044672424919219483
515 0.00043897349683716435
550 0.0008056162688366655
568 0.0005595864323964277
576 0.0005759876441280593
589 0.0011455052533604615
623 0.0004605016093796513
671 0.0003910424617735554
711 0.0189020290800554
712 0.0012928806034244072
721 0.0012292167457893823
725 0.000685825303055794
744 0.0005544595315855724
776 0.0008309364644307748
783 0.0006649717304210047
790 0.0006649717304210047
799 0.0003782900330627366
839 0.0009510435709733304
848 0.0005446560494091424
851 0.0009387005947386255
867 0.0010055685372451738
878 0.0012757885359843703
897 0.0005494856956725966
898 0.0005027842686225869
900 0.002106505847326518
901 0.0005759876441280593
902 0.0011089190631711448
903 0.0005818342485617932
904 0.0006007160688395344
905 0.0005878935028388465
906 0.000570339268307386
907 0.0005878935028388465
908 0.0005818342485617932
909 0.0005941814615164285
910 0.000570339268307386
911 0.0005759876441280593
912 0.00047869542676802046
914 0.0008384895369568529
960 0.000944814936180877
1062 0.0005648761188866944
1066 0.00048193069598779744
1067 0.0005544595315855724
1068 0.001531076418368639
1071 0.0007533803027405932
1142 0.0008056162688366655
1196 0.003083738149088215
1337 0.0010707949874704638
1347 0.007819797037401011
1397 0.0006750724671448359
1472 0.0014193349925296732
1724 0.0005878935028388465
1945 0.0015067606054811865
1974 0.0018120890732833041
2043 0.0034559258647683558
3989 0.0020430611427801203
4631 0.000953975571705261
5603 0.0016256126361172186
5634 0.0011370166061384682
5635 0.0010215305713900601
5636 0.0011370166061384682
5637 0.0011370166061384682
5638 0.0011370166061384682
5639 0.0011370166061384682