0 0.00010360515709016387
6 0.00011331135962706119
20 0.00014256349717722765
23 0.0001917778078759736
24 0.00012749924599488326
25 0.00004914275771090647
26 0.000013770385755530148
27 0.00001995165315167076
28 0.000014329171044437778
29 0.000016009284857852372
30 0.00008005552081252168
31 0.000016570580131739694
45 0.00000876923174820536
50 0.00004529586521301164
54 0.000160544392965215
59 0.000012924366889422343
60 0.000025848733778844687
72 0.0003697439993427182
132 0.00019350436353001335
139 0.0001247963410453852
168 0.00004914275771090647
170 0.00043897349683716435
195 0.00021509233277500263
214 0.0002477233572712043
217 0.00022388116406216174
223 0.0007578003861922098
233 0.00038915983010845493
235 0.000244549715989849
276 0.0011092319980281545
300 0.00030262299481361246
301 0.0005035547120964008
311 0.00033798452589909114
454 0.00038363630339787504
496 0.0003493811814946261
516 0.0006378942679921852
529 0.00044939008413828627
742 0.00040692219849536895
966 0.0006464403017122036
1196 0.0007709345372720537
1463 0.0014460070044168896
1892 0.002659886921684019
2336 0.0031597587709897763
2762 0.0007533803027405932
2894 0.001907951143410522
5603 0.0008128063180586093