0 0.00010360515709016387
2 0.0014528375680784495
4 0.000801577161694931
5 0.0001350647307564619
6 0.00011331135962706119
8 0.0011512462175285675
9 0.001057069377906074
10 0.000020926658193612276
15 0.000055337193439289376
23 0.0003835556157519472
24 0.00012749924599488326
25 0.00014742827313271942
26 0.000018360514340706863
27 0.000013301102101113839
28 0.000014329171044437778
29 0.000016009284857852372
30 0.00008005552081252168
31 0.000011047053421159797
32 0.0001446627800658901
33 0.0004755217854866652
34 0.00023873971729787848
36 0.00017439542599474
41 0.00018725926302105958
43 0.0001247963410453852
44 0.00015086301495667102
45 0.000002923077249401787
46 0.00032731777168967243
48 0.0005651601204566159
49 0.0002231883932943071
59 0.000006462183444711172
60 0.000012924366889422343
67 0.0006987623629892522
68 0.0008056162688366655
69 0.0038545720818497766
71 0.00033256580019006747
72 0.0003697439993427182
74 0.0002628764536882138
77 0.00043897349683716435
95 0.00047924075143787115
96 0.0004985185111277203
97 0.0000602039675312256
98 0.0005977793231091805
103 0.00017082267940358932
164 0.00033123821444378676
169 0.0002663490497050791
171 0.0004176750344063272
185 0.00023389514674621796
198 0.0012928806034244072
201 0.0007565800661254732
202 0.00030783737547859243
203 0.0003136839799123262
213 0.00036481917391093806
266 0.0003010819448897304
416 0.0003493811814946261
434 0.00032731777168967243
435 0.00044410039764801966
454 0.001150908910193625
515 0.00043897349683716435
517 0.001889629872361754
572 0.0015672246997313311
580 0.00420501248187674
582 0.0038786418102732213
618 0.0009771920599575008
702 0.0010707949874704638
743 0.0003800531302520963
1304 0.0011191728647928555
1318 0.0006649717304210047
1319 0.0022740332122769364
1320 0.0011370166061384682
1321 0.0011370166061384682
1322 0.0011370166061384682
1323 0.0011370166061384682
1324 0.0011370166061384682
1325 0.0005544595315855724