0 0.00010360515709016387
5 0.0001350647307564619
6 0.00009064908770164895
10 0.00003138998729041841
24 0.0002549984919897665
25 0.00014742827313271942
26 0.000009180257170353432
27 0.00001995165315167076
28 0.000009552780696291852
29 0.000010672856571901583
31 0.000022094106842319594
32 0.0001446627800658901
34 0.00011936985864893924
43 0.0002495926820907704
45 0.000005846154498803574
54 0.000160544392965215
59 0.000012924366889422343
60 0.000012924366889422343
95 0.00020538889347337336
96 0.00021365079048330874
97 0.0000602039675312256
110 0.0003600357507382571
139 0.0001247963410453852
144 0.0008345349136056791
168 0.00004914275771090647
179 0.0010055685372451738
217 0.0006716434921864852
219 0.0003616150149759352
223 0.0007578003861922098
233 0.0007783196602169099
235 0.000244549715989849
259 0.0003407614423411458
275 0.0006649717304210047
470 0.00044672424919219483
475 0.0002526001287307366
481 0.0013019989827725655
496 0.0003493811814946261
585 0.0003987932141285859
1171 0.0005182941691667408
1196 0.0007709345372720537
2084 0.0013108970050472915
5635 0.0010215305713900601