0 0.00010360515709016387
6 0.00009064908770164895
10 0.000010463329096806138
25 0.00009828551542181294
26 0.000009180257170353432
27 0.00001995165315167076
28 0.000014329171044437778
29 0.000016009284857852372
31 0.000016570580131739694
32 0.0001446627800658901
41 0.00018725926302105958
45 0.000005846154498803574
46 0.00032731777168967243
49 0.0002231883932943071
50 0.00009059173042602328
54 0.00032108878593043
58 0.0011191728647928555
59 0.000012924366889422343
60 0.000012924366889422343
95 0.00027385185796449787
96 0.00028486772064441167
97 0.0000602039675312256
103 0.00008541133970179466
125 0.00019006896079713502
133 0.00032475447298266157
139 0.0001247963410453852
170 0.00043897349683716435
176 0.0004576534865273853
204 0.0007230035022084448
214 0.0002477233572712043
217 0.0011194058203108088
223 0.0007578003861922098
265 0.00024220853747341272
300 0.0012104919792544498
301 0.0005035547120964008
311 0.00033798452589909114
365 0.0021979427826903865
452 0.0005399624677752377
516 0.0006378942679921852
840 0.0005027842686225869
960 0.0004724074680904385
1114 0.0028386699850593464
1252 0.000570339268307386
1656 0.0008688663374890013
1892 0.002659886921684019
2043 0.0005759876441280593
2336 0.002106505847326518