0 0.00010360515709016387
6 0.00011331135962706119
20 0.00014256349717722765
24 0.00012749924599488326
26 0.000013770385755530148
27 0.000026602204202227678
28 0.000014329171044437778
29 0.000016009284857852372
30 0.00008005552081252168
31 0.000016570580131739694
34 0.00005968492932446962
43 0.0002495926820907704
45 0.000011692308997607148
50 0.0001358875956390349
59 0.000019386550334133513
60 0.000025848733778844687
84 0.0005494856956725966
91 0.0007039019999193597
92 0.00036481917391093806
100 0.00014427673725646523
124 0.0009123975706000563
125 0.00019006896079713502
139 0.0002495926820907704
153 0.00022952953988283507
164 0.00033123821444378676
168 0.00004914275771090647
177 0.00044410039764801966
217 0.0004477623281243235
223 0.0007578003861922098
256 0.0015798793854948881
300 0.00015131149740680623
301 0.000755332068144601
328 0.0003260311928669616
691 0.00038363630339787504
1036 0.0004339996609241885
1038 0.0005103588061228796
1103 0.00046935029736931276
5641 0.0022740332122769364