0 0.00020721031418032774
5 0.0001350647307564619
6 0.00009064908770164895
10 0.00003138998729041841
17 0.00024376566216822076
18 0.0006345860527207468
20 0.00014256349717722765
24 0.00012749924599488326
26 0.000018360514340706863
27 0.000013301102101113839
28 0.000009552780696291852
29 0.000010672856571901583
30 0.00016011104162504336
31 0.000027617633552899494
34 0.00011936985864893924
43 0.0001247963410453852
45 0.00001753846349641072
48 0.00028258006022830796
50 0.00009059173042602328
54 0.000160544392965215
57 0.0003603367151728103
59 0.000032310917223555856
60 0.000038773100668267026
76 0.00023762262054737309
89 0.00033798452589909114
91 0.00023463399997311992
97 0.0000602039675312256
100 0.00014427673725646523
119 0.00046345541606448445
121 0.0002131283281512035
124 0.0006842981779500422
125 0.00019006896079713502
132 0.0003870087270600267
138 0.00029998219746697925
140 0.0004011905379293356
153 0.00045905907976567014
165 0.003754802378954502
167 0.0009555408785273412
168 0.00004914275771090647
169 0.0005326980994101582
185 0.00023389514674621796
188 0.0010365883383334816
202 0.00030783737547859243
215 0.0005446560494091424
217 0.003582098624994588
218 0.0037320871876222296
223 0.0010104005149229464
241 0.000466348213813385
252 0.000635495210823793
255 0.00023913727761189357
264 0.0039923748781517015
265 0.00024220853747341272
276 0.0007394879986854364
279 0.0006464403017122036
307 0.0003818350844534872
331 0.0003136839799123262
374 0.0006220145312703716
437 0.00043897349683716435
459 0.000570339268307386
481 0.0004339996609241885
482 0.0024168488065099965
483 0.0007601062605041926
496 0.0003493811814946261
550 0.0012084244032549982
555 0.00034358542739842214
567 0.0007096674962648366
584 0.003486601416551006
613 0.0004176750344063272
654 0.002711087637119251
742 0.00040692219849536895
774 0.0005941814615164285
776 0.0004154682322153874
1881 0.000953975571705261
1986 0.0008384895369568529
2647 0.000953975571705261
2762 0.0015067606054811865
4269 0.002861926715115783
5642 0.0034110498184154047
5643 0.0011370166061384682
5644 0.0011370166061384682