0 0.00010360515709016387
3 0.00044939008413828627
4 0.0020039429042373277
6 0.0001812981754032979
7 0.001061592787862714
9 0.002114138755812148
10 0.00003138998729041841
20 0.00014256349717722765
23 0.0001917778078759736
25 0.00004914275771090647
26 0.000009180257170353432
27 0.000013301102101113839
28 0.000019105561392583703
29 0.000016009284857852372
30 0.00008005552081252168
31 0.00003314116026347939
32 0.00021699417009883517
34 0.00005968492932446962
43 0.0001247963410453852
44 0.00015086301495667102
45 0.00000876923174820536
48 0.00014129003011415398
50 0.00004529586521301164
57 0.0009008417879320257
59 0.000012924366889422343
60 0.000012924366889422343
64 0.0005941814615164285
74 0.0001314382268441069
91 0.00023463399997311992
95 0.0006161666804201201
96 0.0006409523714499261
97 0.0000602039675312256
103 0.00008541133970179466
121 0.0002131283281512035
125 0.00019006896079713502
139 0.0001247963410453852
168 0.00009828551542181294
169 0.0002663490497050791
174 0.0004111404270832213
180 0.0002526001287307366
196 0.0005309542669637955
217 0.00022388116406216174
219 0.0007232300299518704
252 0.00021183173694126436
262 0.0003464581042452242
300 0.00015131149740680623
303 0.0020450898180407067
343 0.0004339996609241885
416 0.0003493811814946261
458 0.0007636701689069744
483 0.0019002656512604817
573 0.0004885960299787504
600 0.000685825303055794
663 0.0006973202833102012
702 0.0005353974937352319
1180 0.002723280247045712
1193 0.0005309542669637955
1562 0.0006220145312703716
1563 0.0006075174674600367
1566 0.0006007160688395344
2016 0.0010215305713900601
2017 0.0008128063180586093
2023 0.0006220145312703716
2775 0.0007230035022084448
2922 0.000790558501893244
2931 0.000953975571705261
3367 0.0008384895369568529
5645 0.0011370166061384682
5646 0.0011370166061384682