0 0.00010360515709016387
6 0.00009064908770164895
8 0.000920996974022854
10 0.00005231664548403069
20 0.00014256349717722765
24 0.00012749924599488326
25 0.00004914275771090647
26 0.000009180257170353432
27 0.000013301102101113839
28 0.000009552780696291852
29 0.000010672856571901583
30 0.00016011104162504336
31 0.000022094106842319594
32 0.0001446627800658901
34 0.00005968492932446962
45 0.00000876923174820536
50 0.00004529586521301164
54 0.0009632663577912898
59 0.000012924366889422343
60 0.000012924366889422343
95 0.00047924075143787115
96 0.00021365079048330874
100 0.00014427673725646523
108 0.0002542579645943101
142 0.0004520992678889995
143 0.0002681502686494669
164 0.0016561910722189337
168 0.00004914275771090647
175 0.00028530254609905744
245 0.0006146083728946911
246 0.0005399624677752377
255 0.0021522354985070422
276 0.0007394879986854364
328 0.0003260311928669616
331 0.0003136839799123262
481 0.0004339996609241885
797 0.0014265653564599955
936 0.0006554485025236457
1582 0.0008934484983843897