0 0.00010360515709016387
6 0.00022662271925412238
10 0.00007324330367764296
15 0.000055337193439289376
18 0.0003172930263603734
20 0.00014256349717722765
26 0.000009180257170353432
27 0.00001995165315167076
28 0.00002388195174072963
29 0.000021345713143803165
30 0.00016011104162504336
31 0.000022094106842319594
32 0.00021699417009883517
42 0.00029780424319051263
43 0.0001247963410453852
44 0.00015086301495667102
45 0.000011692308997607148
47 0.0002708891434150717
48 0.00014129003011415398
50 0.00009059173042602328
53 0.0002914361637469609
57 0.00018016835758640515
59 0.000006462183444711172
60 0.000012924366889422343
74 0.0001314382268441069
95 0.0005477037159289957
96 0.0005697354412888233
97 0.0000602039675312256
100 0.00014427673725646523
119 0.000308970277376323
125 0.00019006896079713502
132 0.00019350436353001335
139 0.0001247963410453852
153 0.00045905907976567014
155 0.000629765283625402
167 0.0006370272523515608
168 0.00004914275771090647
180 0.0005052002574614732
214 0.0017340635008984298
217 0.0006716434921864852
219 0.0003616150149759352
223 0.0002526001287307366
241 0.000466348213813385
255 0.00023913727761189357
276 0.0007394879986854364
300 0.00015131149740680623
303 0.0004090179636081414
331 0.0003136839799123262
449 0.0029876468762099952
462 0.0005941814615164285
481 0.0004339996609241885
482 0.002819656940928329
601 0.0004176750344063272
1171 0.0005182941691667408
1566 0.0006007160688395344
2335 0.0010215305713900601
5647 0.0022740332122769364
5648 0.0011370166061384682
5649 0.0011370166061384682
5650 0.004548066424553873