0 0.00020721031418032774
6 0.00020396044732871014
10 0.00005231664548403069
18 0.0003172930263603734
23 0.0001917778078759736
24 0.00012749924599488326
25 0.00019657103084362587
26 0.000009180257170353432
27 0.0000066505510505569195
28 0.000019105561392583703
29 0.00002668214142975396
31 0.00003314116026347939
32 0.0002893255601317802
34 0.00011936985864893924
45 0.00000876923174820536
48 0.00014129003011415398
49 0.0002231883932943071
50 0.00004529586521301164
54 0.00032108878593043
57 0.0005405050727592154
59 0.000012924366889422343
60 0.000012924366889422343
92 0.00036481917391093806
93 0.0006907477305171405
95 0.00020538889347337336
96 0.00021365079048330874
97 0.0000602039675312256
103 0.00008541133970179466
139 0.0001247963410453852
144 0.0008345349136056791
168 0.00004914275771090647
214 0.0002477233572712043
217 0.000895524656248647
277 0.0005494856956725966
300 0.00045393449222041863
328 0.0003260311928669616
417 0.0003600357507382571
463 0.002430069869840147
482 0.002014040672091664
512 0.00044672424919219483
555 0.00034358542739842214
654 0.00038729823387417876
661 0.0013108970050472915
775 0.00036481917391093806
1072 0.0011089190631711448
5651 0.006822099636830809