0 0.00010360515709016387
6 0.00009064908770164895
10 0.000020926658193612276
15 0.00011067438687857875
17 0.00024376566216822076
20 0.00014256349717722765
26 0.000009180257170353432
27 0.0000066505510505569195
28 0.000004776390348145926
29 0.000005336428285950791
31 0.000011047053421159797
32 0.00021699417009883517
43 0.0001247963410453852
45 0.00000876923174820536
48 0.00014129003011415398
49 0.0002231883932943071
59 0.000012924366889422343
60 0.000012924366889422343
87 0.00036808616347914477
91 0.00023463399997311992
95 0.00020538889347337336
96 0.00021365079048330874
97 0.0000602039675312256
180 0.0002526001287307366
265 0.00024220853747341272
302 0.001150908910193625
1563 0.0006075174674600367
1582 0.0013401727475765846
2221 0.0007230035022084448
4119 0.0010215305713900601
5652 0.0011370166061384682
5653 0.0022740332122769364