6 0.00015863590347788565
10 0.00006277997458083683
14 0.00026456709550368824
15 0.00011067438687857875
20 0.00014256349717722765
26 0.000009180257170353432
27 0.00001995165315167076
28 0.000019105561392583703
29 0.000021345713143803165
30 0.00008005552081252168
31 0.000022094106842319594
32 0.00021699417009883517
34 0.00011936985864893924
43 0.0001247963410453852
44 0.00015086301495667102
45 0.00000876923174820536
50 0.00009059173042602328
57 0.00018016835758640515
59 0.000012924366889422343
60 0.000012924366889422343
74 0.0001314382268441069
75 0.0006179807965568429
91 0.00046926799994623984
95 0.00041077778694674673
96 0.00042730158096661747
97 0.0000602039675312256
100 0.00028855347451293045
103 0.00008541133970179466
108 0.0002542579645943101
121 0.003410053250419256
125 0.00038013792159427004
134 0.00020241617375177045
137 0.000570339268307386
143 0.0002681502686494669
153 0.00022952953988283507
159 0.0002817353899173489
165 0.0009387005947386255
173 0.0007096674962648366
175 0.00028530254609905744
177 0.00044410039764801966
200 0.0002833071793801778
216 0.0006075174674600367
224 0.0010365883383334816
225 0.0016061924812056955
252 0.000635495210823793
275 0.0006649717304210047
300 0.00015131149740680623
301 0.0002517773560482004
302 0.0015345452135915002
339 0.0056139468673516765
361 0.0009210032187593025
372 0.0017769291801182456
429 0.0004755217854866652
464 0.001694628356660083
525 0.0006220145312703716
674 0.0009060445366416521
675 0.0006007160688395344
681 0.000570339268307386
706 0.009406296045421545
752 0.002659886921684019
805 0.0026769874686761595
864 0.0018120890732833041
984 0.0007533803027405932
1036 0.0004339996609241885
1038 0.0005103588061228796
1238 0.000790558501893244
1266 0.000629765283625402
1406 0.0007375005660187797
1477 0.0005494856956725966
2292 0.017366019713631022
2293 0.005030937221741117
2302 0.0008688663374890013
2651 0.000790558501893244
2938 0.0008688663374890013
2993 0.0018120890732833041
3296 0.0008384895369568529
5207 0.002718133609924956