2 0.0003632093920196124
3 0.00044939008413828627
4 0.0004007885808474655
6 0.0001812981754032979
7 0.0014154570504836188
9 0.001057069377906074
10 0.00003138998729041841
11 0.0022205019882400984
15 0.000055337193439289376
18 0.0003172930263603734
24 0.0003824977379846497
25 0.00004914275771090647
26 0.000018360514340706863
27 0.0000066505510505569195
28 0.000009552780696291852
29 0.000005336428285950791
30 0.00008005552081252168
31 0.000016570580131739694
34 0.00005968492932446962
45 0.000014615386247008935
57 0.00018016835758640515
59 0.000025848733778844687
60 0.000038773100668267026
77 0.00043897349683716435
90 0.0003600357507382571
93 0.0002302492435057135
119 0.000617940554752646
139 0.0002495926820907704
143 0.0002681502686494669
159 0.00014086769495867446
160 0.00043897349683716435
168 0.00004914275771090647
169 0.0002663490497050791
276 0.0007394879986854364
343 0.002603997965545131
417 0.0007200715014765141
583 0.000953975571705261
654 0.00038729823387417876
687 0.0005065284965219635
701 0.000570339268307386
758 0.0009060445366416521
831 0.0018660435938111148
1326 0.0056850830306923415
1327 0.0008128063180586093