0 0.00020721031418032774
5 0.0001350647307564619
6 0.0002946095350303591
10 0.00003138998729041841
13 0.0003124981305672972
15 0.000055337193439289376
20 0.0002851269943544553
25 0.00009828551542181294
26 0.000013770385755530148
27 0.0000066505510505569195
28 0.000014329171044437778
29 0.000005336428285950791
30 0.00008005552081252168
31 0.000027617633552899494
32 0.00021699417009883517
43 0.0001247963410453852
44 0.00015086301495667102
45 0.00000876923174820536
47 0.0002708891434150717
48 0.00014129003011415398
49 0.0002231883932943071
53 0.0014571808187348043
54 0.000160544392965215
59 0.000025848733778844687
60 0.000012924366889422343
74 0.0001314382268441069
93 0.0002302492435057135
95 0.00020538889347337336
96 0.00021365079048330874
97 0.00018061190259367678
103 0.000256234019105384
161 0.0006469749241775125
174 0.0008222808541664426
214 0.0002477233572712043
219 0.0014464600599037407
221 0.0020450898180407067
222 0.001874094211545904
259 0.0003407614423411458
273 0.0003697439993427182
303 0.0016360718544325655
327 0.00047869542676802046
328 0.0003260311928669616
436 0.0024584334915787646
438 0.0007096674962648366
442 0.00036481917391093806
482 0.004028081344183328
530 0.0002736737953600468
703 0.0004991223381462831
706 0.001175787005677693
853 0.0005494856956725966
1013 0.0010989713913451932
1273 0.0013946405666204024
1464 0.000953975571705261
5654 0.0022740332122769364
5655 0.0011370166061384682