0 0.00020721031418032774
6 0.0001359736315524734
10 0.00003138998729041841
20 0.00014256349717722765
26 0.000009180257170353432
27 0.000013301102101113839
28 0.000009552780696291852
29 0.000016009284857852372
30 0.00016011104162504336
31 0.000022094106842319594
32 0.00021699417009883517
43 0.0002495926820907704
44 0.00015086301495667102
45 0.000011692308997607148
49 0.0002231883932943071
50 0.00004529586521301164
59 0.000012924366889422343
60 0.000012924366889422343
67 0.0003493811814946261
74 0.0001314382268441069
87 0.0011042584904374343
95 0.0003423148224556223
96 0.00035608465080551457
97 0.00018061190259367678
103 0.00017082267940358932
108 0.0002542579645943101
153 0.00045905907976567014
161 0.00032348746208875627
217 0.003134336296870264
223 0.0005052002574614732
252 0.0008473269477650574
300 0.0010591804818476434
301 0.0017624414923374024
311 0.0010139535776972734
354 0.0009910783300010088
417 0.0003600357507382571
455 0.000466348213813385
715 0.0015418690745441074
727 0.0005494856956725966
829 0.0006220145312703716
1036 0.0004339996609241885
1038 0.0010207176122457593
1559 0.0012150349349200735
3136 0.000953975571705261
3914 0.000953975571705261
5656 0.0011370166061384682
5657 0.0011370166061384682