0 0.00020721031418032774
5 0.0002701294615129238
6 0.00002266227192541224
10 0.000010463329096806138
18 0.0003172930263603734
26 0.000009180257170353432
27 0.000013301102101113839
28 0.000014329171044437778
29 0.000021345713143803165
30 0.00008005552081252168
31 0.000011047053421159797
32 0.0002893255601317802
34 0.00005968492932446962
43 0.0001247963410453852
44 0.00015086301495667102
45 0.000011692308997607148
49 0.0002231883932943071
50 0.00004529586521301164
52 0.002833459310729025
53 0.002331489309975687
54 0.0004816331788956449
57 0.00018016835758640515
59 0.000012924366889422343
60 0.000012924366889422343
74 0.0001314382268441069
93 0.001381495461034281
94 0.0004885960299787504
95 0.0003423148224556223
96 0.00035608465080551457
97 0.0001204079350624512
98 0.004184455261764263
103 0.00008541133970179466
132 0.00019350436353001335
142 0.003164694875222996
161 0.00032348746208875627
164 0.0009937146433313601
168 0.00004914275771090647
300 0.0009078689844408373
301 0.001510664136289202
310 0.002743301212223176
311 0.00033798452589909114
331 0.0003136839799123262
380 0.0014265653564599955
417 0.0003600357507382571
436 0.0006146083728946911
455 0.00093269642762677
475 0.0002526001287307366
515 0.00043897349683716435
1566 0.0006007160688395344
1757 0.0006554485025236457
5658 0.0011370166061384682