6 0.0001812981754032979
10 0.000010463329096806138
23 0.0001917778078759736
24 0.00012749924599488326
25 0.00009828551542181294
26 0.000009180257170353432
27 0.000013301102101113839
28 0.000009552780696291852
29 0.000016009284857852372
30 0.00016011104162504336
31 0.000011047053421159797
32 0.00021699417009883517
34 0.00023873971729787848
43 0.0001247963410453852
44 0.00015086301495667102
45 0.00000876923174820536
47 0.0002708891434150717
59 0.000012924366889422343
60 0.000012924366889422343
64 0.003565088769098571
67 0.0013975247259785043
68 0.0008056162688366655
69 0.002312743249109866
72 0.0003697439993427182
74 0.0003943146805323207
78 0.0005309542669637955
93 0.0002302492435057135
95 0.00027385185796449787
96 0.00028486772064441167
97 0.00018061190259367678
98 0.0005977793231091805
103 0.00008541133970179466
139 0.0001247963410453852
161 0.00032348746208875627
174 0.0004111404270832213
178 0.003083738149088215
180 0.0002526001287307366
198 0.0006464403017122036
202 0.00030783737547859243
365 0.0005494856956725966
367 0.0005759876441280593
384 0.00047869542676802046
391 0.0004605016093796513
416 0.0003493811814946261
454 0.0007672726067957501
554 0.0003600357507382571
782 0.0006220145312703716
851 0.00046935029736931276
1194 0.0007230035022084448
1263 0.0006075174674600367
1318 0.0006649717304210047
1492 0.0008688663374890013
3260 0.002861926715115783
5659 0.0011370166061384682