0 0.00010360515709016387
5 0.0001350647307564619
6 0.00011331135962706119
10 0.00005231664548403069
15 0.0002213487737571575
25 0.00004914275771090647
26 0.000009180257170353432
27 0.000013301102101113839
28 0.000014329171044437778
29 0.000016009284857852372
30 0.00024016656243756505
31 0.000027617633552899494
32 0.00021699417009883517
45 0.00000876923174820536
50 0.00004529586521301164
54 0.000160544392965215
59 0.000012924366889422343
60 0.000012924366889422343
74 0.0001314382268441069
95 0.00027385185796449787
96 0.00028486772064441167
97 0.0000602039675312256
103 0.00017082267940358932
121 0.0002131283281512035
125 0.00019006896079713502
132 0.00058051309059004
153 0.00022952953988283507
217 0.0013432869843729705
223 0.0005052002574614732
300 0.00045393449222041863
654 0.0007745964677483575
714 0.0005027842686225869
721 0.0018438251186840733
1757 0.0013108970050472915