5 0.0001350647307564619
6 0.0000679868157762367
8 0.000460498487011427
10 0.00003138998729041841
15 0.00016601158031786812
25 0.00004914275771090647
26 0.000009180257170353432
27 0.000013301102101113839
28 0.000019105561392583703
29 0.00002668214142975396
31 0.000027617633552899494
34 0.00017905478797340885
36 0.00017439542599474
45 0.000005846154498803574
48 0.00014129003011415398
50 0.00009059173042602328
52 0.00023612160922741876
57 0.00018016835758640515
59 0.000006462183444711172
60 0.000012924366889422343
66 0.005038122269003216
67 0.0017469059074731303
68 0.006042122016274991
69 0.00038545720818497763
70 0.0056896442264102644
75 0.00216293278794895
76 0.00047524524109474617
80 0.0006787343976211396
81 0.00033390404938987825
93 0.0002302492435057135
94 0.0004885960299787504
97 0.0001204079350624512
98 0.0005977793231091805
100 0.00028855347451293045
119 0.000617940554752646
121 0.0002131283281512035
130 0.00036808616347914477
134 0.00020241617375177045
158 0.0003765453979632206
159 0.00014086769495867446
168 0.00004914275771090647
169 0.0002663490497050791
171 0.0008353500688126544
194 0.0004339996609241885
201 0.0003782900330627366
202 0.00030783737547859243
221 0.0016360718544325655
222 0.0014992753692367232
247 0.0006297566600841033
304 0.0017769291801182456
326 0.0005399624677752377
393 0.00048193069598779744
434 0.00032731777168967243
470 0.00044672424919219483
654 0.00038729823387417876
793 0.0005759876441280593
799 0.0007565800661254732
806 0.0024415331909722134
876 0.0007375005660187797
973 0.003954132832206861
974 0.003527361017033079
975 0.0011089190631711448
976 0.0007375005660187797
985 0.0009771920599575008
986 0.0006649717304210047
1066 0.00048193069598779744
1104 0.0006554485025236457
1200 0.0005648761188866944
1318 0.0006649717304210047
1325 0.0016633785947567173
1930 0.0006973202833102012
2141 0.0013946405666204024
2327 0.005171522413697629
2762 0.0007533803027405932
3432 0.000953975571705261
3501 0.0007709345372720537
3705 0.005723853430231566
3833 0.0008128063180586093
4319 0.000953975571705261
4792 0.0010215305713900601
5660 0.0022740332122769364
5661 0.0022740332122769364
5662 0.0022740332122769364
5663 0.0011370166061384682