0 0.00010360515709016387
5 0.0001350647307564619
6 0.00009064908770164895
8 0.001381495461034281
10 0.00005231664548403069
12 0.0014750011320375594
15 0.000055337193439289376
24 0.00012749924599488326
25 0.00004914275771090647
26 0.000018360514340706863
27 0.00003990330630334152
28 0.000019105561392583703
29 0.000016009284857852372
30 0.00016011104162504336
31 0.000011047053421159797
34 0.0002984246466223481
36 0.00017439542599474
41 0.00018725926302105958
45 0.000014615386247008935
48 0.00014129003011415398
50 0.00018118346085204656
52 0.000944486436909675
54 0.00032108878593043
59 0.000019386550334133513
60 0.000038773100668267026
65 0.000466348213813385
67 0.0010481435444838782
69 0.002698200457294843
89 0.00033798452589909114
97 0.0000602039675312256
130 0.0007361723269582895
139 0.0001247963410453852
140 0.0014041668827526744
159 0.00014086769495867446
168 0.00009828551542181294
169 0.0005326980994101582
180 0.0005052002574614732
186 0.00040692219849536895
214 0.0017340635008984298
251 0.0009200768318900781
274 0.001259530567250804
276 0.0007394879986854364
297 0.0013481702524148589
298 0.001497367014438849
299 0.005135711749662578
350 0.0010707949874704638
380 0.0004755217854866652
381 0.0007709345372720537
398 0.0003632093920196124
416 0.0010481435444838782
469 0.005301237655865772
481 0.0004339996609241885
496 0.003144430633451634
585 0.0003987932141285859
729 0.0006075174674600367
776 0.0004154682322153874
788 0.0009060445366416521
820 0.000629765283625402
833 0.0005065284965219635
840 0.0005027842686225869
852 0.005107652856950301
917 0.000953975571705261
1056 0.0012928806034244072
1283 0.0005266264618316295
1314 0.0005446560494091424
1360 0.0005941814615164285
1749 0.0037669015137029665
1835 0.0018120890732833041
2008 0.0008128063180586093
2144 0.0016256126361172186
4795 0.00953975571705261
5664 0.010233149455246214
5665 0.0022740332122769364
5666 0.0011370166061384682
5667 0.0011370166061384682
5668 0.0011370166061384682
5669 0.0011370166061384682
5670 0.0011370166061384682