6 0.0000679868157762367
7 0.0003538642626209047
8 0.0006907477305171405
10 0.00005231664548403069
12 0.004425003396112678
15 0.0002213487737571575
17 0.00024376566216822076
25 0.00009828551542181294
26 0.00002295064292588358
27 0.0000066505510505569195
28 0.000014329171044437778
29 0.000010672856571901583
31 0.000011047053421159797
34 0.00023873971729787848
43 0.0002495926820907704
45 0.000014615386247008935
49 0.0002231883932943071
52 0.0004722432184548375
59 0.000006462183444711172
60 0.00005169746755768937
65 0.00093269642762677
66 0.0037785917017524122
67 0.0013975247259785043
68 0.0012084244032549982
69 0.004625486498219732
77 0.001316920490511493
90 0.0003600357507382571
97 0.0001204079350624512
98 0.0008966689846637708
119 0.000308970277376323
124 0.0006842981779500422
134 0.00020241617375177045
138 0.0005999643949339585
139 0.0002495926820907704
140 0.0002005952689646678
148 0.0015794910854978863
179 0.0005027842686225869
201 0.0011348700991882098
202 0.00030783737547859243
203 0.0006273679598246524
276 0.0007394879986854364
450 0.000685825303055794
455 0.001399044641440155
481 0.0004339996609241885
550 0.0008056162688366655
580 0.0012014321376790688
582 0.0025857612068488143
594 0.0023273369942471726
709 0.0034291265152789703
727 0.0005494856956725966
930 0.0005648761188866944
1110 0.000685825303055794
1260 0.000953975571705261
1261 0.0010215305713900601
1283 0.001053252923663259
1318 0.0006649717304210047
1327 0.0008128063180586093
1495 0.0006464403017122036
3442 0.005030937221741117
5671 0.0011370166061384682
5672 0.0011370166061384682