6 0.00011331135962706119
10 0.00003138998729041841
20 0.00014256349717722765
24 0.00012749924599488326
25 0.00009828551542181294
26 0.000009180257170353432
27 0.00003990330630334152
28 0.000014329171044437778
29 0.000016009284857852372
31 0.000027617633552899494
32 0.0003616569501647253
34 0.00005968492932446962
41 0.00018725926302105958
45 0.000005846154498803574
50 0.00004529586521301164
59 0.000006462183444711172
60 0.000012924366889422343
74 0.0001314382268441069
87 0.0007361723269582895
91 0.00023463399997311992
100 0.00014427673725646523
119 0.0001544851386881615
121 0.001278769968907221
125 0.00038013792159427004
148 0.00039487277137447156
153 0.00022952953988283507
168 0.00004914275771090647
266 0.0003010819448897304
304 0.0017769291801182456
306 0.002635817785742544
342 0.0004885960299787504
368 0.0016484570870177898
369 0.0011089190631711448
442 0.00036481917391093806
517 0.005196482148994824
531 0.0006378942679921852
550 0.00040280813441833274
654 0.0011618947016225362
865 0.0004520992678889995
913 0.0004111404270832213
950 0.0005353974937352319
2175 0.002718133609924956
2390 0.013439494532185146
5676 0.010215305713900603
5677 0.0011370166061384682