0 0.00020721031418032774
2 0.0003632093920196124
3 0.00044939008413828627
4 0.000801577161694931
5 0.0001350647307564619
6 0.0001359736315524734
7 0.0007077285252418094
9 0.005637703348832394
10 0.00003138998729041841
15 0.00016601158031786812
16 0.0018660435938111148
23 0.0003835556157519472
24 0.00012749924599488326
25 0.0002457137885545324
26 0.000013770385755530148
27 0.000013301102101113839
28 0.000019105561392583703
29 0.000016009284857852372
30 0.00016011104162504336
31 0.000016570580131739694
32 0.0001446627800658901
34 0.00017905478797340885
36 0.00017439542599474
41 0.00018725926302105958
43 0.0001247963410453852
44 0.00015086301495667102
45 0.000005846154498803574
46 0.0009819533150690174
48 0.00014129003011415398
49 0.0002231883932943071
59 0.000006462183444711172
60 0.000012924366889422343
74 0.0002628764536882138
75 0.00030899039827842145
77 0.0021948674841858217
93 0.000460498487011427
95 0.0005477037159289957
96 0.0006409523714499261
97 0.0001204079350624512
103 0.00017082267940358932
119 0.000308970277376323
139 0.0004991853641815408
160 0.003950761471534479
171 0.0008353500688126544
195 0.00043018466555000526
249 0.0006378942679921852
250 0.0005878935028388465
343 0.0013019989827725655
434 0.00032731777168967243
446 0.0004176750344063272
454 0.00038363630339787504
572 0.0005224082332437771
743 0.0011401593907562888
758 0.0009060445366416521
839 0.0004755217854866652
1328 0.0006973202833102012
1329 0.0008128063180586093
1330 0.0008128063180586093
1331 0.0011370166061384682