0 0.00020721031418032774
5 0.0008103883845387714
10 0.000020926658193612276
20 0.00014256349717722765
23 0.0001917778078759736
24 0.0002549984919897665
25 0.00004914275771090647
26 0.000013770385755530148
27 0.0000066505510505569195
28 0.000009552780696291852
29 0.000010672856571901583
30 0.00008005552081252168
31 0.00003314116026347939
32 0.00021699417009883517
33 0.0019020871419466608
34 0.00011936985864893924
36 0.00017439542599474
45 0.000011692308997607148
47 0.0002708891434150717
54 0.000160544392965215
59 0.000012924366889422343
60 0.000012924366889422343
92 0.00036481917391093806
101 0.0005353974937352319
102 0.0007820849235471108
121 0.000426256656302407
133 0.001948526837895969
140 0.0002005952689646678
151 0.002036203192863419
168 0.00004914275771090647
172 0.00047827455522378713
180 0.0002526001287307366
215 0.003267936296454854
245 0.0036876502373681466
246 0.0032397748066514253
252 0.0016946538955301149
262 0.002771664833961794
300 0.0006052459896272249
301 0.0010071094241928015
302 0.0015345452135915002
380 0.0004755217854866652
538 0.00037310999523034225
573 0.0004885960299787504
936 0.003932691015141874
1562 0.0006220145312703716
1563 0.0006075174674600367
1565 0.003251225272234437
2775 0.0007230035022084448
2922 0.0023716755056797318
5678 0.0011370166061384682