1 0.0010989713913451932
6 0.0000679868157762367
10 0.00007324330367764296
15 0.0002213487737571575
25 0.00004914275771090647
26 0.000009180257170353432
27 0.00007980661260668303
28 0.000014329171044437778
29 0.000016009284857852372
30 0.00024016656243756505
31 0.000022094106842319594
32 0.00021699417009883517
33 0.003328652498406656
34 0.00023873971729787848
41 0.00018725926302105958
45 0.000005846154498803574
48 0.00014129003011415398
49 0.0002231883932943071
50 0.00036236692170409313
59 0.000019386550334133513
60 0.000012924366889422343
79 0.0005759876441280593
93 0.0002302492435057135
97 0.0001204079350624512
103 0.00017082267940358932
110 0.0010801072522147713
115 0.0021290024887945097
138 0.0005999643949339585
139 0.0001247963410453852
167 0.0009555408785273412
168 0.00004914275771090647
183 0.004876837908351655
186 0.0024415331909722134
195 0.00021509233277500263
203 0.0006273679598246524
240 0.0005065284965219635
273 0.0003697439993427182
328 0.0003260311928669616
360 0.0005309542669637955
391 0.0004605016093796513
398 0.001089628176058837
429 0.0004755217854866652
430 0.00033256580019006747
491 0.0005544595315855724
497 0.00044672424919219483
547 0.001966345507570937
585 0.0003987932141285859
655 0.0017377326749780026
671 0.0003910424617735554
700 0.0003910424617735554
729 0.0006075174674600367
1477 0.0005494856956725966
1658 0.0018120890732833041
2134 0.000953975571705261
2380 0.003475465349956005
2780 0.000790558501893244
2883 0.011236836285290661
2983 0.0009060445366416521
3144 0.0033539581478274115
3145 0.000953975571705261
3146 0.001907951143410522
3286 0.000953975571705261
4271 0.005107652856950301
4403 0.0009060445366416521
5339 0.0010215305713900601
5679 0.0011370166061384682
5680 0.02615138194118477
5681 0.01932928230435396
5682 0.011370166061384683
5683 0.017055249092077025
5684 0.0011370166061384682
5685 0.0011370166061384682
5686 0.0011370166061384682
5687 0.0011370166061384682