0 0.00010360515709016387
6 0.00011331135962706119
10 0.00004185331638722455
15 0.000055337193439289376
20 0.00014256349717722765
25 0.00009828551542181294
26 0.000018360514340706863
27 0.000013301102101113839
28 0.000009552780696291852
29 0.000010672856571901583
31 0.000016570580131739694
34 0.00005968492932446962
45 0.000011692308997607148
50 0.00004529586521301164
59 0.000012924366889422343
60 0.000038773100668267026
89 0.0010139535776972734
92 0.0007296383478218761
97 0.0000602039675312256
103 0.00008541133970179466
134 0.00020241617375177045
168 0.00004914275771090647
172 0.00023913727761189357
186 0.00040692219849536895
211 0.0005446560494091424
233 0.0007783196602169099
255 0.0019130982208951485
256 0.001053252923663259
265 0.00024220853747341272
303 0.002454107781648848
430 0.00033256580019006747
442 0.0010944575217328141
480 0.0007709345372720537
482 0.0024168488065099965
493 0.0011519752882561186
530 0.0002736737953600468
691 0.0007672726067957501
729 0.0006075174674600367
743 0.0003800531302520963
833 0.002026113986087854
1367 0.00226014090822178
1630 0.0020430611427801203
1799 0.004625607223632322
2435 0.002861926715115783
2439 0.0018120890732833041
2683 0.0018120890732833041
4206 0.0010215305713900601
4919 0.000953975571705261
5137 0.0010215305713900601
5688 0.0011370166061384682