5 0.0002701294615129238
6 0.0001812981754032979
8 0.001381495461034281
10 0.00003138998729041841
13 0.0009374943917018915
14 0.0005291341910073765
15 0.00016601158031786812
18 0.0006345860527207468
20 0.0002851269943544553
26 0.000018360514340706863
27 0.000013301102101113839
28 0.000014329171044437778
29 0.000005336428285950791
31 0.000022094106842319594
41 0.00018725926302105958
45 0.000020461540745812507
48 0.00028258006022830796
49 0.0002231883932943071
50 0.00004529586521301164
52 0.0004722432184548375
54 0.00032108878593043
56 0.00034358542739842214
59 0.000012924366889422343
60 0.000038773100668267026
67 0.0003493811814946261
69 0.004625486498219732
72 0.0014789759973708727
121 0.0002131283281512035
143 0.0005363005372989338
144 0.00041726745680283956
157 0.007544078333613735
172 0.00023913727761189357
174 0.0008222808541664426
180 0.0005052002574614732
195 0.00021509233277500263
202 0.00030783737547859243
212 0.000629765283625402
213 0.00036481917391093806
214 0.0002477233572712043
233 0.00038915983010845493
239 0.000685825303055794
259 0.0003407614423411458
290 0.0005648761188866944
292 0.0007709345372720537
303 0.0040901796360814134
342 0.0004885960299787504
398 0.0007264187840392248
436 0.0006146083728946911
440 0.00046339926727899627
454 0.00230181782038725
455 0.000466348213813385
530 0.0002736737953600468
610 0.0005759876441280593
679 0.000685825303055794
806 0.0008138443969907379
818 0.000685825303055794
865 0.0004520992678889995
916 0.0006464403017122036
933 0.0010448164664875542
945 0.0006750724671448359
1066 0.00048193069598779744
1068 0.0010207176122457593
1192 0.0005648761188866944
1985 0.0008128063180586093
2339 0.0007709345372720537
2346 0.0006464403017122036
2962 0.0010215305713900601
3674 0.0008688663374890013
3742 0.0008128063180586093
3802 0.0010215305713900601
4165 0.0009060445366416521
4168 0.0010215305713900601
4269 0.001907951143410522
4299 0.0010215305713900601
4924 0.000953975571705261
5689 0.004548066424553873
5690 0.0011370166061384682
5691 0.0022740332122769364
5692 0.0034110498184154047
5693 0.013644199273661619
5694 0.006822099636830809