5 0.0001350647307564619
6 0.00009064908770164895
8 0.000920996974022854
10 0.00004185331638722455
15 0.000055337193439289376
25 0.00009828551542181294
26 0.000009180257170353432
27 0.00001995165315167076
31 0.0000055235267105798985
34 0.00005968492932446962
36 0.00017439542599474
45 0.00001753846349641072
48 0.00028258006022830796
52 0.00023612160922741876
59 0.000012924366889422343
60 0.000012924366889422343
95 0.00020538889347337336
96 0.00021365079048330874
98 0.00029888966155459023
103 0.00034164535880717864
116 0.0005353974937352319
117 0.00038545720818497763
119 0.000308970277376323
130 0.00036808616347914477
146 0.0010944575217328141
148 0.00039487277137447156
159 0.0008452061697520468
168 0.00009828551542181294
169 0.0005326980994101582
180 0.0002526001287307366
196 0.0005309542669637955
202 0.00030783737547859243
203 0.0003136839799123262
211 0.0005446560494091424
212 0.000629765283625402
235 0.000244549715989849
296 0.0006649717304210047
301 0.0017624414923374024
325 0.001316920490511493
362 0.00029998219746697925
398 0.0007264187840392248
413 0.002376725846065714
429 0.0004755217854866652
430 0.0006651316003801349
446 0.0004176750344063272
449 0.00042680669660142797
454 0.002685454123785125
475 0.0002526001287307366
496 0.0003493811814946261
509 0.00047869542676802046
553 0.006707916295654823
590 0.0005103588061228796
601 0.0004176750344063272
635 0.0010365883383334816
671 0.0003910424617735554
714 0.0005027842686225869
721 0.0006146083728946911
725 0.000685825303055794
728 0.0007709345372720537
729 0.0012150349349200735
739 0.0006750724671448359
776 0.0004154682322153874
799 0.0003782900330627366
842 0.000570339268307386
851 0.00046935029736931276
865 0.0004520992678889995
867 0.0010055685372451738
897 0.0005494856956725966
898 0.0005027842686225869
924 0.0006378942679921852
960 0.0004724074680904385
1061 0.0007375005660187797
1065 0.0008830344552307394
1066 0.0019277227839511898
1068 0.001531076418368639
1082 0.0008688663374890013
1103 0.00046935029736931276
1132 0.0013323011929440589
1142 0.00040280813441833274
1160 0.0007096674962648366
1305 0.003486601416551006
1325 0.0005544595315855724
1373 0.0008688663374890013
1559 0.0018225524023801102
1642 0.0006146083728946911
1687 0.000685825303055794
1996 0.0006378942679921852
2235 0.0047433510113594635
2277 0.001907951143410522
2312 0.0006750724671448359
2377 0.0020430611427801203
2440 0.000790558501893244
2570 0.0050362778915678495
2735 0.0007375005660187797
2960 0.0008128063180586093
3109 0.0009060445366416521
3298 0.0009060445366416521
3448 0.0016256126361172186
3501 0.0007709345372720537
3674 0.004344331687445007
4079 0.000953975571705261
4422 0.000953975571705261
4930 0.000953975571705261
5695 0.0011370166061384682
5696 0.0011370166061384682
5697 0.0011370166061384682
5698 0.004548066424553873
5699 0.010233149455246214
5700 0.009096132849107746
5701 0.0011370166061384682