0 0.00020721031418032774
6 0.00015863590347788565
10 0.000010463329096806138
13 0.0009374943917018915
15 0.000055337193439289376
16 0.003110072656351858
26 0.000013770385755530148
27 0.000013301102101113839
28 0.00002388195174072963
29 0.000016009284857852372
30 0.00008005552081252168
31 0.000027617633552899494
34 0.00023873971729787848
36 0.00034879085198948
43 0.0002495926820907704
45 0.000014615386247008935
48 0.00014129003011415398
54 0.00032108878593043
59 0.000019386550334133513
60 0.000012924366889422343
76 0.00023762262054737309
119 0.000617940554752646
138 0.00029998219746697925
139 0.0001247963410453852
168 0.00004914275771090647
180 0.0002526001287307366
194 0.0004339996609241885
203 0.0003136839799123262
251 0.0006133845545933855
274 0.000629765283625402
363 0.0006649717304210047
444 0.002351574011355386
469 0.004337376263890177
486 0.0007230035022084448
490 0.0005648761188866944
491 0.0005544595315855724
573 0.0004885960299787504
599 0.0004991223381462831
767 0.00040692219849536895
840 0.0005027842686225869
1314 0.0005446560494091424
1966 0.0008688663374890013
2312 0.0006750724671448359
2327 0.0038786418102732213
3705 0.00953975571705261
5702 0.0022740332122769364
5703 0.004548066424553873
5704 0.0011370166061384682