0 0.00010360515709016387
6 0.00009064908770164895
7 0.001061592787862714
10 0.000020926658193612276
13 0.0003124981305672972
14 0.00026456709550368824
17 0.00024376566216822076
20 0.0002851269943544553
24 0.00012749924599488326
26 0.000018360514340706863
27 0.0000066505510505569195
28 0.000009552780696291852
29 0.000010672856571901583
30 0.00008005552081252168
31 0.000011047053421159797
32 0.00007233139003294505
34 0.00005968492932446962
36 0.00017439542599474
42 0.00029780424319051263
44 0.000452589044870013
45 0.000014615386247008935
52 0.0011806080461370938
53 0.0005828723274939218
54 0.00064217757186086
59 0.000019386550334133513
60 0.000038773100668267026
66 0.000629765283625402
79 0.0011519752882561186
89 0.00033798452589909114
95 0.00006846296449112447
96 0.00007121693016110292
97 0.0000602039675312256
103 0.00008541133970179466
109 0.0007636701689069744
119 0.0001544851386881615
139 0.0001247963410453852
143 0.0002681502686494669
148 0.0007897455427489431
159 0.0002817353899173489
168 0.00004914275771090647
169 0.0002663490497050791
189 0.0004755217854866652
195 0.00021509233277500263
212 0.000629765283625402
221 0.002454107781648848
224 0.0010365883383334816
232 0.0005182941691667408
234 0.00038363630339787504
235 0.000244549715989849
271 0.0004415172276153697
303 0.0004090179636081414
307 0.0003818350844534872
350 0.0010707949874704638
363 0.0006649717304210047
384 0.00047869542676802046
392 0.0009573908535360409
393 0.00048193069598779744
437 0.00043897349683716435
734 0.0005027842686225869
795 0.0005353974937352319
816 0.0004852300340911263
851 0.00046935029736931276
874 0.0008128063180586093
878 0.0019136828039765554
988 0.0007096674962648366
1058 0.0021290024887945097
1208 0.0006649717304210047
1501 0.0007230035022084448
1646 0.0008688663374890013
1950 0.0006750724671448359
2098 0.001581117003786488
2189 0.0012292167457893823
2473 0.0008688663374890013
3302 0.00612918342834036
3362 0.002861926715115783
4194 0.0010215305713900601
4213 0.005723853430231566
4214 0.0008688663374890013
4221 0.0010215305713900601
4226 0.0020430611427801203
4382 0.000953975571705261
4707 0.0020430611427801203
5705 0.0011370166061384682
5706 0.0022740332122769364
5707 0.0022740332122769364
5708 0.0022740332122769364
5709 0.006822099636830809
5710 0.0011370166061384682