6 0.00009064908770164895
10 0.00010463329096806138
13 0.0006249962611345944
22 0.0005595864323964277
24 0.00012749924599488326
25 0.00014742827313271942
26 0.000027540771511060296
27 0.00001995165315167076
28 0.00002388195174072963
29 0.000010672856571901583
30 0.00008005552081252168
31 0.000016570580131739694
36 0.00017439542599474
45 0.00001753846349641072
50 0.00009059173042602328
59 0.000038773100668267026
60 0.00006462183444711171
76 0.00023762262054737309
100 0.00014427673725646523
117 0.0019272860409248883
121 0.0002131283281512035
125 0.0007602758431885401
136 0.0020695807463436927
139 0.0002495926820907704
144 0.00020863372840141978
151 0.0006787343976211396
168 0.00004914275771090647
175 0.00028530254609905744
177 0.00044410039764801966
185 0.00023389514674621796
190 0.0010989713913451932
194 0.000867999321848377
195 0.00021509233277500263
245 0.0006146083728946911
246 0.004319699742201901
354 0.0014866174950015133
398 0.0003632093920196124
446 0.0004176750344063272
512 0.00044672424919219483
529 0.00044939008413828627
530 0.0002736737953600468
681 0.000570339268307386
743 0.0003800531302520963
776 0.0004154682322153874
790 0.0006649717304210047
799 0.0003782900330627366
831 0.0006220145312703716
840 0.0005027842686225869
1241 0.0008128063180586093
1312 0.0006649717304210047
1482 0.0007709345372720537
1582 0.002233621245960974
1785 0.0011297522377733888
1808 0.0006007160688395344
1875 0.0015067606054811865
1892 0.005319773843368038
2052 0.0013299434608420094
2390 0.007115026517039195
4564 0.001907951143410522