0 0.00010360515709016387
6 0.00011331135962706119
10 0.00003138998729041841
12 0.0007375005660187797
14 0.00026456709550368824
15 0.0002766859671964469
23 0.0003835556157519472
25 0.00019657103084362587
26 0.000018360514340706863
27 0.000013301102101113839
28 0.000014329171044437778
29 0.000005336428285950791
30 0.00016011104162504336
31 0.000016570580131739694
34 0.00005968492932446962
36 0.00017439542599474
45 0.000011692308997607148
59 0.000025848733778844687
60 0.000038773100668267026
66 0.002519061134501608
67 0.0010481435444838782
68 0.0012084244032549982
69 0.0015418288327399105
91 0.00046926799994623984
103 0.00008541133970179466
119 0.0001544851386881615
121 0.0002131283281512035
125 0.00019006896079713502
144 0.00041726745680283956
148 0.00039487277137447156
158 0.0003765453979632206
168 0.00009828551542181294
180 0.0002526001287307366
211 0.0010893120988182848
234 0.00038363630339787504
277 0.0005494856956725966
365 0.0005494856956725966
377 0.00452028181644356
380 0.0009510435709733304
381 0.0007709345372720537
382 0.0008128063180586093
383 0.0010215305713900601
454 0.0019181815169893753
557 0.0009060445366416521
622 0.0007533803027405932
743 0.0003800531302520963
776 0.0004154682322153874
1036 0.0004339996609241885
1068 0.0005103588061228796
1122 0.000685825303055794
1123 0.000685825303055794
1283 0.0005266264618316295
1314 0.0005446560494091424
1315 0.0008688663374890013
1316 0.0010215305713900601
1332 0.01250718266752315
1333 0.0007096674962648366
1334 0.0007709345372720537
1335 0.0007533803027405932
1336 0.000953975571705261