6 0.0000679868157762367
10 0.000020926658193612276
13 0.0003124981305672972
14 0.0005291341910073765
15 0.00016601158031786812
20 0.00014256349717722765
25 0.00019657103084362587
26 0.000013770385755530148
27 0.000013301102101113839
28 0.00002388195174072963
29 0.000016009284857852372
31 0.0000055235267105798985
34 0.00005968492932446962
36 0.00017439542599474
45 0.00000876923174820536
48 0.00014129003011415398
50 0.00009059173042602328
52 0.0007083648276822562
55 0.000904198535777999
59 0.000006462183444711172
60 0.000025848733778844687
82 0.0019964893525851323
91 0.00023463399997311992
98 0.00029888966155459023
103 0.00008541133970179466
108 0.0002542579645943101
130 0.00036808616347914477
133 0.00032475447298266157
139 0.0004991853641815408
140 0.0002005952689646678
144 0.00041726745680283956
159 0.00014086769495867446
168 0.00004914275771090647
214 0.0009908934290848172
240 0.0005065284965219635
246 0.002699812338876188
266 0.0006021638897794608
267 0.0005494856956725966
325 0.00043897349683716435
328 0.0003260311928669616
342 0.0004885960299787504
430 0.00033256580019006747
451 0.0012014321376790688
483 0.0007601062605041926
519 0.0004221783120451008
549 0.0005759876441280593
550 0.00040280813441833274
619 0.0005446560494091424
675 0.0006007160688395344
697 0.001175787005677693
711 0.0006750724671448359
850 0.0008128063180586093
851 0.00046935029736931276
889 0.0018120890732833041
911 0.0005759876441280593
1176 0.0006464403017122036
1205 0.0033539581478274115
1243 0.0005878935028388465
1317 0.0005544595315855724
1428 0.000685825303055794
1582 0.002680345495153169
1589 0.0007533803027405932
1597 0.0006554485025236457
1619 0.0018120890732833041
1767 0.0007096674962648366
1910 0.0008128063180586093
1977 0.0024384189541758277
2037 0.0006378942679921852
2240 0.0010215305713900601
2380 0.009557529712379014
2436 0.000790558501893244
2881 0.000953975571705261
3144 0.0058694267586979695
3727 0.001907951143410522
3784 0.003475465349956005
4729 0.0008384895369568529
5322 0.0010215305713900601
5716 0.0011370166061384682
5717 0.004548066424553873
5718 0.0011370166061384682