5 0.0001350647307564619
6 0.00009064908770164895
10 0.000010463329096806138
15 0.000055337193439289376
25 0.00004914275771090647
26 0.00002295064292588358
27 0.0000332527552527846
28 0.000009552780696291852
29 0.000010672856571901583
30 0.00016011104162504336
31 0.000016570580131739694
43 0.00037438902313615557
45 0.000014615386247008935
50 0.0001358875956390349
55 0.000904198535777999
57 0.0003603367151728103
59 0.000006462183444711172
60 0.00005169746755768937
76 0.00047524524109474617
91 0.0009385359998924797
95 0.00013692592898224894
96 0.00014243386032220583
97 0.0000602039675312256
100 0.00014427673725646523
111 0.0004724074680904385
114 0.0029709073075821425
118 0.000953975571705261
119 0.000308970277376323
122 0.00030783737547859243
124 0.00045619878530002813
125 0.00019006896079713502
134 0.00020241617375177045
138 0.00029998219746697925
139 0.0004991853641815408
140 0.0002005952689646678
150 0.0029500022640751187
159 0.00014086769495867446
163 0.00029998219746697925
166 0.0009210032187593025
168 0.00004914275771090647
180 0.0002526001287307366
195 0.00043018466555000526
234 0.00038363630339787504
254 0.0016256126361172186
257 0.0007375005660187797
300 0.00045393449222041863
331 0.0006273679598246524
389 0.00045485323355897795
402 0.0008128063180586093
538 0.00037310999523034225
542 0.0012928806034244072
613 0.0004176750344063272
687 0.0005065284965219635
691 0.00038363630339787504
743 0.0003800531302520963
767 0.00040692219849536895
780 0.0007096674962648366
1069 0.0003968214617715378
1124 0.0007230035022084448
1415 0.007096674962648366
1582 0.00044672424919219483
1796 0.0010215305713900601
2002 0.0006554485025236457
2570 0.0005595864323964277
2764 0.0009060445366416521
4617 0.0010215305713900601
4701 0.0009060445366416521
4749 0.002606599012467004
5719 0.002861926715115783
5720 0.0022740332122769364
5721 0.0011370166061384682
5722 0.0034110498184154047