0 0.00010360515709016387
5 0.0001350647307564619
6 0.0001359736315524734
10 0.00003138998729041841
15 0.00011067438687857875
25 0.00004914275771090647
26 0.000009180257170353432
27 0.00001995165315167076
28 0.00002388195174072963
29 0.00002668214142975396
30 0.00016011104162504336
31 0.000011047053421159797
32 0.0001446627800658901
43 0.0001247963410453852
44 0.00015086301495667102
45 0.000002923077249401787
46 0.00032731777168967243
47 0.0002708891434150717
48 0.00014129003011415398
49 0.0002231883932943071
50 0.00004529586521301164
52 0.00188897287381935
54 0.00032108878593043
59 0.000006462183444711172
60 0.000012924366889422343
74 0.0002628764536882138
89 0.00033798452589909114
93 0.0002302492435057135
95 0.00047924075143787115
96 0.0004985185111277203
98 0.0014944483077729512
100 0.00014427673725646523
103 0.00008541133970179466
116 0.0005353974937352319
132 0.00058051309059004
133 0.00032475447298266157
134 0.00020241617375177045
139 0.0002495926820907704
143 0.0002681502686494669
161 0.00032348746208875627
163 0.00029998219746697925
170 0.00043897349683716435
185 0.00023389514674621796
203 0.0003136839799123262
213 0.00036481917391093806
214 0.0007431700718136128
266 0.0003010819448897304
300 0.00030262299481361246
301 0.0005035547120964008
311 0.00033798452589909114
326 0.0005399624677752377
339 0.0010207176122457593
451 0.0006007160688395344
516 0.0006378942679921852
539 0.0010989713913451932
542 0.0012928806034244072
547 0.0013108970050472915
572 0.0005224082332437771
671 0.0003910424617735554
911 0.002303950576512237
953 0.002057475909167382
960 0.0004724074680904385
1082 0.0008688663374890013
1103 0.00046935029736931276
1192 0.0005648761188866944
1304 0.0005595864323964277
1400 0.000953975571705261
1415 0.0014193349925296732
1590 0.0008688663374890013
1966 0.0008688663374890013
2336 0.0026331323091581473
2384 0.0010215305713900601
4263 0.0008688663374890013
4956 0.000953975571705261
5719 0.001907951143410522
5723 0.0034110498184154047
5724 0.0011370166061384682
5725 0.0011370166061384682
5726 0.0011370166061384682
5727 0.0011370166061384682
5728 0.0011370166061384682
5729 0.0011370166061384682
5730 0.0010215305713900601
5731 0.0011370166061384682
5732 0.0011370166061384682
5733 0.0011370166061384682
5734 0.0011370166061384682
5735 0.0011370166061384682