6 0.0001359736315524734
10 0.00004185331638722455
15 0.00011067438687857875
23 0.0001917778078759736
26 0.000009180257170353432
27 0.00001995165315167076
28 0.000028658342088875557
29 0.000016009284857852372
30 0.00016011104162504336
31 0.00004418821368463919
32 0.0001446627800658901
34 0.00005968492932446962
37 0.0003987932141285859
38 0.0004576534865273853
43 0.0001247963410453852
44 0.00015086301495667102
45 0.000011692308997607148
50 0.00009059173042602328
58 0.0011191728647928555
59 0.000006462183444711172
60 0.000012924366889422343
71 0.00033256580019006747
74 0.0001314382268441069
87 0.00036808616347914477
95 0.00047924075143787115
96 0.0004985185111277203
103 0.00008541133970179466
111 0.0004724074680904385
117 0.0007709144163699553
119 0.0001544851386881615
125 0.00038013792159427004
134 0.0004048323475035409
136 0.00029565439233481325
139 0.0001247963410453852
168 0.00004914275771090647
169 0.0002663490497050791
195 0.00043018466555000526
239 0.000685825303055794
247 0.0018892699802523102
288 0.000790558501893244
300 0.00030262299481361246
392 0.00047869542676802046
481 0.0004339996609241885
530 0.0002736737953600468
540 0.0011297522377733888
542 0.0012928806034244072
599 0.0004991223381462831
602 0.0004955391650005044
933 0.0020896329329751083
1047 0.0024584334915787646
1252 0.000570339268307386
1411 0.0007533803027405932
1415 0.0078063424589132025
1785 0.0005648761188866944
1920 0.0009060445366416521
2356 0.0007375005660187797
5358 0.000953975571705261
5719 0.002861926715115783
5736 0.004548066424553873
5737 0.0011370166061384682
5738 0.0022740332122769364
5739 0.0011370166061384682
5740 0.0011370166061384682
5741 0.007959116242969277