0 0.00010360515709016387
6 0.0001359736315524734
9 0.002114138755812148
10 0.00006277997458083683
18 0.0003172930263603734
20 0.00014256349717722765
23 0.0001917778078759736
25 0.0002457137885545324
26 0.000018360514340706863
27 0.00001995165315167076
28 0.000028658342088875557
29 0.000016009284857852372
30 0.00008005552081252168
31 0.000022094106842319594
34 0.00011936985864893924
36 0.00017439542599474
45 0.000014615386247008935
46 0.0006546355433793449
50 0.00009059173042602328
54 0.000160544392965215
56 0.00034358542739842214
57 0.00018016835758640515
59 0.000006462183444711172
60 0.000025848733778844687
71 0.0006651316003801349
79 0.0005759876441280593
93 0.0002302492435057135
95 0.00006846296449112447
96 0.00014243386032220583
97 0.00018061190259367678
100 0.00014427673725646523
110 0.0007200715014765141
117 0.00038545720818497763
124 0.00022809939265001406
125 0.00038013792159427004
129 0.0004724074680904385
135 0.0005446560494091424
140 0.0002005952689646678
143 0.0002681502686494669
163 0.00029998219746697925
168 0.00004914275771090647
180 0.0005052002574614732
189 0.002853130712919991
195 0.0021509233277500267
217 0.00022388116406216174
247 0.0006297566600841033
249 0.0012757885359843703
250 0.001175787005677693
251 0.0003066922772966927
256 0.0005266264618316295
265 0.00024220853747341272
266 0.0003010819448897304
286 0.0006973202833102012
290 0.0005648761188866944
291 0.000685825303055794
300 0.0007565574870340312
311 0.00033798452589909114
312 0.0019543841199150015
328 0.0003260311928669616
331 0.0003136839799123262
339 0.004082870448983037
343 0.004339996609241886
352 0.0015428377466309817
356 0.0005266264618316295
362 0.00029998219746697925
389 0.00045485323355897795
442 0.00036481917391093806
449 0.00042680669660142797
456 0.00040485246840563934
475 0.0002526001287307366
527 0.0066078767572348785
529 0.00044939008413828627
575 0.00047869542676802046
577 0.0025857612068488143
582 0.0006464403017122036
590 0.0010207176122457593
637 0.0008384895369568529
654 0.00038729823387417876
671 0.0003910424617735554
686 0.000570339268307386
700 0.0019552123088677773
702 0.0021415899749409276
718 0.0011519752882561186
743 0.0007601062605041926
753 0.0008688663374890013
767 0.00040692219849536895
775 0.00036481917391093806
799 0.0003782900330627366
829 0.0006220145312703716
851 0.00046935029736931276
913 0.0004111404270832213
950 0.0005353974937352319
1056 0.0012928806034244072
1072 0.0005544595315855724
1082 0.0008688663374890013
1099 0.0006146083728946911
1132 0.00044410039764801966
1252 0.000570339268307386
1330 0.0008128063180586093
1350 0.000685825303055794
1774 0.0007096674962648366
1801 0.0007375005660187797
1922 0.0006464403017122036
2236 0.000953975571705261
2803 0.0009060445366416521
2804 0.0009060445366416521
3036 0.0008128063180586093
3535 0.0010215305713900601
3596 0.0009060445366416521
4180 0.0018120890732833041
4948 0.0010215305713900601
4956 0.000953975571705261
4994 0.0010215305713900601
5358 0.001907951143410522
5742 0.008172244571120481
5747 0.00306459171417018
5752 0.0011370166061384682
5753 0.0011370166061384682
5754 0.0011370166061384682
5755 0.006822099636830809
5756 0.007959116242969277
5757 0.0011370166061384682
5758 0.0011370166061384682
5759 0.0011370166061384682
5760 0.0011370166061384682
5761 0.000953975571705261