0 0.00010360515709016387
6 0.0001812981754032979
10 0.00004185331638722455
16 0.0006220145312703716
20 0.00014256349717722765
22 0.0005595864323964277
23 0.0001917778078759736
24 0.00012749924599488326
25 0.00014742827313271942
26 0.000013770385755530148
27 0.000013301102101113839
28 0.000014329171044437778
29 0.000016009284857852372
31 0.000027617633552899494
34 0.00017905478797340885
45 0.00000876923174820536
47 0.0002708891434150717
48 0.0004238700903424619
49 0.0002231883932943071
50 0.00004529586521301164
57 0.0007206734303456206
59 0.000006462183444711172
60 0.000025848733778844687
71 0.0009976974005702023
74 0.0001314382268441069
76 0.00023762262054737309
92 0.00036481917391093806
95 0.00013692592898224894
96 0.00014243386032220583
97 0.000301019837656128
103 0.00008541133970179466
108 0.0005085159291886202
109 0.004200185928988359
119 0.00046345541606448445
121 0.0002131283281512035
124 0.00022809939265001406
125 0.000570206882391405
130 0.00036808616347914477
136 0.00029565439233481325
139 0.0001247963410453852
144 0.0010431686420070989
153 0.00045905907976567014
163 0.00029998219746697925
168 0.00009828551542181294
172 0.0007174118328356807
194 0.0004339996609241885
195 0.00021509233277500263
213 0.00036481917391093806
214 0.0009908934290848172
234 0.00038363630339787504
235 0.000244549715989849
251 0.0009200768318900781
255 0.0019130982208951485
256 0.0005266264618316295
267 0.0005494856956725966
271 0.0004415172276153697
362 0.0005999643949339585
384 0.00047869542676802046
458 0.0003818350844534872
459 0.000570339268307386
469 0.0024096534799389873
470 0.00044672424919219483
482 0.0008056162688366655
483 0.0015202125210083853
527 0.005406444619555809
555 0.0006871708547968443
573 0.0004885960299787504
575 0.00047869542676802046
580 0.0006007160688395344
599 0.0004991223381462831
610 0.0005759876441280593
615 0.0009060445366416521
619 0.0005446560494091424
636 0.0007533803027405932
637 0.0008384895369568529
691 0.00038363630339787504
736 0.000570339268307386
743 0.0003800531302520963
753 0.0008688663374890013
767 0.00040692219849536895
775 0.0007296383478218761
776 0.001246404696646162
795 0.0005353974937352319
797 0.0004755217854866652
851 0.00046935029736931276
913 0.0004111404270832213
988 0.0007096674962648366
1065 0.0004415172276153697
1069 0.0003968214617715378
1160 0.0007096674962648366
1314 0.0010893120988182848
1491 0.0006649717304210047
1520 0.000570339268307386
1774 0.0007096674962648366
2015 0.0008128063180586093
2189 0.0012292167457893823
2393 0.0010215305713900601
2414 0.0008128063180586093
3266 0.0017377326749780026
4214 0.0008688663374890013
5761 0.000953975571705261
5762 0.0011370166061384682
5763 0.0011370166061384682
5764 0.0011370166061384682
5765 0.0022740332122769364