0 0.00020721031418032774
3 0.0008987801682765725
4 0.0024047314850847933
6 0.00009064908770164895
8 0.000460498487011427
9 0.003523564593020247
10 0.000020926658193612276
14 0.00026456709550368824
15 0.00016601158031786812
25 0.00004914275771090647
26 0.000027540771511060296
27 0.000013301102101113839
28 0.000014329171044437778
29 0.000016009284857852372
31 0.000016570580131739694
34 0.00005968492932446962
43 0.00037438902313615557
45 0.000011692308997607148
48 0.00014129003011415398
59 0.000006462183444711172
60 0.000038773100668267026
65 0.000466348213813385
71 0.00033256580019006747
89 0.00033798452589909114
91 0.0007039019999193597
95 0.00006846296449112447
96 0.00007121693016110292
97 0.00018061190259367678
103 0.00008541133970179466
117 0.001156371624554933
119 0.0001544851386881615
121 0.0002131283281512035
132 0.00058051309059004
139 0.0001247963410453852
168 0.00004914275771090647
172 0.00023913727761189357
180 0.0002526001287307366
233 0.0007783196602169099
235 0.000489099431979698
241 0.000466348213813385
249 0.0012757885359843703
250 0.001175787005677693
265 0.00024220853747341272
281 0.0006378942679921852
307 0.0003818350844534872
328 0.0003260311928669616
331 0.0006273679598246524
343 0.0013019989827725655
352 0.001028558497753988
355 0.000685825303055794
356 0.0005266264618316295
367 0.0005759876441280593
389 0.00045485323355897795
442 0.0007296383478218761
475 0.0007578003861922098
519 0.0004221783120451008
530 0.0002736737953600468
542 0.0006464403017122036
554 0.0003600357507382571
580 0.0006007160688395344
702 0.0016061924812056955
923 0.001140678536614772
1065 0.0004415172276153697
1180 0.005991216543500566
1181 0.002106505847326518
1264 0.0018225524023801102
1283 0.0005266264618316295
1287 0.002238345729585711
1328 0.0006973202833102012
1442 0.0007533803027405932
1511 0.001907951143410522
1573 0.0007709345372720537
1642 0.0006146083728946911
1806 0.000685825303055794
1891 0.0007230035022084448
2017 0.0024384189541758277
2389 0.0008128063180586093
2787 0.0007709345372720537
3351 0.0007375005660187797
4079 0.000953975571705261
5193 0.00306459171417018
5761 0.000953975571705261
5766 0.0011370166061384682
5767 0.0011370166061384682
5768 0.0011370166061384682
5769 0.004548066424553873
5770 0.0022740332122769364
5771 0.0011370166061384682