0 0.00010360515709016387
5 0.0002701294615129238
6 0.0001359736315524734
10 0.000010463329096806138
15 0.000055337193439289376
17 0.00024376566216822076
23 0.0001917778078759736
25 0.00004914275771090647
26 0.000013770385755530148
27 0.000013301102101113839
28 0.000014329171044437778
29 0.000016009284857852372
30 0.00024016656243756505
31 0.000027617633552899494
32 0.0001446627800658901
41 0.00018725926302105958
43 0.0004991853641815408
44 0.00015086301495667102
45 0.000005846154498803574
50 0.00004529586521301164
53 0.0008743084912408826
59 0.000006462183444711172
60 0.000012924366889422343
74 0.0001314382268441069
95 0.0006161666804201201
96 0.0006409523714499261
97 0.0000602039675312256
103 0.00008541133970179466
124 0.0013685963559000845
125 0.00019006896079713502
138 0.0005999643949339585
158 0.0011296361938896618
168 0.00004914275771090647
179 0.0005027842686225869
217 0.00022388116406216174
300 0.0006052459896272249
455 0.000466348213813385
598 0.001581117003786488
840 0.0005027842686225869
953 0.002057475909167382
1252 0.000570339268307386
1337 0.0005353974937352319
1338 0.0012928806034244072
1339 0.0011370166061384682
1340 0.0006750724671448359
1341 0.0011370166061384682