0 0.00010360515709016387
5 0.0001350647307564619
6 0.00020396044732871014
10 0.000020926658193612276
20 0.0002851269943544553
25 0.00004914275771090647
26 0.000009180257170353432
27 0.00001995165315167076
28 0.000014329171044437778
29 0.000016009284857852372
30 0.00024016656243756505
31 0.000011047053421159797
32 0.0001446627800658901
34 0.00005968492932446962
42 0.0005956084863810253
43 0.0001247963410453852
44 0.00015086301495667102
45 0.000005846154498803574
47 0.0002708891434150717
50 0.00004529586521301164
54 0.000160544392965215
57 0.00018016835758640515
59 0.000006462183444711172
60 0.000012924366889422343
74 0.0001314382268441069
95 0.00041077778694674673
96 0.00028486772064441167
97 0.0000602039675312256
100 0.00014427673725646523
103 0.00008541133970179466
121 0.0002131283281512035
134 0.00020241617375177045
140 0.0002005952689646678
144 0.00041726745680283956
153 0.00022952953988283507
168 0.00004914275771090647
169 0.0002663490497050791
177 0.00044410039764801966
195 0.00043018466555000526
214 0.0002477233572712043
219 0.0003616150149759352
223 0.0005052002574614732
281 0.0006378942679921852
290 0.0005648761188866944
303 0.001227053890824424
304 0.0010661575080709474
416 0.0003493811814946261
470 0.00044672424919219483
482 0.004833697613019993
530 0.0002736737953600468
601 0.0008353500688126544
661 0.0006554485025236457
686 0.0017110178049221578
687 0.001013056993043927
833 0.0030391709791317808
853 0.0021979427826903865
918 0.0008128063180586093
1520 0.001140678536614772
1678 0.000953975571705261
1756 0.001581117003786488
2640 0.0008688663374890013
2878 0.005213198024934008
5772 0.0011370166061384682
5773 0.0022740332122769364
5774 0.0011370166061384682