0 0.00020721031418032774
5 0.0001350647307564619
6 0.00015863590347788565
10 0.000010463329096806138
14 0.0005291341910073765
23 0.0001917778078759736
24 0.00012749924599488326
25 0.00004914275771090647
26 0.000013770385755530148
27 0.00001995165315167076
28 0.000019105561392583703
29 0.000032018569715704745
30 0.00024016656243756505
31 0.000011047053421159797
32 0.0001446627800658901
34 0.00011936985864893924
43 0.0001247963410453852
44 0.00015086301495667102
45 0.00001753846349641072
47 0.0002708891434150717
50 0.00004529586521301164
51 0.0005224082332437771
52 0.0023612160922741876
54 0.00064217757186086
59 0.000006462183444711172
60 0.000012924366889422343
74 0.0002628764536882138
92 0.00036481917391093806
95 0.00041077778694674673
96 0.00042730158096661747
97 0.0000602039675312256
98 0.0005977793231091805
102 0.0003910424617735554
103 0.000256234019105384
110 0.0003600357507382571
116 0.0016061924812056955
117 0.00038545720818497763
133 0.00032475447298266157
139 0.0002495926820907704
146 0.00036481917391093806
161 0.00032348746208875627
163 0.00029998219746697925
164 0.00033123821444378676
168 0.00009828551542181294
170 0.00043897349683716435
172 0.0014348236656713614
235 0.000244549715989849
240 0.0005065284965219635
251 0.0003066922772966927
274 0.000629765283625402
300 0.00030262299481361246
301 0.0005035547120964008
311 0.00033798452589909114
413 0.0029709073075821425
429 0.0004755217854866652
439 0.0005266264618316295
499 0.0005648761188866944
530 0.0002736737953600468
576 0.0005759876441280593
615 0.0009060445366416521
776 0.0008309364644307748
1071 0.0007533803027405932
1086 0.0005446560494091424
1403 0.0006649717304210047
2336 0.0031597587709897763
2570 0.0005595864323964277
4154 0.0010215305713900601
4370 0.002861926715115783
4783 0.0010215305713900601
5775 0.009096132849107746
5776 0.0022740332122769364
5777 0.0011370166061384682
5778 0.0022740332122769364