0 0.0003108154712704916
5 0.0002701294615129238
6 0.00002266227192541224
8 0.0002302492435057135
14 0.0007937012865110646
15 0.00011067438687857875
20 0.00014256349717722765
26 0.000009180257170353432
27 0.00001995165315167076
28 0.000004776390348145926
29 0.000005336428285950791
31 0.0000055235267105798985
32 0.00021699417009883517
34 0.00005968492932446962
43 0.0001247963410453852
44 0.00015086301495667102
45 0.00000876923174820536
52 0.004250188966093537
53 0.0020400531462287257
54 0.0004816331788956449
57 0.0009008417879320257
59 0.000019386550334133513
74 0.0001314382268441069
76 0.00023762262054737309
95 0.00027385185796449787
96 0.00028486772064441167
97 0.00018061190259367678
98 0.002690006953991312
103 0.00008541133970179466
119 0.000308970277376323
121 0.000426256656302407
138 0.0005999643949339585
142 0.0004520992678889995
164 0.0006624764288875735
170 0.00043897349683716435
185 0.00023389514674621796
201 0.0003782900330627366
214 0.0007431700718136128
255 0.0009565491104475743
279 0.0012928806034244072
297 0.0008987801682765725
298 0.0009982446762925661
299 0.0006419639687078222
300 0.0006052459896272249
301 0.0010071094241928015
311 0.0006759690517981823
327 0.00047869542676802046
362 0.00029998219746697925
611 0.0005309542669637955
654 0.0007745964677483575
686 0.002281357073229544
797 0.0014265653564599955
816 0.0014556901022733787
1571 0.0006378942679921852
1854 0.0011636684971235863
2221 0.0007230035022084448
5779 0.0011370166061384682
5780 0.0011370166061384682
5781 0.0011370166061384682
5782 0.0011370166061384682
5783 0.0022740332122769364
5784 0.0011370166061384682
5785 0.0011370166061384682
5786 0.0011370166061384682
5787 0.0011370166061384682
5788 0.0011370166061384682
5789 0.0011370166061384682