0 0.00010360515709016387
6 0.00020396044732871014
9 0.00458063397092632
10 0.00011509662006486752
14 0.00026456709550368824
15 0.0002766859671964469
17 0.00024376566216822076
20 0.00014256349717722765
26 0.000009180257170353432
27 0.0000066505510505569195
28 0.000019105561392583703
29 0.00002668214142975396
31 0.000011047053421159797
32 0.00021699417009883517
34 0.00005968492932446962
43 0.0001247963410453852
44 0.00015086301495667102
45 0.00000876923174820536
48 0.00014129003011415398
49 0.0004463767865886142
50 0.00004529586521301164
59 0.000012924366889422343
60 0.000012924366889422343
74 0.0003943146805323207
75 0.00030899039827842145
80 0.0003393671988105698
81 0.00033390404938987825
91 0.00046926799994623984
95 0.00041077778694674673
96 0.00042730158096661747
97 0.0001204079350624512
100 0.00014427673725646523
103 0.00017082267940358932
107 0.0016787592971892833
108 0.0002542579645943101
109 0.009164042026883692
119 0.000308970277376323
139 0.0001247963410453852
141 0.0005103588061228796
142 0.0004520992678889995
144 0.00020863372840141978
145 0.0004991223381462831
146 0.00036481917391093806
162 0.0003800531302520963
164 0.0006624764288875735
165 0.001877401189477251
169 0.0002663490497050791
189 0.0004755217854866652
195 0.00021509233277500263
200 0.0002833071793801778
214 0.0002477233572712043
222 0.0003748188423091808
247 0.0003148783300420517
251 0.0003066922772966927
266 0.0003010819448897304
302 0.00038363630339787504
368 0.0010989713913451932
369 0.0005544595315855724
391 0.0004605016093796513
392 0.0009573908535360409
393 0.00048193069598779744
416 0.0003493811814946261
446 0.0004176750344063272
491 0.0016633785947567173
517 0.000944814936180877
580 0.0006007160688395344
589 0.0026728455911744103
590 0.0010207176122457593
700 0.0003910424617735554
716 0.00045485323355897795
726 0.0006554485025236457
742 0.0008138443969907379
744 0.0011089190631711448
839 0.0004755217854866652
1027 0.010122049030918226
1066 0.00048193069598779744
1191 0.004192447684784265
1200 0.0005648761188866944
1269 0.0006007160688395344
1520 0.000570339268307386
1930 0.0006973202833102012
1938 0.0012292167457893823
2134 0.000953975571705261
2551 0.0006554485025236457
2731 0.00790558501893244
4835 0.006677829001936826
5790 0.0011370166061384682
5791 0.0011370166061384682
5792 0.0011370166061384682
5793 0.0011370166061384682
5794 0.0011370166061384682