0 0.00010360515709016387
6 0.0002719472631049468
10 0.000020926658193612276
15 0.00011067438687857875
20 0.00014256349717722765
25 0.00004914275771090647
26 0.000009180257170353432
27 0.000026602204202227678
28 0.000028658342088875557
29 0.000016009284857852372
31 0.00003314116026347939
32 0.00021699417009883517
34 0.00005968492932446962
43 0.0001247963410453852
44 0.00015086301495667102
45 0.000011692308997607148
50 0.00009059173042602328
54 0.00032108878593043
57 0.0003603367151728103
59 0.000025848733778844687
60 0.000012924366889422343
74 0.0002628764536882138
93 0.0002302492435057135
95 0.0003423148224556223
96 0.00035608465080551457
97 0.00018061190259367678
103 0.00017082267940358932
108 0.0002542579645943101
119 0.000308970277376323
137 0.000570339268307386
138 0.00029998219746697925
214 0.0002477233572712043
217 0.0022388116406216177
223 0.0007578003861922098
300 0.0006052459896272249
301 0.0010071094241928015
303 0.0020450898180407067
304 0.0014215433440945965
311 0.00033798452589909114
312 0.001465788089936251
327 0.00047869542676802046
328 0.0003260311928669616
417 0.0003600357507382571
482 0.004833697613019993
503 0.000790558501893244
554 0.0003600357507382571
599 0.001497367014438849
654 0.00038729823387417876
671 0.0003910424617735554
686 0.0057033926830738595
687 0.001013056993043927
691 0.0015345452135915002
706 0.003527361017033079
716 0.00045485323355897795
727 0.0005494856956725966
797 0.0004755217854866652
816 0.0004852300340911263
930 0.0011297522377733888
950 0.0026769874686761595
1648 0.0006075174674600367
3148 0.0010215305713900601
3149 0.0009060445366416521
5795 0.0011370166061384682
5796 0.0011370166061384682