0 0.00010360515709016387
5 0.0002701294615129238
6 0.0001359736315524734
10 0.000010463329096806138
26 0.000009180257170353432
27 0.000013301102101113839
28 0.000014329171044437778
29 0.000016009284857852372
30 0.00016011104162504336
31 0.000022094106842319594
32 0.00021699417009883517
34 0.00005968492932446962
43 0.0001247963410453852
44 0.00015086301495667102
45 0.00000876923174820536
50 0.00004529586521301164
54 0.00032108878593043
59 0.000012924366889422343
60 0.000012924366889422343
74 0.0001314382268441069
91 0.00046926799994623984
95 0.0003423148224556223
96 0.00035608465080551457
97 0.00018061190259367678
103 0.00008541133970179466
119 0.0001544851386881615
125 0.00038013792159427004
132 0.0003870087270600267
133 0.00032475447298266157
139 0.0001247963410453852
140 0.0002005952689646678
153 0.00022952953988283507
160 0.00043897349683716435
161 0.00032348746208875627
164 0.0006624764288875735
185 0.00023389514674621796
188 0.0005182941691667408
214 0.0007431700718136128
217 0.0020149304765594554
223 0.0002526001287307366
255 0.0009565491104475743
300 0.0009078689844408373
362 0.00029998219746697925
456 0.001214557405216918
457 0.0006378942679921852
458 0.0007636701689069744
550 0.00040280813441833274
797 0.0014265653564599955