0 0.00020721031418032774
5 0.0004051941922693857
10 0.00003138998729041841
20 0.00014256349717722765
26 0.000009180257170353432
27 0.00004655385735389843
28 0.000014329171044437778
29 0.000016009284857852372
30 0.00008005552081252168
31 0.0000055235267105798985
32 0.00021699417009883517
45 0.00000876923174820536
50 0.00004529586521301164
52 0.004486310575320956
54 0.00032108878593043
59 0.000012924366889422343
60 0.000006462183444711172
72 0.0007394879986854364
91 0.00046926799994623984
95 0.00027385185796449787
96 0.00028486772064441167
97 0.00018061190259367678
98 0.002690006953991312
132 0.00058051309059004
133 0.0006495089459653231
142 0.001808397071555998
153 0.00045905907976567014
163 0.00029998219746697925
164 0.00033123821444378676
168 0.00009828551542181294
170 0.003950761471534479
195 0.00021509233277500263
214 0.0002477233572712043
255 0.0011956863880594679
297 0.0013481702524148589
298 0.001497367014438849
299 0.0009629459530617334
300 0.0024209839585088997
301 0.004280215052819406
398 0.0014528375680784495
497 0.0008934484983843897
797 0.0004755217854866652
1038 0.0010207176122457593
5797 0.0011370166061384682
5798 0.0022740332122769364
5799 0.0034110498184154047
5800 0.0011370166061384682
5801 0.0022740332122769364
5802 0.0022740332122769364
5803 0.0011370166061384682
5804 0.0011370166061384682