0 0.00020721031418032774
5 0.0002701294615129238
6 0.00011331135962706119
10 0.00003138998729041841
14 0.00026456709550368824
15 0.00011067438687857875
20 0.00014256349717722765
26 0.000009180257170353432
27 0.000026602204202227678
28 0.000014329171044437778
29 0.000016009284857852372
31 0.000011047053421159797
32 0.00021699417009883517
34 0.00017905478797340885
44 0.00030172602991334203
45 0.00000876923174820536
48 0.00028258006022830796
50 0.00004529586521301164
52 0.0016528512645919312
53 0.0014571808187348043
54 0.00032108878593043
57 0.00018016835758640515
59 0.000019386550334133513
60 0.000012924366889422343
74 0.0002628764536882138
91 0.00046926799994623984
95 0.00027385185796449787
96 0.00028486772064441167
97 0.0002408158701249024
98 0.004483344923318854
103 0.000256234019105384
121 0.0006393849844536105
134 0.00020241617375177045
142 0.004068893411000995
144 0.0016690698272113582
159 0.0002817353899173489
195 0.00043018466555000526
219 0.001808075074879676
220 0.0010799249355504753
234 0.00038363630339787504
252 0.00021183173694126436
259 0.0006815228846822916
312 0.0009771920599575008
398 0.0007264187840392248
458 0.0007636701689069744
483 0.0003800531302520963
497 0.00044672424919219483
512 0.00044672424919219483
624 0.0014457920879633922
916 0.0006464403017122036
1282 0.0011089190631711448
1750 0.0008384895369568529
2065 0.002861926715115783
2325 0.0008384895369568529
3833 0.0008128063180586093
5805 0.0011370166061384682