5 0.0002701294615129238
6 0.00011331135962706119
8 0.0011512462175285675
10 0.00021972991103292892
14 0.00026456709550368824
15 0.0002213487737571575
20 0.00014256349717722765
26 0.000009180257170353432
27 0.0000066505510505569195
28 0.000009552780696291852
29 0.000010672856571901583
30 0.00016011104162504336
31 0.00003314116026347939
32 0.00021699417009883517
42 0.00029780424319051263
45 0.00000876923174820536
59 0.000019386550334133513
60 0.000012924366889422343
67 0.0024456682704623823
68 0.0024168488065099965
69 0.0050109437064047085
79 0.0011519752882561186
80 0.0006787343976211396
81 0.0006678080987797565
95 0.00027385185796449787
96 0.00028486772064441167
97 0.0002408158701249024
103 0.00008541133970179466
123 0.0011636684971235863
159 0.00014086769495867446
168 0.00004914275771090647
169 0.0002663490497050791
172 0.00023913727761189357
185 0.00023389514674621796
186 0.0008138443969907379
200 0.0005666143587603556
201 0.0003782900330627366
252 0.000635495210823793
265 0.00024220853747341272
290 0.0011297522377733888
311 0.00033798452589909114
342 0.0004885960299787504
368 0.0010989713913451932
369 0.0011089190631711448
442 0.00036481917391093806
448 0.0012928806034244072
497 0.0008934484983843897
671 0.0003910424617735554
706 0.002351574011355386
829 0.0006220145312703716
848 0.0005446560494091424
1065 0.0004415172276153697
1263 0.003037587337300184
1273 0.0006973202833102012
1318 0.0006649717304210047
1648 0.0006075174674600367
4395 0.0008688663374890013
5806 0.0011370166061384682