0 0.00010360515709016387
15 0.000055337193439289376
20 0.00014256349717722765
26 0.000004590128585176716
42 0.00029780424319051263
45 0.00000876923174820536
72 0.0003697439993427182
95 0.00013692592898224894
111 0.0004724074680904385
116 0.0005353974937352319
168 0.00004914275771090647
313 0.0006378942679921852
325 0.00043897349683716435
354 0.0004955391650005044
725 0.000685825303055794
848 0.0021786241976365695
1065 0.0017660689104614788
1138 0.0010215305713900601
1177 0.0012440290625407432
1985 0.0008128063180586093
5807 0.0020430611427801203
5808 0.0011370166061384682
5809 0.0011370166061384682