0 0.00010360515709016387
5 0.0001350647307564619
6 0.00011331135962706119
10 0.000020926658193612276
15 0.000055337193439289376
25 0.00004914275771090647
26 0.000018360514340706863
27 0.0000066505510505569195
28 0.000009552780696291852
29 0.000010672856571901583
30 0.00016011104162504336
31 0.000027617633552899494
45 0.000011692308997607148
50 0.00004529586521301164
54 0.000160544392965215
57 0.00018016835758640515
59 0.000019386550334133513
60 0.000038773100668267026
75 0.0015449519913921072
76 0.00023762262054737309
91 0.00046926799994623984
108 0.0002542579645943101
121 0.0002131283281512035
125 0.000570206882391405
143 0.0005363005372989338
145 0.0004991223381462831
159 0.00014086769495867446
168 0.00004914275771090647
202 0.00030783737547859243
217 0.000895524656248647
223 0.0007578003861922098
300 0.0012104919792544498
301 0.0017624414923374024
417 0.0007200715014765141
475 0.0002526001287307366
497 0.00044672424919219483
639 0.0009097064671179559
734 0.0005027842686225869
742 0.0008138443969907379
1036 0.0013019989827725655
1069 0.0003968214617715378
1252 0.000570339268307386
1342 0.0014460070044168896