10 0.000020926658193612276
26 0.00003213090009623701
27 0.0000066505510505569195
28 0.000009552780696291852
29 0.000010672856571901583
31 0.0000055235267105798985
34 0.00005968492932446962
36 0.00017439542599474
45 0.00001753846349641072
52 0.00023612160922741876
59 0.000006462183444711172
60 0.00005169746755768937
67 0.0003493811814946261
69 0.0007709144163699553
71 0.0009976974005702023
72 0.0003697439993427182
73 0.0004885960299787504
76 0.00023762262054737309
80 0.0003393671988105698
81 0.0006678080987797565
82 0.0004991223381462831
97 0.0000602039675312256
98 0.00029888966155459023
103 0.00008541133970179466
104 0.0006973202833102012
110 0.0003600357507382571
117 0.0019272860409248883
130 0.00036808616347914477
143 0.0002681502686494669
145 0.0004991223381462831
159 0.0004226030848760234
179 0.0005027842686225869
191 0.0006973202833102012
198 0.0012928806034244072
215 0.0005446560494091424
273 0.0003697439993427182
275 0.0006649717304210047
328 0.0003260311928669616
365 0.003846399869708176
368 0.0010989713913451932
369 0.0005544595315855724
448 0.0006464403017122036
547 0.0006554485025236457
576 0.0005759876441280593
589 0.0003818350844534872
590 0.0005103588061228796
594 0.0011636684971235863
599 0.0004991223381462831
607 0.0021290024887945097
608 0.000953975571705261
671 0.0003910424617735554
703 0.0004991223381462831
893 0.0006554485025236457
1047 0.0006146083728946911
1048 0.0007096674962648366
1057 0.000953975571705261
1075 0.0013299434608420094
1142 0.00040280813441833274
1318 0.0006649717304210047
1653 0.000953975571705261
2140 0.005436267219849912
2312 0.0006750724671448359
2381 0.0008688663374890013
3016 0.000953975571705261
3298 0.0009060445366416521
3659 0.0010215305713900601
3845 0.004086122285560241
4639 0.0010215305713900601
5517 0.0010215305713900601
5812 0.006822099636830809
5813 0.0011370166061384682
5814 0.0011370166061384682
5815 0.0011370166061384682
5816 0.0011370166061384682
5817 0.0011370166061384682
5818 0.0011370166061384682
5819 0.0011370166061384682