5 0.0001350647307564619
26 0.000013770385755530148
30 0.00008005552081252168
45 0.000005846154498803574
46 0.00032731777168967243
48 0.00014129003011415398
52 0.0004722432184548375
54 0.000160544392965215
60 0.00010339493511537875
62 0.0036241781465666083
98 0.00029888966155459023
204 0.0007230035022084448
299 0.0003209819843539111
470 0.00044672424919219483
858 0.0010215305713900601
1483 0.0007709345372720537
2013 0.0025154686108705584
5820 0.0011370166061384682
5821 0.0011370166061384682
5822 0.0011370166061384682
5823 0.0011370166061384682
5824 0.0011370166061384682
5825 0.0011370166061384682
5826 0.0011370166061384682
5827 0.0011370166061384682