10 0.000020926658193612276
20 0.00014256349717722765
26 0.000018360514340706863
29 0.000005336428285950791
30 0.00008005552081252168
31 0.000011047053421159797
45 0.000011692308997607148
59 0.000006462183444711172
60 0.000025848733778844687
90 0.0003600357507382571
235 0.000244549715989849
246 0.0010799249355504753
300 0.00030262299481361246
331 0.0003136839799123262
372 0.0003553858360236491
410 0.0008688663374890013
475 0.0002526001287307366
577 0.0006464403017122036
714 0.0005027842686225869
727 0.0005494856956725966
735 0.0005941814615164285
816 0.0004852300340911263
1451 0.0006146083728946911
2544 0.0006973202833102012
2938 0.0017377326749780026
5828 0.0034110498184154047
5829 0.0022740332122769364
5830 0.0011370166061384682
5831 0.0011370166061384682