10 0.000010463329096806138
15 0.000055337193439289376
24 0.00012749924599488326
25 0.00004914275771090647
26 0.000009180257170353432
28 0.000004776390348145926
45 0.00000876923174820536
59 0.000006462183444711172
60 0.000012924366889422343
84 0.0005494856956725966
103 0.00008541133970179466
130 0.00036808616347914477
136 0.00029565439233481325
145 0.0004991223381462831
151 0.0003393671988105698
159 0.00014086769495867446
195 0.00021509233277500263
235 0.000244549715989849
255 0.00023913727761189357
265 0.00024220853747341272
305 0.0005648761188866944
306 0.0011296361938896618
325 0.00043897349683716435
328 0.0003260311928669616
354 0.0004955391650005044
430 0.0006651316003801349
442 0.00036481917391093806
475 0.0005052002574614732
529 0.00044939008413828627
678 0.000629765283625402
719 0.0016633785947567173
835 0.0008384895369568529
865 0.0004520992678889995
867 0.0010055685372451738
898 0.0005027842686225869
899 0.0006973202833102012
1046 0.0007709345372720537
1064 0.0016256126361172186
1305 0.0020919608499306037
1325 0.0005544595315855724
1513 0.0012757885359843703
1590 0.0008688663374890013
1806 0.000685825303055794
1945 0.0007533803027405932
1996 0.0006378942679921852
2509 0.000953975571705261
2570 0.0005595864323964277
5606 0.0010215305713900601
5832 0.0011370166061384682
5833 0.0011370166061384682
5834 0.0011370166061384682