5 0.0001350647307564619
6 0.00011331135962706119
10 0.00003138998729041841
15 0.0002766859671964469
22 0.0005595864323964277
25 0.00004914275771090647
26 0.000009180257170353432
27 0.000026602204202227678
28 0.000014329171044437778
29 0.000016009284857852372
30 0.00016011104162504336
31 0.000011047053421159797
32 0.0001446627800658901
34 0.00005968492932446962
43 0.0001247963410453852
44 0.00015086301495667102
45 0.00000876923174820536
46 0.00032731777168967243
48 0.00028258006022830796
50 0.00009059173042602328
51 0.0005224082332437771
52 0.0014167296553645125
54 0.0017659883226173647
59 0.000012924366889422343
60 0.000012924366889422343
95 0.0006161666804201201
96 0.0007121693016110291
97 0.0000602039675312256
100 0.00028855347451293045
103 0.00008541133970179466
132 0.00019350436353001335
133 0.00032475447298266157
135 0.0005446560494091424
139 0.0002495926820907704
164 0.0006624764288875735
172 0.00023913727761189357
174 0.0008222808541664426
175 0.00028530254609905744
177 0.00044410039764801966
197 0.000570339268307386
200 0.0002833071793801778
255 0.0021522354985070422
264 0.0039923748781517015
265 0.00048441707494682545
299 0.0003209819843539111
300 0.0016644264714748686
301 0.0017624414923374024
456 0.003643672215650754
538 0.00037310999523034225
554 0.0003600357507382571
576 0.0005759876441280593
743 0.0007601062605041926
786 0.0057033926830738595
873 0.00306459171417018
916 0.0019393209051366106
942 0.0006464403017122036
1049 0.000629765283625402
1085 0.000953975571705261
1248 0.0005353974937352319
5835 0.0011370166061384682
5836 0.0011370166061384682