0 0.00010360515709016387
1 0.0005494856956725966
2 0.0003632093920196124
5 0.0001350647307564619
6 0.0000679868157762367
7 0.0003538642626209047
8 0.0006907477305171405
9 0.00035235645930202465
10 0.00004185331638722455
11 0.00044410039764801966
15 0.000055337193439289376
20 0.0002851269943544553
24 0.00012749924599488326
26 0.00002295064292588358
27 0.000013301102101113839
28 0.00002388195174072963
29 0.00002668214142975396
31 0.000022094106842319594
32 0.0003616569501647253
34 0.0003581095759468177
41 0.0009362963151052978
45 0.000020461540745812507
47 0.0002708891434150717
49 0.0002231883932943071
50 0.00004529586521301164
53 0.0017486169824817651
59 0.000006462183444711172
60 0.000038773100668267026
76 0.00023762262054737309
81 0.00033390404938987825
89 0.00033798452589909114
97 0.0000602039675312256
103 0.00034164535880717864
110 0.0003600357507382571
134 0.00020241617375177045
136 0.0008869631770044397
139 0.00037438902313615557
140 0.0006017858068940034
141 0.0010207176122457593
172 0.00023913727761189357
180 0.0002526001287307366
185 0.00023389514674621796
195 0.00021509233277500263
200 0.0005666143587603556
220 0.0005399624677752377
248 0.0014460070044168896
249 0.0006378942679921852
250 0.0005878935028388465
251 0.0006133845545933855
273 0.0003697439993427182
284 0.0142543221282665
328 0.0006520623857339232
367 0.0005759876441280593
434 0.00032731777168967243
446 0.0004176750344063272
530 0.0002736737953600468
547 0.0006554485025236457
556 0.000953975571705261
572 0.0005224082332437771
573 0.0004885960299787504
586 0.0005759876441280593
589 0.004200185928988359
590 0.0005103588061228796
612 0.0006750724671448359
671 0.0003910424617735554
697 0.0005878935028388465
721 0.0012292167457893823
743 0.0011401593907562888
785 0.0006973202833102012
950 0.0005353974937352319
1075 0.0006649717304210047
1328 0.0006973202833102012
1343 0.004548066424553873
1344 0.004548066424553873
1345 0.00453022268320826
1346 0.001907951143410522
1347 0.003475465349956005
1348 0.0011370166061384682
1349 0.001994915191263014
1350 0.000685825303055794
1351 0.0011370166061384682
1352 0.0009060445366416521
1353 0.0011370166061384682
1354 0.0011370166061384682
1355 0.0011370166061384682
1356 0.0005648761188866944
1357 0.0011370166061384682
1358 0.0011370166061384682
1359 0.0011370166061384682
1360 0.0005941814615164285
1361 0.0011370166061384682
1362 0.0011370166061384682
1363 0.0011370166061384682
1364 0.0011370166061384682
1365 0.0011370166061384682
1366 0.0011370166061384682