0 0.00020721031418032774
6 0.00011331135962706119
10 0.0001674132655488982
21 0.0006220145312703716
23 0.0001917778078759736
25 0.00004914275771090647
26 0.000013770385755530148
27 0.00001995165315167076
28 0.00002388195174072963
29 0.000010672856571901583
30 0.00008005552081252168
31 0.00003314116026347939
34 0.00005968492932446962
36 0.00034879085198948
45 0.000020461540745812507
46 0.0006546355433793449
48 0.00028258006022830796
49 0.0002231883932943071
50 0.00009059173042602328
59 0.000012924366889422343
60 0.000025848733778844687
72 0.0003697439993427182
75 0.00030899039827842145
89 0.00033798452589909114
93 0.000920996974022854
95 0.00013692592898224894
96 0.00021365079048330874
97 0.0000602039675312256
100 0.00014427673725646523
103 0.000256234019105384
119 0.000308970277376323
121 0.000426256656302407
124 0.00022809939265001406
125 0.000570206882391405
127 0.0006220145312703716
139 0.0002495926820907704
143 0.0002681502686494669
163 0.00029998219746697925
186 0.0008138443969907379
195 0.0008603693311000105
197 0.000570339268307386
202 0.00030783737547859243
214 0.0017340635008984298
219 0.0003616150149759352
232 0.0005182941691667408
252 0.00021183173694126436
256 0.0005266264618316295
259 0.0003407614423411458
266 0.0003010819448897304
299 0.0003209819843539111
307 0.0003818350844534872
328 0.0013041247714678465
367 0.0011519752882561186
415 0.0013299434608420094
454 0.00038363630339787504
519 0.0008443566240902016
549 0.005183888797152533
584 0.010459804249653018
671 0.0003910424617735554
743 0.0003800531302520963
767 0.00040692219849536895
811 0.000685825303055794
930 0.0005648761188866944
1036 0.0013019989827725655
1119 0.000629765283625402
1192 0.001694628356660083
1248 0.0005353974937352319
1330 0.0008128063180586093
1335 0.0007533803027405932
1360 0.0005941814615164285
1472 0.0007096674962648366
1714 0.0006750724671448359
1767 0.0007096674962648366
1836 0.0013501449342896718
1837 0.000790558501893244
1950 0.0006750724671448359
2035 0.003615017511042224
2390 0.011067819026505414
2436 0.007115026517039195
3339 0.0010215305713900601
5856 0.0011370166061384682
5857 0.0011370166061384682
5858 0.0011370166061384682
5859 0.0011370166061384682
5860 0.0011370166061384682