6 0.00004532454385082448
8 0.000460498487011427
10 0.000010463329096806138
14 0.0005291341910073765
15 0.0002213487737571575
18 0.0003172930263603734
26 0.000018360514340706863
27 0.000013301102101113839
28 0.000004776390348145926
29 0.000005336428285950791
30 0.00008005552081252168
31 0.000011047053421159797
34 0.00023873971729787848
45 0.000014615386247008935
50 0.0001358875956390349
59 0.000019386550334133513
60 0.000038773100668267026
67 0.0017469059074731303
68 0.002014040672091664
69 0.0034691148736647986
93 0.000460498487011427
95 0.00006846296449112447
96 0.00007121693016110292
140 0.0004011905379293356
143 0.0013407513432473345
168 0.00004914275771090647
169 0.0002663490497050791
201 0.0003782900330627366
203 0.0003136839799123262
276 0.0003697439993427182
469 0.0014457920879633922
496 0.0003493811814946261
517 0.005196482148994824
567 0.0007096674962648366
618 0.0019543841199150015
933 0.0010448164664875542
1026 0.0008688663374890013
1195 0.003854672686360269
1283 0.0026331323091581473
2685 0.004769877858526305
3877 0.0010215305713900601