6 0.0001359736315524734
10 0.00005231664548403069
18 0.0003172930263603734
22 0.0005595864323964277
26 0.000018360514340706863
27 0.000013301102101113839
28 0.000014329171044437778
29 0.000010672856571901583
30 0.00008005552081252168
31 0.000022094106842319594
34 0.00005968492932446962
36 0.00017439542599474
45 0.00001753846349641072
49 0.0002231883932943071
50 0.00004529586521301164
56 0.00034358542739842214
57 0.00018016835758640515
59 0.000006462183444711172
60 0.000038773100668267026
91 0.00046926799994623984
92 0.00036481917391093806
93 0.000460498487011427
95 0.00013692592898224894
96 0.00014243386032220583
119 0.000308970277376323
124 0.0006842981779500422
125 0.00038013792159427004
139 0.0001247963410453852
143 0.0005363005372989338
168 0.00004914275771090647
195 0.0010754616638750133
256 0.0005266264618316295
266 0.0003010819448897304
328 0.0006520623857339232
350 0.0005353974937352319
417 0.0003600357507382571
519 0.0008443566240902016
549 0.0011519752882561186
661 0.0006554485025236457
742 0.00040692219849536895
743 0.0007601062605041926
774 0.0005941814615164285
833 0.0030391709791317808
1036 0.000867999321848377
1334 0.0007709345372720537
1837 0.00395279250946622
1868 0.0006075174674600367
2052 0.0006649717304210047
2390 0.00790558501893244
2436 0.001581117003786488
3915 0.000953975571705261
5676 0.00715071399973042