6 0.00011331135962706119
10 0.000020926658193612276
20 0.00014256349717722765
26 0.000013770385755530148
27 0.000013301102101113839
28 0.000009552780696291852
29 0.000010672856571901583
30 0.00016011104162504336
31 0.000016570580131739694
34 0.00005968492932446962
36 0.00017439542599474
45 0.000011692308997607148
48 0.00014129003011415398
57 0.0005405050727592154
59 0.000006462183444711172
60 0.000025848733778844687
91 0.00046926799994623984
93 0.0002302492435057135
95 0.00006846296449112447
96 0.00007121693016110292
119 0.000308970277376323
124 0.00022809939265001406
125 0.00038013792159427004
134 0.00020241617375177045
135 0.0005446560494091424
141 0.0005103588061228796
143 0.0002681502686494669
165 0.003285452081585189
167 0.0009555408785273412
168 0.00009828551542181294
195 0.00021509233277500263
200 0.0002833071793801778
218 0.0012440290625407432
232 0.0005182941691667408
328 0.0003260311928669616
458 0.0003818350844534872
483 0.0003800531302520963
668 0.005941814615164285
881 0.000629765283625402
1139 0.0016769790739137058
1200 0.0011297522377733888
1256 0.0014750011320375594
1269 0.0006007160688395344
1287 0.0005595864323964277
1510 0.0007533803027405932
1825 0.0007709345372720537
2301 0.003475465349956005
2909 0.0008688663374890013
3921 0.0020430611427801203
5861 0.0011370166061384682
5862 0.0011370166061384682
5863 0.0034110498184154047