0 0.00010360515709016387
6 0.00015863590347788565
9 0.00035235645930202465
15 0.000055337193439289376
17 0.00024376566216822076
18 0.0003172930263603734
24 0.00012749924599488326
25 0.00009828551542181294
26 0.000009180257170353432
27 0.0000066505510505569195
28 0.000014329171044437778
29 0.000021345713143803165
30 0.00016011104162504336
31 0.000027617633552899494
34 0.00017905478797340885
45 0.000011692308997607148
47 0.0002708891434150717
48 0.00014129003011415398
49 0.0004463767865886142
50 0.00004529586521301164
57 0.00018016835758640515
59 0.000006462183444711172
60 0.000012924366889422343
67 0.0003493811814946261
68 0.00040280813441833274
69 0.003083657665479821
71 0.00033256580019006747
72 0.0007394879986854364
74 0.0001314382268441069
75 0.0006179807965568429
76 0.00047524524109474617
77 0.001316920490511493
97 0.00018061190259367678
103 0.000256234019105384
107 0.0005595864323964277
108 0.0002542579645943101
119 0.0001544851386881615
123 0.0011636684971235863
125 0.00038013792159427004
136 0.00029565439233481325
148 0.00039487277137447156
151 0.0003393671988105698
158 0.0003765453979632206
159 0.0002817353899173489
162 0.0011401593907562888
164 0.00033123821444378676
168 0.00004914275771090647
169 0.0002663490497050791
172 0.00047827455522378713
180 0.0005052002574614732
194 0.0004339996609241885
199 0.0007375005660187797
235 0.000244549715989849
265 0.00048441707494682545
293 0.0005065284965219635
300 0.00045393449222041863
301 0.0005035547120964008
325 0.0008779469936743287
350 0.0005353974937352319
367 0.0005759876441280593
385 0.0005182941691667408
392 0.00047869542676802046
415 0.0006649717304210047
429 0.0004755217854866652
435 0.0013323011929440589
458 0.0011455052533604615
459 0.000570339268307386
483 0.0003800531302520963
517 0.005196482148994824
527 0.0006007160688395344
568 0.0005595864323964277
572 0.0005224082332437771
573 0.0004885960299787504
610 0.0005759876441280593
618 0.0019543841199150015
623 0.0004605016093796513
712 0.0006464403017122036
716 0.0036388258684718236
741 0.0006750724671448359
787 0.0007230035022084448
799 0.0007565800661254732
806 0.0020346109924768447
832 0.0006146083728946911
848 0.0005446560494091424
853 0.0005494856956725966
867 0.0020111370744903476
870 0.0006075174674600367
893 0.0013108970050472915
897 0.0005494856956725966
898 0.0005027842686225869
900 0.001053252923663259
901 0.0005759876441280593
902 0.0005544595315855724
903 0.0005818342485617932
904 0.0006007160688395344
905 0.0005878935028388465
906 0.000570339268307386
907 0.0005878935028388465
908 0.0005818342485617932
909 0.0005941814615164285
910 0.000570339268307386
911 0.0005759876441280593
912 0.0014360862803040613
913 0.0008222808541664426
973 0.003389256713320166
974 0.005878935028388465
985 0.002442980149893752
1029 0.0008128063180586093
1062 0.001694628356660083
1063 0.0007375005660187797
1067 0.0005544595315855724
1068 0.0005103588061228796
1069 0.0003968214617715378
1104 0.0013108970050472915
1177 0.0006220145312703716
1274 0.0007533803027405932
1287 0.0011191728647928555
1393 0.0005878935028388465
1477 0.0005494856956725966
1781 0.000790558501893244
1806 0.000685825303055794
1910 0.004876837908351655
2440 0.000790558501893244
3132 0.0009060445366416521
3163 0.0008384895369568529
3542 0.0008128063180586093
3557 0.0010215305713900601
4166 0.00306459171417018
5094 0.0010215305713900601
5864 0.0011370166061384682
5865 0.0011370166061384682
5866 0.0010215305713900601