0 0.00010360515709016387
5 0.0001350647307564619
6 0.00015863590347788565
10 0.000010463329096806138
15 0.000055337193439289376
18 0.0003172930263603734
21 0.0006220145312703716
23 0.0001917778078759736
24 0.00012749924599488326
25 0.00009828551542181294
26 0.000009180257170353432
27 0.000026602204202227678
28 0.00002388195174072963
29 0.000016009284857852372
30 0.00016011104162504336
31 0.000011047053421159797
32 0.0001446627800658901
34 0.00017905478797340885
36 0.00034879085198948
43 0.0001247963410453852
44 0.00015086301495667102
45 0.000014615386247008935
46 0.0006546355433793449
47 0.0002708891434150717
48 0.00028258006022830796
49 0.0002231883932943071
50 0.00004529586521301164
51 0.0005224082332437771
52 0.0004722432184548375
53 0.0005828723274939218
54 0.0004816331788956449
55 0.001808397071555998
59 0.000012924366889422343
60 0.000012924366889422343
95 0.00041077778694674673
96 0.0004985185111277203
98 0.001195558646218361
100 0.00014427673725646523
103 0.00017082267940358932
121 0.000852513312604814
132 0.0003870087270600267
163 0.00029998219746697925
197 0.000570339268307386
214 0.0012386167863560214
219 0.0003616150149759352
259 0.0003407614423411458
277 0.0005494856956725966
299 0.0003209819843539111
300 0.0006052459896272249
301 0.0010071094241928015
417 0.0003600357507382571
446 0.0004176750344063272
454 0.0007672726067957501
576 0.0005759876441280593
584 0.003486601416551006
716 0.00045485323355897795
717 0.0015418690745441074
743 0.0003800531302520963
776 0.0004154682322153874
924 0.0006378942679921852
1193 0.0005309542669637955
1248 0.0005353974937352319
1868 0.0012150349349200735
2035 0.0021690105066253344
2388 0.0008688663374890013
2626 0.0008688663374890013
5867 0.0011370166061384682