6 0.00015863590347788565
10 0.000020926658193612276
15 0.00016601158031786812
23 0.0001917778078759736
25 0.00004914275771090647
26 0.000009180257170353432
27 0.000026602204202227678
28 0.000019105561392583703
29 0.000021345713143803165
30 0.00016011104162504336
31 0.000022094106842319594
32 0.0001446627800658901
41 0.00018725926302105958
43 0.0001247963410453852
44 0.00015086301495667102
45 0.000005846154498803574
48 0.00014129003011415398
49 0.0002231883932943071
50 0.00004529586521301164
59 0.000012924366889422343
60 0.000012924366889422343
71 0.00033256580019006747
72 0.0003697439993427182
74 0.0001314382268441069
95 0.0006161666804201201
96 0.0005697354412888233
97 0.00018061190259367678
103 0.00008541133970179466
110 0.0003600357507382571
119 0.00046345541606448445
125 0.00019006896079713502
130 0.00036808616347914477
132 0.00019350436353001335
134 0.00020241617375177045
148 0.0007897455427489431
151 0.0003393671988105698
153 0.00022952953988283507
185 0.00023389514674621796
188 0.0005182941691667408
200 0.0002833071793801778
235 0.000489099431979698
252 0.0008473269477650574
350 0.0005353974937352319
362 0.00029998219746697925
368 0.0021979427826903865
369 0.0005544595315855724
372 0.0003553858360236491
392 0.00047869542676802046
434 0.00032731777168967243
451 0.0006007160688395344
499 0.0005648761188866944
515 0.00043897349683716435
530 0.0002736737953600468
575 0.00047869542676802046
602 0.0004955391650005044
650 0.002861926715115783
651 0.0020430611427801203
658 0.00453022268320826
672 0.0005182941691667408
744 0.0005544595315855724
816 0.0004852300340911263
865 0.0004520992678889995
1143 0.0008384895369568529
1193 0.001061908533927591
1477 0.0010989713913451932
1734 0.0012757885359843703
1765 0.00612918342834036
1891 0.0007230035022084448
2140 0.006342311756491564
2532 0.000685825303055794
3285 0.0009060445366416521
3454 0.000953975571705261
3789 0.0010215305713900601
4165 0.0009060445366416521
4835 0.010493731288757871
5207 0.0009060445366416521
5310 0.0010215305713900601
5424 0.00306459171417018
5868 0.0034110498184154047
5869 0.0022740332122769364
5870 0.0011370166061384682
5871 0.0056850830306923415