6 0.0001812981754032979
10 0.000010463329096806138
15 0.000055337193439289376
23 0.0001917778078759736
24 0.00012749924599488326
25 0.00019657103084362587
26 0.000018360514340706863
27 0.00001995165315167076
28 0.00002388195174072963
29 0.000010672856571901583
31 0.000016570580131739694
34 0.00005968492932446962
45 0.000011692308997607148
46 0.0009819533150690174
48 0.00028258006022830796
50 0.00009059173042602328
59 0.000019386550334133513
60 0.000038773100668267026
75 0.0006179807965568429
80 0.0003393671988105698
81 0.00033390404938987825
92 0.00036481917391093806
97 0.0000602039675312256
102 0.0003910424617735554
103 0.00008541133970179466
119 0.0001544851386881615
124 0.0006842981779500422
134 0.0004048323475035409
139 0.00037438902313615557
140 0.0002005952689646678
143 0.0002681502686494669
169 0.0002663490497050791
171 0.0004176750344063272
172 0.00023913727761189357
214 0.0004954467145424086
259 0.0003407614423411458
265 0.00024220853747341272
302 0.0007672726067957501
307 0.0003818350844534872
361 0.0004605016093796513
372 0.0003553858360236491
391 0.0004605016093796513
417 0.0003600357507382571
434 0.0006546355433793449
436 0.0012292167457893823
437 0.00043897349683716435
454 0.001150908910193625
496 0.0003493811814946261
502 0.0007709345372720537
530 0.0002736737953600468
554 0.0003600357507382571
623 0.0004605016093796513
667 0.0006750724671448359
672 0.0020731766766669633
697 0.0005878935028388465
717 0.0007709345372720537
737 0.0008688663374890013
752 0.001994915191263014
933 0.0005224082332437771
1047 0.004916866983157529
1264 0.0012150349349200735
1268 0.0008128063180586093
1317 0.0005544595315855724
1330 0.0008128063180586093
1451 0.0006146083728946911
1666 0.0008688663374890013
1781 0.000790558501893244
1869 0.0014193349925296732
1872 0.0017377326749780026
2060 0.0008688663374890013
2797 0.0010215305713900601
4930 0.000953975571705261
5882 0.0056850830306923415
5883 0.013644199273661619
5884 0.0011370166061384682
5885 0.0011370166061384682
5886 0.0011370166061384682
5887 0.0011370166061384682
5888 0.0056850830306923415