2 0.0014528375680784495
5 0.0004051941922693857
6 0.0000679868157762367
8 0.0006907477305171405
10 0.000020926658193612276
15 0.00016601158031786812
17 0.00024376566216822076
20 0.00014256349717722765
25 0.00004914275771090647
26 0.000009180257170353432
27 0.000013301102101113839
28 0.00002388195174072963
29 0.000010672856571901583
30 0.00008005552081252168
31 0.000022094106842319594
34 0.00023873971729787848
42 0.00029780424319051263
45 0.000011692308997607148
47 0.0002708891434150717
48 0.00028258006022830796
50 0.00009059173042602328
52 0.00023612160922741876
54 0.0004816331788956449
59 0.000012924366889422343
60 0.000012924366889422343
71 0.0009976974005702023
76 0.00047524524109474617
79 0.0017279629323841779
82 0.0004991223381462831
91 0.00023463399997311992
97 0.0001204079350624512
98 0.0005977793231091805
103 0.000256234019105384
114 0.0005941814615164285
117 0.00038545720818497763
119 0.00046345541606448445
130 0.0007361723269582895
134 0.0008096646950070818
159 0.0002817353899173489
161 0.00032348746208875627
165 0.004224152676323815
167 0.0009555408785273412
172 0.0011956863880594679
179 0.0005027842686225869
202 0.0006156747509571849
203 0.0003136839799123262
221 0.003681161672473272
247 0.0003148783300420517
248 0.0007230035022084448
249 0.0012757885359843703
250 0.001175787005677693
265 0.00024220853747341272
266 0.0003010819448897304
300 0.00030262299481361246
301 0.0005035547120964008
314 0.005171522413697629
326 0.0005399624677752377
360 0.001061908533927591
363 0.0006649717304210047
380 0.0004755217854866652
392 0.00047869542676802046
393 0.0024096534799389873
410 0.0008688663374890013
412 0.000953975571705261
449 0.00042680669660142797
455 0.000466348213813385
475 0.0002526001287307366
490 0.001694628356660083
669 0.01128944776881214
671 0.0003910424617735554
681 0.000570339268307386
691 0.00038363630339787504
808 0.001140678536614772
849 0.000685825303055794
930 0.0005648761188866944
948 0.0008688663374890013
953 0.002743301212223176
1111 0.0007375005660187797
1234 0.007546405832611676
1269 0.0006007160688395344
1328 0.0006973202833102012
1367 0.00226014090822178
1368 0.000953975571705261
1369 0.011236836285290661
1370 0.01819226569821549
1371 0.01819226569821549
1372 0.010233149455246214
1373 0.0008688663374890013
1374 0.0008688663374890013
1375 0.0008688663374890013
1376 0.0011370166061384682
1377 0.0008128063180586093
1378 0.0009060445366416521
1379 0.0011370166061384682
1380 0.0007709345372720537
1381 0.0011370166061384682
1382 0.02046629891049243
1383 0.0011370166061384682
1384 0.0011370166061384682
1385 0.0011370166061384682
1386 0.0011370166061384682
1387 0.017377326749780028
1388 0.000953975571705261
1389 0.004086122285560241
1390 0.0008384895369568529
1391 0.004344331687445007
1392 0.004769877858526305
1393 0.0005878935028388465
1394 0.0022740332122769364
1395 0.0008128063180586093
1396 0.0020430611427801203
1397 0.0006750724671448359
1398 0.0011370166061384682
1399 0.0011370166061384682
1400 0.001907951143410522
1401 0.0010215305713900601