0 0.00010360515709016387
6 0.0000679868157762367
8 0.0006907477305171405
10 0.000020926658193612276
15 0.00011067438687857875
18 0.0003172930263603734
20 0.0002851269943544553
25 0.00014742827313271942
26 0.00002295064292588358
27 0.00001995165315167076
28 0.000014329171044437778
29 0.000016009284857852372
31 0.000027617633552899494
34 0.00017905478797340885
36 0.00034879085198948
45 0.000011692308997607148
46 0.00032731777168967243
47 0.0002708891434150717
48 0.00014129003011415398
49 0.0002231883932943071
50 0.00009059173042602328
59 0.000012924366889422343
60 0.00005169746755768937
67 0.0013975247259785043
68 0.00443088947860166
76 0.00023762262054737309
81 0.00033390404938987825
95 0.00006846296449112447
96 0.00007121693016110292
97 0.0000602039675312256
100 0.00014427673725646523
103 0.00034164535880717864
122 0.0006156747509571849
124 0.0006842981779500422
132 0.00019350436353001335
133 0.00032475447298266157
134 0.00020241617375177045
139 0.0002495926820907704
144 0.0006259011852042593
164 0.00033123821444378676
168 0.00009828551542181294
169 0.0002663490497050791
180 0.0005052002574614732
195 0.00021509233277500263
201 0.0007565800661254732
213 0.00036481917391093806
214 0.0002477233572712043
223 0.0005052002574614732
264 0.001140678536614772
300 0.00045393449222041863
301 0.0005035547120964008
307 0.0003818350844534872
362 0.0005999643949339585
419 0.0007533803027405932
437 0.00043897349683716435
454 0.0007672726067957501
475 0.0007578003861922098
499 0.0005648761188866944
625 0.0006378942679921852
691 0.00038363630339787504
725 0.000685825303055794
829 0.0006220145312703716
833 0.006584870454785525
1029 0.0008128063180586093
1132 0.00044410039764801966
1263 0.006075174674600368
1501 0.0007230035022084448
1684 0.000953975571705261
1767 0.0007096674962648366
1785 0.0005648761188866944
1836 0.0006750724671448359
2244 0.0015418690745441074
2671 0.0010215305713900601
2830 0.0009060445366416521
3237 0.0009060445366416521
4319 0.000953975571705261
4996 0.0010215305713900601
5866 0.0010215305713900601
5906 0.0010215305713900601
5907 0.0011370166061384682
5908 0.0011370166061384682
5909 0.0011370166061384682
5910 0.0011370166061384682
5911 0.0011370166061384682