6 0.00004532454385082448
8 0.000460498487011427
10 0.000010463329096806138
13 0.0003124981305672972
15 0.000055337193439289376
24 0.00012749924599488326
25 0.00004914275771090647
26 0.000018360514340706863
27 0.0000332527552527846
28 0.000014329171044437778
29 0.000016009284857852372
30 0.00008005552081252168
31 0.000022094106842319594
34 0.00011936985864893924
45 0.000011692308997607148
50 0.00018118346085204656
59 0.000019386550334133513
60 0.000038773100668267026
74 0.0001314382268441069
89 0.00033798452589909114
90 0.0003600357507382571
100 0.00014427673725646523
119 0.0001544851386881615
122 0.0006156747509571849
125 0.00019006896079713502
140 0.002206547958611346
143 0.0005363005372989338
144 0.00041726745680283956
151 0.0003393671988105698
159 0.0009860738647107213
164 0.0006624764288875735
168 0.00004914275771090647
172 0.00023913727761189357
185 0.0004677902934924359
195 0.00043018466555000526
201 0.0003782900330627366
214 0.0009908934290848172
266 0.0006021638897794608
275 0.0013299434608420094
277 0.0005494856956725966
300 0.00015131149740680623
301 0.0002517773560482004
331 0.0003136839799123262
339 0.0056139468673516765
345 0.0006649717304210047
391 0.0004605016093796513
475 0.0002526001287307366
499 0.0005648761188866944
517 0.006613704553266138
585 0.0003987932141285859
654 0.00038729823387417876
707 0.0014750011320375594
713 0.0011089190631711448
719 0.0005544595315855724
828 0.0008688663374890013
892 0.0005595864323964277
1037 0.000790558501893244
1066 0.00048193069598779744
1108 0.0013108970050472915
1243 0.0005878935028388465
1266 0.000629765283625402
1520 0.000570339268307386
1693 0.0010215305713900601
1861 0.0008688663374890013
1884 0.000790558501893244
1906 0.0058694267586979695
2478 0.0005941814615164285
2651 0.000790558501893244
2850 0.0008128063180586093
2866 0.000953975571705261
3596 0.0018120890732833041
3633 0.0010215305713900601
3674 0.0008688663374890013
4311 0.0010215305713900601
4483 0.002861926715115783
4568 0.0010215305713900601
5207 0.0009060445366416521
5906 0.0020430611427801203
5912 0.0011370166061384682
5913 0.0011370166061384682
5914 0.0011370166061384682
5915 0.0011370166061384682
5916 0.0011370166061384682
5917 0.0011370166061384682
5918 0.015918232485938554
5919 0.0011370166061384682
5920 0.0011370166061384682
5921 0.0011370166061384682
5922 0.0011370166061384682
5923 0.0011370166061384682
5924 0.0011370166061384682
5925 0.0011370166061384682