6 0.0000679868157762367
15 0.000055337193439289376
23 0.0001917778078759736
24 0.000509996983979533
25 0.00014742827313271942
26 0.000013770385755530148
27 0.000013301102101113839
28 0.000009552780696291852
29 0.000010672856571901583
30 0.00008005552081252168
31 0.000016570580131739694
45 0.00000876923174820536
46 0.0006546355433793449
47 0.0002708891434150717
48 0.00014129003011415398
49 0.0002231883932943071
50 0.00009059173042602328
59 0.000025848733778844687
60 0.000025848733778844687
76 0.00023762262054737309
85 0.0007375005660187797
100 0.00014427673725646523
110 0.0007200715014765141
117 0.001156371624554933
125 0.00019006896079713502
129 0.0004724074680904385
135 0.0005446560494091424
140 0.0004011905379293356
153 0.00022952953988283507
161 0.00032348746208875627
168 0.00004914275771090647
174 0.001233421281249664
195 0.00021509233277500263
200 0.0002833071793801778
213 0.00036481917391093806
217 0.0004477623281243235
252 0.00021183173694126436
262 0.0003464581042452242
280 0.000953975571705261
286 0.0006973202833102012
300 0.00015131149740680623
342 0.0004885960299787504
374 0.0006220145312703716
503 0.000790558501893244
515 0.00043897349683716435
530 0.0002736737953600468
555 0.0020615125643905327
594 0.0005818342485617932
649 0.002861926715115783
672 0.0005182941691667408
949 0.0007096674962648366
950 0.0010707949874704638
1068 0.0005103588061228796
1158 0.0007533803027405932
1243 0.0005878935028388465
1330 0.0008128063180586093
1349 0.0006649717304210047
1395 0.0008128063180586093
1413 0.0010215305713900601
1825 0.0007709345372720537
2215 0.0009060445366416521
2346 0.0006464403017122036
2475 0.0014193349925296732
2506 0.0010215305713900601
2780 0.000790558501893244
2987 0.0018120890732833041
4569 0.0010215305713900601
5807 0.0010215305713900601
5926 0.0011370166061384682
5927 0.0011370166061384682
5928 0.0011370166061384682
5929 0.0011370166061384682
5930 0.0011370166061384682
5931 0.0011370166061384682