0 0.00010360515709016387
2 0.0007264187840392248
4 0.001603154323389862
5 0.0001350647307564619
6 0.00009064908770164895
7 0.001061592787862714
8 0.001381495461034281
9 0.00528534688953037
10 0.00006277997458083683
11 0.0017764015905920786
13 0.0006249962611345944
15 0.0002213487737571575
17 0.00024376566216822076
23 0.0007671112315038944
24 0.0007649954759692994
25 0.0004914275771090648
26 0.000018360514340706863
27 0.0000332527552527846
28 0.00002388195174072963
29 0.00002668214142975396
31 0.00003314116026347939
34 0.00011936985864893924
36 0.00052318627798422
37 0.002791552498900101
45 0.000005846154498803574
47 0.0002708891434150717
50 0.00018118346085204656
56 0.0006871708547968443
59 0.000006462183444711172
60 0.000012924366889422343
65 0.00279808928288031
81 0.00033390404938987825
90 0.0003600357507382571
97 0.00036122380518735357
101 0.0005353974937352319
102 0.0003910424617735554
116 0.0010707949874704638
119 0.000308970277376323
122 0.00030783737547859243
123 0.0017455027456853792
124 0.00022809939265001406
132 0.00019350436353001335
144 0.00041726745680283956
158 0.001882726989816103
159 0.0002817353899173489
162 0.0003800531302520963
163 0.001199928789867917
168 0.00009828551542181294
172 0.00023913727761189357
176 0.0004576534865273853
186 0.0032553775879629516
195 0.00021509233277500263
222 0.0003748188423091808
233 0.00038915983010845493
235 0.000244549715989849
251 0.0003066922772966927
265 0.00024220853747341272
269 0.0007230035022084448
271 0.0008830344552307394
278 0.0004991223381462831
304 0.0014215433440945965
306 0.00640127176537475
325 0.0008779469936743287
328 0.0003260311928669616
360 0.001061908533927591
372 0.0007107716720472983
385 0.0005182941691667408
398 0.0003632093920196124
416 0.0006987623629892522
435 0.0008882007952960393
442 0.0010944575217328141
515 0.00043897349683716435
517 0.006613704553266138
554 0.0003600357507382571
555 0.0006871708547968443
619 0.0005446560494091424
639 0.00045485323355897795
654 0.0011618947016225362
691 0.00038363630339787504
700 0.0003910424617735554
729 0.0006075174674600367
795 0.0010707949874704638
848 0.0005446560494091424
865 0.0013562978036669984
899 0.0006973202833102012
906 0.000570339268307386
1031 0.0013108970050472915
1065 0.0004415172276153697
1193 0.001061908533927591
1211 0.0009060445366416521
1238 0.000790558501893244
1283 0.0015798793854948881
1325 0.0033267571895134345
1477 0.0010989713913451932
1922 0.0006464403017122036
2015 0.0016256126361172186
2179 0.0009060445366416521
2290 0.0008688663374890013
2732 0.000953975571705261
2733 0.0010215305713900601
2734 0.000953975571705261
3009 0.0010215305713900601
3050 0.000953975571705261
4386 0.011236836285290661
5214 0.0010215305713900601
5353 0.0010215305713900601
5593 0.0010215305713900601
5932 0.0011370166061384682
5933 0.0011370166061384682
5934 0.0011370166061384682
5935 0.0011370166061384682
5936 0.0011370166061384682