0 0.0003108154712704916
1 0.0010989713913451932
3 0.00044939008413828627
5 0.0001350647307564619
6 0.00009064908770164895
7 0.0014154570504836188
9 0.004228277511624296
10 0.00004185331638722455
11 0.00044410039764801966
13 0.0024999850445383775
15 0.00011067438687857875
23 0.0001917778078759736
25 0.00004914275771090647
26 0.00002295064292588358
27 0.000013301102101113839
28 0.000009552780696291852
29 0.000010672856571901583
30 0.00008005552081252168
31 0.000022094106842319594
34 0.00017905478797340885
36 0.00017439542599474
37 0.0003987932141285859
38 0.0004576534865273853
39 0.0008688663374890013
40 0.0008688663374890013
41 0.00018725926302105958
45 0.000014615386247008935
49 0.0002231883932943071
50 0.00004529586521301164
54 0.00032108878593043
59 0.000025848733778844687
60 0.00005169746755768937
72 0.0003697439993427182
76 0.00023762262054737309
100 0.00014427673725646523
132 0.00058051309059004
138 0.0005999643949339585
140 0.0002005952689646678
144 0.0010431686420070989
159 0.0002817353899173489
160 0.0017558939873486574
168 0.00004914275771090647
175 0.00028530254609905744
202 0.00030783737547859243
213 0.00036481917391093806
247 0.0006297566600841033
276 0.0007394879986854364
328 0.0003260311928669616
331 0.0006273679598246524
343 0.005207995931090262
497 0.00044672424919219483
512 0.00044672424919219483
519 0.0008443566240902016
544 0.0005353974937352319
585 0.0003987932141285859
589 0.0015273403378139488
613 0.0004176750344063272
687 0.0005065284965219635
701 0.000570339268307386
767 0.00040692219849536895
775 0.00036481917391093806
776 0.001246404696646162
816 0.0014556901022733787
4070 0.00612918342834036