0 0.00010360515709016387
5 0.0004051941922693857
10 0.000010463329096806138
15 0.000055337193439289376
17 0.0012188283108411039
18 0.0006345860527207468
24 0.0002549984919897665
25 0.00004914275771090647
26 0.00002295064292588358
27 0.000013301102101113839
28 0.000009552780696291852
29 0.000010672856571901583
30 0.00008005552081252168
31 0.0000055235267105798985
34 0.00011936985864893924
43 0.0001247963410453852
45 0.00001753846349641072
48 0.00014129003011415398
50 0.00004529586521301164
52 0.0014167296553645125
53 0.0008743084912408826
54 0.000160544392965215
57 0.0003603367151728103
59 0.000012924366889422343
60 0.000025848733778844687
90 0.0003600357507382571
93 0.000460498487011427
97 0.0000602039675312256
121 0.0006393849844536105
125 0.00038013792159427004
133 0.00032475447298266157
136 0.0008869631770044397
140 0.0004011905379293356
160 0.0008779469936743287
162 0.0007601062605041926
168 0.00009828551542181294
169 0.0002663490497050791
195 0.00021509233277500263
200 0.0002833071793801778
214 0.002724956929983247
221 0.0004090179636081414
222 0.0003748188423091808
247 0.0018892699802523102
252 0.001270990421647586
262 0.0020787486254713453
276 0.0007394879986854364
297 0.0008987801682765725
298 0.0009982446762925661
299 0.0016049099217695557
300 0.0007565574870340312
301 0.0010071094241928015
309 0.004213011694653036
333 0.0015418690745441074
470 0.00044672424919219483
613 0.0004176750344063272
776 0.002492809393292324
840 0.0005027842686225869
930 0.0005648761188866944
933 0.0005224082332437771
949 0.003548337481324183
1020 0.0008128063180586093
1031 0.0013108970050472915
1868 0.0006075174674600367
2510 0.0010215305713900601
2892 0.0016256126361172186
4602 0.009557529712379014
5529 0.0010215305713900601
5675 0.0010215305713900601
5937 0.0022740332122769364
5938 0.0011370166061384682
5939 0.0022740332122769364
5940 0.0011370166061384682
5941 0.0011370166061384682
5942 0.0011370166061384682
5943 0.0011370166061384682
5944 0.0011370166061384682
5945 0.0011370166061384682
5946 0.0011370166061384682