0 0.00010360515709016387
5 0.0001350647307564619
10 0.00003138998729041841
14 0.00026456709550368824
15 0.00016601158031786812
20 0.00014256349717722765
23 0.0001917778078759736
25 0.00004914275771090647
26 0.000009180257170353432
27 0.000013301102101113839
28 0.000009552780696291852
29 0.000010672856571901583
31 0.000027617633552899494
32 0.0001446627800658901
45 0.000005846154498803574
50 0.00004529586521301164
59 0.000019386550334133513
60 0.000012924366889422343
95 0.00020538889347337336
96 0.00021365079048330874
121 0.000426256656302407
132 0.0003870087270600267
133 0.00032475447298266157
168 0.00004914275771090647
172 0.00047827455522378713
247 0.0012595133201682067
252 0.0004236634738825287
300 0.00030262299481361246
301 0.0005035547120964008
302 0.0007672726067957501
380 0.0009510435709733304
497 0.00044672424919219483
573 0.0009771920599575008
601 0.0008353500688126544
851 0.0009387005947386255
1562 0.0006220145312703716
1563 0.0006075174674600367
1580 0.0009060445366416521
1582 0.0008934484983843897
5947 0.0011370166061384682
5948 0.0011370166061384682
5949 0.0011370166061384682