5 0.0008103883845387714
6 0.0001812981754032979
7 0.001061592787862714
10 0.000020926658193612276
14 0.00026456709550368824
15 0.000442697547514315
17 0.00024376566216822076
20 0.00014256349717722765
25 0.00009828551542181294
26 0.000009180257170353432
27 0.0000332527552527846
28 0.000019105561392583703
29 0.000016009284857852372
30 0.00016011104162504336
31 0.00003314116026347939
32 0.0001446627800658901
34 0.00005968492932446962
42 0.00029780424319051263
43 0.0002495926820907704
44 0.00015086301495667102
45 0.000005846154498803574
48 0.00014129003011415398
50 0.00018118346085204656
54 0.00128435514372172
59 0.000006462183444711172
60 0.000012924366889422343
74 0.0001314382268441069
75 0.00030899039827842145
76 0.00023762262054737309
81 0.001335616197559513
87 0.0011042584904374343
91 0.00046926799994623984
93 0.0002302492435057135
94 0.0004885960299787504
95 0.00047924075143787115
96 0.0004985185111277203
97 0.0000602039675312256
100 0.0004328302117693956
103 0.00008541133970179466
108 0.0002542579645943101
109 0.0007636701689069744
119 0.0001544851386881615
121 0.000426256656302407
122 0.0009235121264357772
130 0.00036808616347914477
132 0.00058051309059004
134 0.00020241617375177045
139 0.0001247963410453852
144 0.00041726745680283956
145 0.0009982446762925661
158 0.0007530907959264412
159 0.0007043384747933724
165 0.005632203568431753
167 0.0003185136261757804
168 0.00004914275771090647
175 0.00028530254609905744
189 0.003328652498406656
194 0.000867999321848377
195 0.00021509233277500263
252 0.00021183173694126436
262 0.0003464581042452242
265 0.00024220853747341272
307 0.0003818350844534872
331 0.0003136839799123262
367 0.0017279629323841779
384 0.0009573908535360409
469 0.007710891135804759
475 0.0002526001287307366
496 0.0003493811814946261
512 0.00044672424919219483
563 0.0007709345372720537
589 0.006109361351255795
610 0.0005759876441280593
624 0.0009638613919755949
716 0.00045485323355897795
742 0.0008138443969907379
865 0.0004520992678889995
976 0.0014750011320375594
1142 0.0008056162688366655
1200 0.0011297522377733888
1317 0.0005544595315855724
1495 0.0019393209051366106
1571 0.0006378942679921852
1875 0.0007533803027405932
1930 0.0013946405666204024
2543 0.000629765283625402
3399 0.0010215305713900601
4213 0.000953975571705261
5950 0.0011370166061384682
5951 0.0011370166061384682