0 0.00010360515709016387
5 0.0001350647307564619
10 0.000010463329096806138
17 0.0004875313243364415
18 0.0003172930263603734
20 0.00014256349717722765
24 0.00012749924599488326
25 0.00014742827313271942
26 0.000009180257170353432
27 0.000013301102101113839
28 0.000009552780696291852
29 0.000010672856571901583
30 0.00008005552081252168
31 0.000011047053421159797
32 0.00021699417009883517
33 0.0038041742838933216
41 0.00018725926302105958
45 0.000005846154498803574
46 0.0013092710867586897
47 0.0005417782868301434
48 0.00014129003011415398
49 0.0002231883932943071
50 0.00004529586521301164
52 0.0016528512645919312
53 0.0032057978012165695
54 0.00032108878593043
57 0.0003603367151728103
59 0.000012924366889422343
60 0.000012924366889422343
76 0.0009504904821894923
77 0.00043897349683716435
96 0.00007121693016110292
97 0.0000602039675312256
98 0.0014944483077729512
100 0.00014427673725646523
103 0.00008541133970179466
121 0.000852513312604814
122 0.0006156747509571849
134 0.00020241617375177045
143 0.0002681502686494669
144 0.0008345349136056791
151 0.0006787343976211396
159 0.00014086769495867446
160 0.001316920490511493
163 0.00029998219746697925
171 0.0004176750344063272
175 0.00028530254609905744
177 0.00044410039764801966
195 0.00043018466555000526
203 0.0003136839799123262
213 0.00036481917391093806
214 0.0019817868581696345
299 0.0006419639687078222
300 0.0010591804818476434
331 0.0006273679598246524
442 0.00036481917391093806
496 0.0003493811814946261
644 0.0005399624677752377
645 0.0005353974937352319
661 0.0006554485025236457
682 0.001581117003786488
833 0.003545699475653744
1031 0.0013108970050472915
1119 0.001259530567250804
1134 0.000790558501893244
1155 0.0007709345372720537
1325 0.0005544595315855724
5952 0.0011370166061384682
5953 0.0011370166061384682
5954 0.0011370166061384682