6 0.00009064908770164895
7 0.0003538642626209047
10 0.000010463329096806138
15 0.000055337193439289376
24 0.00012749924599488326
25 0.00009828551542181294
26 0.000009180257170353432
27 0.00003990330630334152
28 0.000014329171044437778
29 0.000016009284857852372
30 0.00008005552081252168
31 0.000016570580131739694
32 0.0001446627800658901
34 0.00005968492932446962
45 0.000005846154498803574
46 0.0013092710867586897
48 0.00014129003011415398
49 0.0002231883932943071
50 0.0001358875956390349
52 0.00023612160922741876
56 0.00034358542739842214
59 0.000012924366889422343
60 0.000012924366889422343
66 0.005667887552628618
67 0.0006987623629892522
69 0.005396400914589686
71 0.00033256580019006747
95 0.0005477037159289957
96 0.0006409523714499261
100 0.00014427673725646523
103 0.00017082267940358932
121 0.0006393849844536105
134 0.00020241617375177045
139 0.0001247963410453852
143 0.0002681502686494669
144 0.0012518023704085185
148 0.003553854942370244
156 0.0007709345372720537
163 0.00029998219746697925
172 0.00023913727761189357
175 0.00028530254609905744
299 0.0003209819843539111
301 0.000755332068144601
515 0.0008779469936743287
517 0.0023620373404521925
580 0.005406444619555809
582 0.007757283620546443
594 0.0017455027456853792
618 0.0004885960299787504
644 0.0005399624677752377
645 0.0005353974937352319
785 0.0013946405666204024
1495 0.0006464403017122036
1776 0.0016256126361172186
3442 0.011738853517395939
4147 0.0008128063180586093
5955 0.0022740332122769364
5956 0.0011370166061384682
5957 0.0011370166061384682
5958 0.0011370166061384682