1 0.0005494856956725966
3 0.00044939008413828627
6 0.00015863590347788565
8 0.000920996974022854
9 0.001057069377906074
10 0.00004185331638722455
11 0.0008882007952960393
14 0.00026456709550368824
15 0.00016601158031786812
17 0.0007312969865046622
18 0.0006345860527207468
20 0.00014256349717722765
24 0.00012749924599488326
26 0.000013770385755530148
27 0.0000066505510505569195
28 0.000014329171044437778
29 0.000016009284857852372
31 0.00003314116026347939
34 0.00017905478797340885
36 0.00034879085198948
45 0.00000876923174820536
49 0.0002231883932943071
57 0.001261178503104836
59 0.000012924366889422343
60 0.000012924366889422343
75 0.004943846372454743
76 0.00023762262054737309
90 0.0003600357507382571
93 0.0002302492435057135
96 0.00014243386032220583
97 0.0000602039675312256
119 0.000617940554752646
121 0.0002131283281512035
125 0.000570206882391405
133 0.00032475447298266157
139 0.0002495926820907704
140 0.0002005952689646678
144 0.0008345349136056791
146 0.0007296383478218761
148 0.00039487277137447156
149 0.0006146083728946911
158 0.0003765453979632206
162 0.0007601062605041926
163 0.00029998219746697925
168 0.00009828551542181294
172 0.0009565491104475743
173 0.0014193349925296732
174 0.0016445617083328853
180 0.0005052002574614732
190 0.0005494856956725966
194 0.0004339996609241885
217 0.00022388116406216174
222 0.0014992753692367232
252 0.0004236634738825287
262 0.0006929162084904484
265 0.00024220853747341272
300 0.00015131149740680623
307 0.0003818350844534872
343 0.002603997965545131
389 0.00045485323355897795
457 0.0006378942679921852
483 0.0015202125210083853
577 0.005171522413697629
589 0.0003818350844534872
700 0.0003910424617735554
702 0.02034510476193881
716 0.00045485323355897795
742 0.00040692219849536895
774 0.0005941814615164285
775 0.00036481917391093806
799 0.0007565800661254732
806 0.002848455389467582
820 0.000629765283625402
882 0.0024384189541758277
913 0.0004111404270832213
950 0.00856635989976371
966 0.0012928806034244072
973 0.007908265664413721
974 0.006466828531227312
975 0.0022178381263422897
976 0.0007375005660187797
985 0.0019543841199150015
1072 0.0011089190631711448
1104 0.001966345507570937
1142 0.00040280813441833274
1520 0.001140678536614772
1572 0.0016769790739137058
2440 0.000790558501893244
2577 0.0018120890732833041
2587 0.0009060445366416521
3212 0.0009060445366416521
3635 0.004769877858526305
4465 0.0010215305713900601
5135 0.0010215305713900601
5180 0.000953975571705261
5959 0.0011370166061384682
5960 0.0022740332122769364