0 0.0003108154712704916
6 0.00009064908770164895
10 0.00007324330367764296
15 0.0004980347409536044
20 0.0002851269943544553
24 0.0012749924599488325
25 0.00014742827313271942
26 0.000027540771511060296
27 0.000013301102101113839
28 0.000014329171044437778
29 0.000010672856571901583
30 0.00008005552081252168
31 0.000011047053421159797
34 0.0003581095759468177
36 0.00017439542599474
45 0.00003507692699282144
46 0.0019639066301380347
47 0.0010835565736602869
48 0.0015541903312556937
49 0.0006695651798829213
50 0.00004529586521301164
57 0.00018016835758640515
59 0.000012924366889422343
60 0.000025848733778844687
71 0.00033256580019006747
76 0.00023762262054737309
93 0.0002302492435057135
95 0.00006846296449112447
103 0.00034164535880717864
111 0.0004724074680904385
119 0.00046345541606448445
123 0.0005818342485617932
124 0.00045619878530002813
134 0.0006072485212553113
136 0.00029565439233481325
138 0.0005999643949339585
139 0.0001247963410453852
140 0.0002005952689646678
143 0.0002681502686494669
145 0.0004991223381462831
158 0.0003765453979632206
159 0.0005634707798346978
163 0.0005999643949339585
168 0.00004914275771090647
169 0.0002663490497050791
172 0.00023913727761189357
173 0.0007096674962648366
180 0.0002526001287307366
186 0.00040692219849536895
189 0.0014265653564599955
197 0.001140678536614772
203 0.0003136839799123262
215 0.0010893120988182848
235 0.0007336491479695469
247 0.0022041483102943618
265 0.0007266256124202381
293 0.0005065284965219635
305 0.0005648761188866944
306 0.00640127176537475
328 0.0003260311928669616
389 0.00045485323355897795
428 0.0007375005660187797
429 0.0004755217854866652
434 0.00032731777168967243
435 0.00044410039764801966
436 0.0006146083728946911
442 0.0036481917391093808
452 0.0005399624677752377
480 0.0015418690745441074
502 0.022357101580889556
530 0.0002736737953600468
568 0.0011191728647928555
589 0.0003818350844534872
610 0.0005759876441280593
611 0.001061908533927591
612 0.0013501449342896718
623 0.0013815048281389537
667 0.0013501449342896718
668 0.003565088769098571
669 0.004753451692131428
672 0.0005182941691667408
718 0.0005759876441280593
752 0.0006649717304210047
761 0.002861926715115783
767 0.00040692219849536895
813 0.000629765283625402
832 0.0006146083728946911
848 0.0010893120988182848
851 0.00046935029736931276
867 0.0020111370744903476
881 0.000629765283625402
897 0.0005494856956725966
898 0.0015083528058677605
900 0.001053252923663259
901 0.0005759876441280593
902 0.0005544595315855724
903 0.0011636684971235863
904 0.0006007160688395344
905 0.001175787005677693
906 0.001140678536614772
907 0.001175787005677693
908 0.0011636684971235863
909 0.001188362923032857
910 0.001140678536614772
911 0.0011519752882561186
913 0.0008222808541664426
914 0.0025154686108705584
960 0.000944814936180877
1065 0.0035321378209229575
1068 0.0010207176122457593
1069 0.0015872858470861511
1072 0.0005544595315855724
1208 0.0006649717304210047
1266 0.000629765283625402
1303 0.002861926715115783
1421 0.000790558501893244
1559 0.0006075174674600367
1571 0.0006378942679921852
1802 0.0008128063180586093
1816 0.0008384895369568529
1850 0.0058694267586979695
1863 0.003854672686360269
1970 0.0010215305713900601
2002 0.0006554485025236457
2313 0.0020919608499306037
2655 0.0008688663374890013
2735 0.0007375005660187797
2974 0.000953975571705261
3986 0.0010215305713900601
4631 0.000953975571705261
4683 0.0010215305713900601
4900 0.0009060445366416521
4901 0.0009060445366416521
5260 0.0018120890732833041
5961 0.0011370166061384682
5962 0.0011370166061384682
5963 0.0022740332122769364
5964 0.0034110498184154047
5965 0.0011370166061384682
5966 0.004548066424553873
5967 0.0011370166061384682
5968 0.0011370166061384682