0 0.0004144206283606555
6 0.00009064908770164895
8 0.0006907477305171405
10 0.00003138998729041841
15 0.000055337193439289376
17 0.0007312969865046622
25 0.00004914275771090647
26 0.00003213090009623701
27 0.000013301102101113839
28 0.000019105561392583703
29 0.000010672856571901583
31 0.000027617633552899494
34 0.00023873971729787848
45 0.000014615386247008935
50 0.00004529586521301164
57 0.00018016835758640515
59 0.000006462183444711172
60 0.000025848733778844687
76 0.0011881131027368654
93 0.000920996974022854
97 0.0002408158701249024
108 0.0007627738937829303
119 0.0009269108321289689
124 0.0006842981779500422
125 0.0007602758431885401
134 0.00020241617375177045
144 0.0022949710124156174
145 0.0009982446762925661
156 0.003083738149088215
168 0.00014742827313271942
171 0.0004176750344063272
172 0.0009565491104475743
180 0.0002526001287307366
185 0.0007016854402386539
186 0.0032553775879629516
190 0.0010989713913451932
252 0.0004236634738825287
255 0.0019130982208951485
265 0.0007266256124202381
271 0.0035321378209229575
300 0.0007565574870340312
311 0.0006759690517981823
328 0.0013041247714678465
350 0.0005353974937352319
362 0.0005999643949339585
372 0.0003553858360236491
435 0.00044410039764801966
479 0.0037785917017524122
483 0.0011401593907562888
499 0.0005648761188866944
538 0.0007462199904606845
551 0.0008128063180586093
613 0.0004176750344063272
700 0.0003910424617735554
736 0.000570339268307386
743 0.0003800531302520963
795 0.0021415899749409276
797 0.002377608927433326
913 0.0008222808541664426
966 0.003232201508561018
1008 0.005030937221741117
1046 0.0007709345372720537
1072 0.0011089190631711448
1132 0.00044410039764801966
1192 0.0022595044755467776
1287 0.0005595864323964277
1578 0.0016256126361172186
2023 0.0006220145312703716
2037 0.0006378942679921852
2239 0.0007709345372720537
2429 0.000953975571705261
2483 0.0007230035022084448
2628 0.0009060445366416521
4152 0.0009060445366416521
4692 0.0020430611427801203
4901 0.0009060445366416521
5420 0.0020430611427801203
5730 0.0010215305713900601
5969 0.0034110498184154047
5970 0.007959116242969277
5971 0.017055249092077025
5972 0.0022740332122769364
5973 0.0022740332122769364