0 0.00010360515709016387
6 0.0001812981754032979
7 0.0003538642626209047
10 0.000020926658193612276
15 0.0002766859671964469
17 0.001950125297345766
20 0.00014256349717722765
24 0.0002549984919897665
26 0.000018360514340706863
27 0.00003990330630334152
28 0.000014329171044437778
29 0.000010672856571901583
30 0.00008005552081252168
31 0.000011047053421159797
32 0.0002893255601317802
34 0.00023873971729787848
43 0.0002495926820907704
44 0.00030172602991334203
45 0.000014615386247008935
48 0.00028258006022830796
50 0.0001358875956390349
53 0.0005828723274939218
59 0.000019386550334133513
60 0.00006462183444711171
71 0.00033256580019006747
73 0.0004885960299787504
80 0.0023755703916739884
81 0.0023373283457291476
95 0.0008215555738934935
96 0.000783386231772132
97 0.00018061190259367678
103 0.000256234019105384
119 0.000308970277376323
132 0.00058051309059004
140 0.0006017858068940034
143 0.0002681502686494669
144 0.0018777035556127779
149 0.0006146083728946911
151 0.0003393671988105698
159 0.0004226030848760234
167 0.0006370272523515608
168 0.00019657103084362587
172 0.00047827455522378713
174 0.0008222808541664426
189 0.0004755217854866652
210 0.0005494856956725966
213 0.00036481917391093806
235 0.000244549715989849
251 0.0006133845545933855
252 0.00021183173694126436
265 0.00024220853747341272
276 0.0003697439993427182
311 0.00033798452589909114
372 0.0007107716720472983
443 0.000685825303055794
468 0.004876837908351655
481 0.000867999321848377
517 0.0004724074680904385
530 0.0002736737953600468
539 0.0005494856956725966
549 0.0005759876441280593
554 0.0003600357507382571
564 0.0008384895369568529
569 0.000685825303055794
589 0.0003818350844534872
590 0.0010207176122457593
671 0.0003910424617735554
730 0.0006554485025236457
751 0.0007533803027405932
778 0.0008128063180586093
823 0.0008688663374890013
824 0.0010215305713900601
832 0.0006146083728946911
865 0.0004520992678889995
882 0.0008128063180586093
933 0.0005224082332437771
966 0.0006464403017122036
1031 0.007209933527760103
1069 0.0003968214617715378
1071 0.0007533803027405932
1142 0.0008056162688366655
1258 0.000953975571705261
1259 0.000953975571705261
1295 0.00226014090822178
1337 0.0037477824561466225
1491 0.011304519417157079
1577 0.000685825303055794
1582 0.006254139488690727
1668 0.005436267219849912
2025 0.0008128063180586093
2036 0.000953975571705261
2764 0.0009060445366416521
2896 0.0009060445366416521
3033 0.01430142799946084
3155 0.0007533803027405932
3404 0.0009060445366416521
3566 0.0008384895369568529
3742 0.0016256126361172186
5417 0.0020430611427801203
5974 0.0034110498184154047
5975 0.0011370166061384682
5976 0.0011370166061384682
5977 0.006822099636830809
5978 0.0022740332122769364
5979 0.0011370166061384682
5980 0.0011370166061384682