0 0.0005180257854508194
5 0.0001350647307564619
6 0.00011331135962706119
10 0.000020926658193612276
14 0.00026456709550368824
15 0.00016601158031786812
20 0.00014256349717722765
24 0.00012749924599488326
26 0.00002295064292588358
27 0.00001995165315167076
28 0.000019105561392583703
29 0.000016009284857852372
31 0.00003314116026347939
32 0.00021699417009883517
34 0.0003581095759468177
43 0.0001247963410453852
44 0.00015086301495667102
45 0.00000876923174820536
50 0.00009059173042602328
59 0.000006462183444711172
60 0.000012924366889422343
71 0.00033256580019006747
72 0.0003697439993427182
73 0.0004885960299787504
79 0.0005759876441280593
80 0.0006787343976211396
87 0.0007361723269582895
91 0.0007039019999193597
92 0.00036481917391093806
95 0.00047924075143787115
96 0.0005697354412888233
97 0.0000602039675312256
103 0.000256234019105384
119 0.00046345541606448445
132 0.00019350436353001335
133 0.00032475447298266157
163 0.0005999643949339585
168 0.00014742827313271942
172 0.00047827455522378713
210 0.0005494856956725966
241 0.000466348213813385
251 0.0006133845545933855
252 0.0004236634738825287
361 0.0004605016093796513
437 0.00043897349683716435
443 0.000685825303055794
481 0.0004339996609241885
539 0.0010989713913451932
555 0.0006871708547968443
594 0.0029091712428089655
637 0.006707916295654823
754 0.0006973202833102012
767 0.00040692219849536895
782 0.006842159843974087
849 0.001371650606111588
913 0.0008222808541664426
921 0.0017279629323841779
1047 0.0036876502373681466
1048 0.004967672473853856
1058 0.0007096674962648366
1132 0.0008882007952960393
1264 0.0018225524023801102
1268 0.0008128063180586093
1273 0.002789281133240805
1284 0.0007230035022084448
1314 0.0005446560494091424
1441 0.0007375005660187797
1654 0.0008384895369568529
1724 0.0005878935028388465
1785 0.0005648761188866944
2161 0.0006378942679921852
2701 0.0010215305713900601
2897 0.0008688663374890013
3018 0.0009060445366416521
3742 0.0008128063180586093
5981 0.0011370166061384682
5982 0.0011370166061384682