0 0.00010360515709016387
6 0.0001359736315524734
10 0.00003138998729041841
15 0.00011067438687857875
17 0.00024376566216822076
20 0.00014256349717722765
24 0.0002549984919897665
26 0.000013770385755530148
27 0.0000066505510505569195
28 0.000019105561392583703
29 0.000016009284857852372
30 0.00016011104162504336
31 0.00005523526710579899
32 0.0002893255601317802
43 0.000623981705226926
45 0.00000876923174820536
59 0.000012924366889422343
60 0.000012924366889422343
95 0.0005477037159289957
96 0.0004985185111277203
97 0.0000602039675312256
119 0.000308970277376323
121 0.000426256656302407
140 0.0002005952689646678
168 0.00004914275771090647
172 0.00023913727761189357
180 0.0002526001287307366
213 0.00036481917391093806
234 0.00038363630339787504
246 0.0016198874033257126
252 0.00021183173694126436
265 0.00024220853747341272
300 0.00030262299481361246
301 0.0005035547120964008
516 0.0012757885359843703
525 0.0006220145312703716
573 0.0004885960299787504
913 0.0004111404270832213
966 0.0006464403017122036
1132 0.0013323011929440589
1295 0.0007533803027405932
1304 0.0005595864323964277
1562 0.0006220145312703716
1563 0.0006075174674600367
1565 0.0008128063180586093
1580 0.0009060445366416521
1582 0.0008934484983843897
1785 0.0005648761188866944
2775 0.007230035022084448
5983 0.004548066424553873
5984 0.0022740332122769364
5985 0.0011370166061384682
5986 0.0011370166061384682
5987 0.011370166061384683
5988 0.004548066424553873
5989 0.0011370166061384682
5990 0.0011370166061384682