6 0.00011331135962706119
10 0.00005231664548403069
24 0.00012749924599488326
25 0.00004914275771090647
26 0.000009180257170353432
27 0.00001995165315167076
28 0.000014329171044437778
29 0.000016009284857852372
30 0.00016011104162504336
31 0.00003314116026347939
32 0.0001446627800658901
34 0.00011936985864893924
43 0.0001247963410453852
44 0.00015086301495667102
45 0.000005846154498803574
48 0.00014129003011415398
50 0.00004529586521301164
59 0.000006462183444711172
60 0.000012924366889422343
74 0.0001314382268441069
76 0.00023762262054737309
91 0.00023463399997311992
95 0.00041077778694674673
96 0.00042730158096661747
97 0.0000602039675312256
103 0.00017082267940358932
121 0.0006393849844536105
122 0.0006156747509571849
124 0.00022809939265001406
125 0.00019006896079713502
140 0.0004011905379293356
144 0.0010431686420070989
153 0.00045905907976567014
158 0.0003765453979632206
159 0.00014086769495867446
163 0.00029998219746697925
168 0.00004914275771090647
179 0.0005027842686225869
217 0.0004477623281243235
235 0.000489099431979698
255 0.00023913727761189357
265 0.00024220853747341272
278 0.0004991223381462831
365 0.0005494856956725966
440 0.0013901978018369889
469 0.0014457920879633922
516 0.0006378942679921852
691 0.00038363630339787504
767 0.00040692219849536895
849 0.000685825303055794
1114 0.0007096674962648366
1304 0.0011191728647928555
1337 0.0010707949874704638
1892 0.0006649717304210047
2252 0.0007096674962648366