6 0.00015863590347788565
10 0.00005231664548403069
20 0.00014256349717722765
25 0.00004914275771090647
26 0.000009180257170353432
27 0.000026602204202227678
28 0.000019105561392583703
29 0.000021345713143803165
30 0.00016011104162504336
31 0.00003314116026347939
32 0.0001446627800658901
43 0.0001247963410453852
44 0.00015086301495667102
45 0.000005846154498803574
50 0.00009059173042602328
55 0.000904198535777999
57 0.00018016835758640515
59 0.000006462183444711172
60 0.000012924366889422343
74 0.0001314382268441069
95 0.0006161666804201201
96 0.0006409523714499261
97 0.00018061190259367678
100 0.00028855347451293045
103 0.00008541133970179466
108 0.0002542579645943101
109 0.0011455052533604615
119 0.0001544851386881615
122 0.00030783737547859243
134 0.00020241617375177045
138 0.0005999643949339585
158 0.0011296361938896618
164 0.00033123821444378676
167 0.0035036498879335845
168 0.00009828551542181294
185 0.00023389514674621796
195 0.00021509233277500263
214 0.0007431700718136128
233 0.002724118810759184
235 0.0029345965918781878
483 0.0003800531302520963
529 0.00044939008413828627
623 0.0004605016093796513
767 0.00040692219849536895
982 0.007642615536905004
1124 0.0007230035022084448
1997 0.0007096674962648366
2107 0.0009060445366416521
2293 0.0016769790739137058
3404 0.0009060445366416521
4448 0.0008688663374890013
5991 0.0011370166061384682
5992 0.0011370166061384682
5993 0.0022740332122769364
5994 0.0011370166061384682
5995 0.004548066424553873
5996 0.0011370166061384682
5997 0.014781215879800086
5998 0.0011370166061384682
5999 0.0011370166061384682