6 0.00002266227192541224
8 0.0002302492435057135
10 0.000010463329096806138
14 0.00026456709550368824
15 0.0002213487737571575
18 0.0003172930263603734
20 0.0005702539887089106
23 0.0003835556157519472
26 0.000004590128585176716
27 0.0000066505510505569195
30 0.00008005552081252168
31 0.000016570580131739694
32 0.00021699417009883517
34 0.0002984246466223481
36 0.00017439542599474
43 0.00037438902313615557
45 0.000002923077249401787
59 0.000006462183444711172
60 0.000012924366889422343
69 0.0050109437064047085
87 0.00036808616347914477
89 0.00033798452589909114
90 0.0007200715014765141
95 0.0005477037159289957
96 0.00042730158096661747
103 0.00017082267940358932
114 0.0005941814615164285
116 0.0005353974937352319
140 0.0002005952689646678
159 0.0002817353899173489
167 0.0003185136261757804
185 0.00023389514674621796
186 0.0008138443969907379
200 0.0002833071793801778
201 0.0007565800661254732
212 0.001259530567250804
213 0.0007296383478218761
222 0.0014992753692367232
233 0.00038915983010845493
235 0.000244549715989849
255 0.0014348236656713614
302 0.0015345452135915002
306 0.0003765453979632206
325 0.00043897349683716435
328 0.0003260311928669616
331 0.0006273679598246524
342 0.002442980149893752
398 0.0003632093920196124
429 0.0004755217854866652
446 0.0004176750344063272
452 0.0005399624677752377
475 0.0005052002574614732
544 0.0005353974937352319
618 0.0009771920599575008
624 0.0014457920879633922
712 0.0006464403017122036
865 0.000904198535777999
867 0.0010055685372451738
914 0.0016769790739137058
1027 0.004338021013250669
1044 0.001694628356660083
1062 0.001694628356660083
1065 0.0017660689104614788
1242 0.0005648761188866944
1337 0.0005353974937352319
1428 0.008229903636669528
1429 0.0007096674962648366
1430 0.0010215305713900601
1431 0.0057840280176675585
1432 0.00612918342834036
1433 0.0023716755056797318
1434 0.0010215305713900601
1435 0.0015418690745441074
1436 0.0017377326749780026