0 0.00020721031418032774
6 0.0000679868157762367
10 0.000020926658193612276
14 0.00026456709550368824
20 0.00014256349717722765
23 0.0001917778078759736
24 0.00012749924599488326
25 0.00004914275771090647
26 0.000009180257170353432
27 0.0000066505510505569195
28 0.000009552780696291852
29 0.000010672856571901583
30 0.00008005552081252168
31 0.000027617633552899494
32 0.0001446627800658901
34 0.00005968492932446962
43 0.0001247963410453852
44 0.00015086301495667102
45 0.000005846154498803574
47 0.0002708891434150717
59 0.000006462183444711172
60 0.000012924366889422343
74 0.0001314382268441069
95 0.00027385185796449787
96 0.00028486772064441167
102 0.0003910424617735554
103 0.00008541133970179466
121 0.0006393849844536105
140 0.0002005952689646678
144 0.0008345349136056791
146 0.00036481917391093806
219 0.0003616150149759352
235 0.000244549715989849
259 0.0003407614423411458
437 0.00043897349683716435
439 0.0005266264618316295
440 0.0009267985345579925
512 0.0008934484983843897
573 0.0004885960299787504
682 0.0023716755056797318
1050 0.0010215305713900601
6000 0.0022740332122769364
6001 0.0011370166061384682