6 0.0001812981754032979
10 0.00005231664548403069
14 0.00026456709550368824
15 0.0002213487737571575
17 0.00024376566216822076
20 0.00014256349717722765
23 0.0001917778078759736
25 0.00004914275771090647
26 0.000013770385755530148
27 0.00001995165315167076
28 0.000014329171044437778
29 0.000021345713143803165
30 0.00008005552081252168
31 0.000011047053421159797
32 0.0001446627800658901
34 0.00005968492932446962
41 0.00018725926302105958
43 0.0001247963410453852
44 0.00015086301495667102
45 0.000005846154498803574
50 0.00009059173042602328
59 0.000006462183444711172
60 0.000012924366889422343
74 0.0001314382268441069
95 0.00041077778694674673
96 0.00042730158096661747
97 0.0001204079350624512
103 0.00008541133970179466
117 0.0007709144163699553
121 0.000426256656302407
123 0.0005818342485617932
132 0.00019350436353001335
134 0.00020241617375177045
140 0.0006017858068940034
153 0.0006885886196485052
169 0.0002663490497050791
195 0.00021509233277500263
214 0.0002477233572712043
219 0.0003616150149759352
234 0.0007672726067957501
259 0.0003407614423411458
265 0.00024220853747341272
276 0.0007394879986854364
345 0.0006649717304210047
350 0.0005353974937352319
368 0.0005494856956725966
369 0.0005544595315855724
416 0.0003493811814946261
430 0.00033256580019006747
446 0.0016707001376253087
455 0.000466348213813385
481 0.0004339996609241885
482 0.00040280813441833274
658 0.005436267219849912
672 0.0005182941691667408
687 0.0005065284965219635
688 0.000953975571705261
734 0.0020111370744903476
742 0.00040692219849536895
775 0.00036481917391093806
834 0.0006378942679921852
868 0.0012440290625407432
976 0.0007375005660187797
1038 0.001531076418368639
1438 0.0006750724671448359
1439 0.006822099636830809
1440 0.0006464403017122036
1441 0.008112506226206576
1442 0.0007533803027405932
1443 0.0008688663374890013
1444 0.004548066424553873
1445 0.0017377326749780026
1446 0.0010215305713900601
1447 0.000953975571705261
1448 0.0011370166061384682
1449 0.0011370166061384682