6 0.00009064908770164895
10 0.000010463329096806138
15 0.00011067438687857875
26 0.000018360514340706863
27 0.000013301102101113839
28 0.000019105561392583703
29 0.000016009284857852372
31 0.000016570580131739694
34 0.00011936985864893924
45 0.000014615386247008935
48 0.00014129003011415398
50 0.00009059173042602328
54 0.0008027219648260749
59 0.000019386550334133513
60 0.000025848733778844687
103 0.00008541133970179466
109 0.0011455052533604615
119 0.00046345541606448445
121 0.0002131283281512035
125 0.00019006896079713502
132 0.00058051309059004
136 0.0008869631770044397
139 0.00037438902313615557
140 0.0004011905379293356
153 0.00022952953988283507
168 0.00004914275771090647
180 0.0002526001287307366
221 0.0008180359272162828
247 0.0009446349901261551
355 0.000685825303055794
372 0.0003553858360236491
393 0.0009638613919755949
429 0.0009510435709733304
469 0.004337376263890177
503 0.0023716755056797318
530 0.0002736737953600468
540 0.0005648761188866944
573 0.0004885960299787504
624 0.00048193069598779744
667 0.0006750724671448359
697 0.0017636805085165395
892 0.0005595864323964277
1240 0.00453022268320826
1333 0.0007096674962648366
1405 0.0008688663374890013
1412 0.0005648761188866944
1450 0.0011370166061384682
1451 0.0006146083728946911
1452 0.004548066424553873
1453 0.0010215305713900601
1454 0.0011370166061384682
1455 0.0010215305713900601
1456 0.0007709345372720537
1457 0.0010215305713900601
1458 0.0020430611427801203
1459 0.003162234007572976
1460 0.0010215305713900601
1461 0.0011370166061384682
1462 0.0007096674962648366
1463 0.0021690105066253344
1464 0.000953975571705261
1465 0.0011370166061384682
1466 0.0020430611427801203
1467 0.0011370166061384682
1468 0.0011370166061384682
1469 0.0011370166061384682
1470 0.0011370166061384682
1471 0.0011370166061384682
1472 0.0007096674962648366
1473 0.0011370166061384682