0 0.00010360515709016387
5 0.0002701294615129238
6 0.00009064908770164895
10 0.000010463329096806138
14 0.00026456709550368824
15 0.000055337193439289376
18 0.0009518790790811201
26 0.000013770385755530148
27 0.00001995165315167076
28 0.000019105561392583703
29 0.000010672856571901583
30 0.00008005552081252168
31 0.0000055235267105798985
32 0.00021699417009883517
34 0.00005968492932446962
36 0.00017439542599474
45 0.000014615386247008935
46 0.00032731777168967243
48 0.00028258006022830796
49 0.0002231883932943071
53 0.0008743084912408826
59 0.000025848733778844687
60 0.000012924366889422343
73 0.0004885960299787504
89 0.00033798452589909114
95 0.00027385185796449787
96 0.00028486772064441167
97 0.0001204079350624512
108 0.0007627738937829303
117 0.001156371624554933
133 0.00032475447298266157
136 0.00029565439233481325
139 0.0001247963410453852
160 0.0008779469936743287
170 0.0008779469936743287
190 0.0005494856956725966
200 0.0005666143587603556
273 0.0003697439993427182
299 0.0016049099217695557
434 0.0006546355433793449
496 0.004891336540924765
530 0.0002736737953600468
539 0.0005494856956725966
568 0.0005595864323964277
716 0.0013645597006769338
790 0.0006649717304210047
799 0.0018914501653136831
803 0.001907951143410522
806 0.002848455389467582
870 0.0006075174674600367
948 0.002606599012467004
959 0.0006075174674600367
1069 0.0011904643853146134
1337 0.0005353974937352319
1451 0.0006146083728946911
1474 0.009096132849107746
1475 0.004086122285560241
1476 0.0012292167457893823
1477 0.0032969141740355795
1478 0.0011370166061384682
1479 0.0011370166061384682
1480 0.0011370166061384682
1481 0.0011370166061384682
1482 0.0007709345372720537
1483 0.0007709345372720537
1484 0.0011370166061384682
1485 0.0011370166061384682
1486 0.0011370166061384682
1487 0.0011370166061384682
1488 0.0011370166061384682
1489 0.0011370166061384682
1490 0.0011370166061384682