0 0.00020721031418032774
2 0.0007264187840392248
5 0.0001350647307564619
6 0.00004532454385082448
7 0.0003538642626209047
10 0.000010463329096806138
16 0.0006220145312703716
26 0.000013770385755530148
27 0.0000066505510505569195
28 0.00002388195174072963
29 0.000010672856571901583
31 0.000011047053421159797
34 0.00011936985864893924
36 0.00017439542599474
41 0.00018725926302105958
45 0.000011692308997607148
47 0.0002708891434150717
54 0.000160544392965215
59 0.000012924366889422343
60 0.000012924366889422343
73 0.0004885960299787504
74 0.0001314382268441069
76 0.00023762262054737309
102 0.0003910424617735554
109 0.0034365157600813848
139 0.0001247963410453852
164 0.00033123821444378676
167 0.0003185136261757804
168 0.00004914275771090647
169 0.0002663490497050791
172 0.0009565491104475743
174 0.0004111404270832213
194 0.0004339996609241885
203 0.0003136839799123262
214 0.0002477233572712043
251 0.0003066922772966927
252 0.000635495210823793
262 0.0010393743127356727
266 0.0003010819448897304
273 0.0003697439993427182
274 0.000629765283625402
300 0.00015131149740680623
301 0.0002517773560482004
370 0.0004221783120451008
376 0.0008688663374890013
384 0.0014360862803040613
416 0.0003493811814946261
454 0.00038363630339787504
469 0.0038554455679023795
493 0.0011519752882561186
538 0.00037310999523034225
691 0.00038363630339787504
1194 0.0007230035022084448
1491 0.0013299434608420094
1492 0.0008688663374890013
1493 0.0011370166061384682
1494 0.000790558501893244
1495 0.0006464403017122036