5 0.0002701294615129238
10 0.00005231664548403069
14 0.00026456709550368824
15 0.000055337193439289376
17 0.00024376566216822076
20 0.00014256349717722765
24 0.00012749924599488326
26 0.000013770385755530148
27 0.0000066505510505569195
28 0.000019105561392583703
29 0.000016009284857852372
31 0.000027617633552899494
32 0.0003616569501647253
34 0.00005968492932446962
36 0.00034879085198948
41 0.00018725926302105958
43 0.0001247963410453852
44 0.00015086301495667102
45 0.000011692308997607148
57 0.0007206734303456206
59 0.000006462183444711172
60 0.000025848733778844687
89 0.00033798452589909114
90 0.0003600357507382571
97 0.0001204079350624512
101 0.0005353974937352319
102 0.0003910424617735554
103 0.00017082267940358932
111 0.0004724074680904385
119 0.000617940554752646
124 0.0006842981779500422
130 0.00036808616347914477
139 0.0007487780462723111
140 0.0002005952689646678
158 0.0011296361938896618
167 0.0019110817570546824
180 0.0002526001287307366
200 0.0002833071793801778
213 0.0010944575217328141
232 0.0005182941691667408
234 0.00038363630339787504
235 0.000244549715989849
304 0.0017769291801182456
307 0.0003818350844534872
313 0.0012757885359843703
331 0.0003136839799123262
389 0.0009097064671179559
416 0.0003493811814946261
434 0.00032731777168967243
439 0.0005266264618316295
455 0.000466348213813385
475 0.0007578003861922098
549 0.0005759876441280593
550 0.0012084244032549982
602 0.003964313320004035
623 0.0004605016093796513
671 0.0003910424617735554
691 0.0015345452135915002
714 0.0010055685372451738
717 0.0007709345372720537
718 0.0005759876441280593
729 0.0006075174674600367
741 0.0020252174014345073
808 0.0028516963415369297
853 0.0005494856956725966
872 0.003815902286821044
1110 0.000685825303055794
1130 0.0056896442264102644
1181 0.0036863852328214053
1208 0.0006649717304210047
1356 0.0005648761188866944
1378 0.0009060445366416521
1423 0.001907951143410522
1426 0.0047433510113594635
1496 0.004183921699861207
1497 0.010845052533126672
1498 0.013355658003873653
1499 0.0036241781465666083
1500 0.0057840280176675585
1501 0.0021690105066253344
1502 0.004548066424553873
1503 0.0022740332122769364
1504 0.0022740332122769364
1505 0.009096132849107746
1506 0.0011370166061384682
1507 0.0011370166061384682
1508 0.0011370166061384682
1509 0.0009060445366416521
1510 0.0007533803027405932
1511 0.000953975571705261
1512 0.0056850830306923415
1513 0.0006378942679921852
1514 0.0011370166061384682
1515 0.0011370166061384682
1516 0.0011370166061384682
1517 0.0011370166061384682
1518 0.0011370166061384682
1519 0.0011370166061384682
1520 0.000570339268307386