0 0.00012419781759445434
1 0.00009782275243664496
2 0.00011794730538676969
3 0.00042377080113265817
4 0.00036951756716372796
5 0.00013988916725104833
6 0.0001467383957865933
7 0.0001345454019413534
8 0.000230498281105941
9 0.0008321576562681452
10 0.015247009657169198
11 0.0016389135536082674
12 0.0010111556244492273
13 0.00002462222998715272
14 0.0005180488295811783
15 0.0005837649321194501
16 0.00014535302717131544
17 0.0009759887576465887
18 0.0013731495339787657
19 0.00036606883509663425
20 0.0003084151046592529
21 0.00035600678399941706
22 0.00089301987020153
23 0.0010111556244492273
24 0.002130817716836315
25 0.0022707068840873636
26 0.00021900961471874297
27 0.001239701031327776
28 0.00043261292225370724
29 0.0025902441479058918
30 0.003521745979068053
31 0.0014024607332345665
32 0.0010111556244492273
33 0.0003281012370525588
34 0.0002504529382292995
35 0.0006865747669893828
36 0.0003468757052649962
37 0.000725336677256366
38 0.000009174895847454548
39 0.000030876438915225156
40 0.000009174895847454548
41 0.00002462222998715272
42 0.0001918230925320273
43 0.000017009345439351656
44 0.0004976362107612556
45 0.00008241560098208883
46 0.00033462138640070967
47 0.00036652805156943435
48 0.00022854540687854879
49 0.0000679268829654962
50 0.001233934795826362
51 0.0001670110942886723
52 0.000044525744481152654
53 0.0014024607332345665
54 0.001233934795826362
55 0.0002246860951459229
56 0.00013988916725104833
57 0.0003527432244730031
58 0.00043059522159367926
59 0.00018748084659121254
60 0.0002756119639105608
61 0.00019112209487459625
62 0.0014024607332345665
63 0.0000022901098751499047
64 0.00007506333130309098
65 0.0002586331305440423
66 0.00019245982333411082
67 0.00042373099194239035
68 0.00041108279890300333
69 0.0015576813218245737
70 0.0019336550092709543
71 0.0004152389947112455