9 0.0010401970703351816
13 0.00004308890247751726
14 0.0005180488295811783
16 0.0002907060543426309
26 0.00021900961471874297
29 0.0010360976591623566
34 0.0002504529382292995
36 0.0001734378526324981
38 0.0000061165972316363655
39 0.000015438219457612578
40 0.000024466388926545462
41 0.00003693334498072908
42 0.0000639410308440091
43 0.00004252336359837915
45 0.00008241560098208883
46 0.00013384855456028387
47 0.00005236115022420491
51 0.0003340221885773446
52 0.000022262872240576327
55 0.0002246860951459229
56 0.00013988916725104833
57 0.0003527432244730031
61 0.00019112209487459625
63 0.0000045802197502998095
64 0.00015012666260618196
65 0.00012931656527202115
67 0.0002824873279615936
76 0.006130764597850912
84 0.000331048322034894
89 0.0001958367044818539
115 0.0004663684400884302
124 0.00016852593740820454
159 0.0003495228921729738
165 0.000725336677256366
179 0.0006622413221663868
180 0.0002952696582040436
183 0.0006297756298190679
197 0.0011351003118447
277 0.0005287351414110325
286 0.0028616462524047445
309 0.0009759887576465887
347 0.0020469334788856073
356 0.0007788406609122869
360 0.00036951756716372796
377 0.0014272344525833
380 0.0014024607332345665
381 0.00616967397913181
382 0.005609842932938266
383 0.0014024607332345665
384 0.025244293198222197
385 0.007012303666172833
386 0.0014024607332345665
387 0.002467869591652724
388 0.0014024607332345665
389 0.01479797255733345
390 0.0010654088584181574
391 0.0006741037496328182
392 0.0007788406609122869
393 0.0045404012473788
394 0.003370518748164091
395 0.003406060326131045
396 0.0023691869541634506
397 0.007734620037083817
398 0.0014024607332345665
399 0.0013994404268891842
400 0.009871478366610896
401 0.000619850515663888
402 0.014156178742289183
403 0.012772825075636362
404 0.007734620037083817
405 0.003196226575254472
406 0.0017364923017055933
407 0.0014024607332345665
408 0.0014024607332345665
409 0.0042073821997037
410 0.0010111556244492273
411 0.0005607588032834975
412 0.0014780702686549119
413 0.0014372589882279416
414 0.0014024607332345665
415 0.0010111556244492273
416 0.0006997202134445921
417 0.0014024607332345665
418 0.0042073821997037
419 0.0010654088584181574
420 0.002467869591652724
421 0.002804921466469133
422 0.0029004825139064315
423 0.0014024607332345665
424 0.003406060326131045
425 0.0014024607332345665
426 0.0014024607332345665
427 0.0008968829210099529
428 0.0009668275046354771
429 0.0022707068840873636
430 0.0008563033360375887
431 0.0006865747669893828
432 0.0014024607332345665
433 0.0010654088584181574
434 0.0014024607332345665
435 0.0017364923017055933
436 0.0014024607332345665