0 0.00012419781759445434
1 0.0002934682573099349
2 0.00011794730538676969
5 0.00013988916725104833
6 0.0001467383957865933
7 0.0001345454019413534
8 0.000230498281105941
13 0.00000615555749678818
17 0.003903955030586355
19 0.0007321376701932685
33 0.0003281012370525588
34 0.00008348431274309984
38 0.000009174895847454548
39 0.00002315732918641887
40 0.000012233194463272731
41 0.000030777787483940904
42 0.0000639410308440091
43 0.000008504672719675828
45 0.00008241560098208883
46 0.00033462138640070967
47 0.0002618057511210246
48 0.00022854540687854879
49 0.0001358537659309924
52 0.000044525744481152654
56 0.00013988916725104833
58 0.0006458928323905189
59 0.0003749616931824251
60 0.0002756119639105608
61 0.00019112209487459625
63 0.000009160439500599619
64 0.00007506333130309098
66 0.0005773794700023325
67 0.0001412436639807968
82 0.0005192514612211797
89 0.0003916734089637078
102 0.0008475416022653163
107 0.0003875355521269475
113 0.00026863163182146973
118 0.0005559679953851209
124 0.00016852593740820454
130 0.00038382354820504417
149 0.000640123214165967
171 0.0002134626471120881
177 0.000725336677256366
247 0.00056755015592235
255 0.000362668338628183
264 0.0014987227783292958
267 0.0005180488295811783
277 0.00017624504713701082
279 0.00089301987020153
288 0.0009124729869599541
375 0.00047159727675776246
403 0.0015966031344545452
411 0.00028037940164174876
445 0.0009327368801768604
452 0.0005755223958501378
486 0.0020991606403337765
493 0.00056755015592235
497 0.000362668338628183
555 0.001049065442815243
648 0.0020223112488984545
664 0.0012595512596381359
772 0.0010623885520727751
779 0.0005755223958501378
780 0.005960171899497481
782 0.000650930839395929
841 0.0006865747669893828
850 0.0006997202134445921
866 0.0008426296870410227
1077 0.004541413768174727
1100 0.0017937658420199057
1948 0.0014024607332345665
1949 0.0010654088584181574
1950 0.0014024607332345665