9 0.0010401970703351816
13 0.00000615555749678818
21 0.00035600678399941706
28 0.0008652258445074145
38 0.0000061165972316363655
39 0.00002315732918641887
40 0.000012233194463272731
41 0.00001846667249036454
42 0.0000639410308440091
43 0.000025514018159027487
44 0.0002488181053806278
45 0.00008241560098208883
46 0.00033462138640070967
47 0.00031416690134522947
49 0.0000679268829654962
52 0.000022262872240576327
55 0.0002246860951459229
56 0.00013988916725104833
57 0.0003527432244730031
61 0.00019112209487459625
63 0.0000045802197502998095
64 0.00007506333130309098
66 0.00019245982333411082
67 0.0001412436639807968
82 0.00025962573061058986
90 0.0006622413221663868
124 0.0003370518748164091
128 0.0007788406609122869
135 0.0007440483332583423
150 0.0019376777606347378
171 0.0002134626471120881
177 0.000362668338628183
221 0.0008682461508527967
229 0.0044844146050497646
260 0.0006741037496328182
267 0.00310829297748707
277 0.0005287351414110325
310 0.003512685060031907
333 0.0008426296870410227
348 0.0007283569836017483
412 0.0007390351343274559
468 0.00048799437882329435
543 0.0050984988852122385
546 0.0007608226759490672
552 0.0006297756298190679
650 0.0007608226759490672
663 0.0009668275046354771
666 0.0006011388596619117
667 0.0006997202134445921
927 0.0010654088584181574
1031 0.0008426296870410227
1084 0.0007983015672272726
1276 0.0006622413221663868
1417 0.004916740660824802
1913 0.0011353534420436818
1951 0.0014024607332345665
1952 0.002804921466469133
1953 0.001233934795826362
1954 0.0014024607332345665
1955 0.002804921466469133
1956 0.007012303666172833
1957 0.013145023117839954
1958 0.0014024607332345665
1959 0.0014024607332345665
1960 0.00426163543367263
1961 0.0014024607332345665
1962 0.0014024607332345665
1963 0.0014024607332345665
1964 0.0014024607332345665
1965 0.0014024607332345665
1966 0.0011353534420436818
1967 0.0014024607332345665
1968 0.002804921466469133