13 0.00001846667249036454
16 0.00043605908151394634
17 0.00048799437882329435
19 0.0007321376701932685
23 0.001516733436673841
26 0.00021900961471874297
38 0.000009174895847454548
39 0.000007719109728806289
40 0.000015291493079090914
41 0.00004308890247751726
43 0.000008504672719675828
45 0.0003296624039283553
47 0.00005236115022420491
49 0.0001358537659309924
52 0.000022262872240576327
61 0.0003822441897491925
63 0.000009160439500599619
65 0.00012931656527202115
74 0.0006865747669893828
113 0.00026863163182146973
114 0.00037301592297508214
118 0.0011119359907702418
124 0.0003370518748164091
186 0.0005180488295811783
198 0.002458370330412401
225 0.0006865747669893828
249 0.0007608226759490672
253 0.0004824049019877245
263 0.0005755223958501378
267 0.0010360976591623566
275 0.0013244826443327736
277 0.00017624504713701082
279 0.000446509935100765
296 0.0008194567768041337
304 0.0009874307695163648
365 0.0008194567768041337
367 0.008415944035266763
413 0.0003593147470569854
430 0.00042815166801879435
444 0.0010111556244492273
445 0.0004663684400884302
449 0.0007788406609122869
573 0.00056755015592235
726 0.0008426296870410227
741 0.0008968829210099529
876 0.00071361722629165
995 0.0010111556244492273
1196 0.0006741037496328182
1331 0.0008682461508527967
1363 0.0011353534420436818
1371 0.0010654088584181574
1373 0.003196226575254472
1603 0.0008682461508527967
1637 0.0009668275046354771
1969 0.0014024607332345665
1970 0.014024607332345666
1971 0.0010654088584181574
1972 0.0014024607332345665
1973 0.0037018043874790857
1974 0.0014024607332345665
1975 0.005609842932938266
1976 0.002804921466469133
1977 0.0014024607332345665
1978 0.0014024607332345665
1979 0.0014024607332345665
1980 0.002804921466469133
1981 0.0010654088584181574
1982 0.0014024607332345665
1983 0.0014024607332345665
1984 0.002804921466469133
1985 0.0014024607332345665
1986 0.0014024607332345665
1987 0.0014024607332345665