0 0.00012419781759445434
1 0.00009782275243664496
2 0.00011794730538676969
5 0.00013988916725104833
6 0.0001467383957865933
7 0.0001345454019413534
8 0.000230498281105941
10 0.0008968829210099529
13 0.00001231111499357636
16 0.00043605908151394634
17 0.002927966272939766
19 0.00036606883509663425
20 0.0003084151046592529
23 0.0005055778122246136
26 0.00021900961471874297
28 0.0008652258445074145
29 0.0005180488295811783
30 0.00039130510878533924
34 0.00016696862548619968
36 0.00008671892631624905
38 0.000009174895847454548
39 0.00002315732918641887
40 0.000009174895847454548
41 0.000030777787483940904
43 0.000025514018159027487
45 0.00016483120196417766
46 0.00013384855456028387
47 0.00020944460089681964
51 0.000501033282866017
52 0.000022262872240576327
56 0.00027977833450209665
58 0.00043059522159367926
59 0.0003749616931824251
60 0.0005512239278211216
61 0.0002866831423118944
63 0.000006870329625449715
64 0.00007506333130309098
66 0.00019245982333411082
85 0.0004125164454002661
97 0.00047159727675776246
102 0.00042377080113265817
124 0.0003370518748164091
158 0.0005755223958501378
159 0.0003495228921729738
171 0.0002134626471120881
221 0.0008682461508527967
225 0.0006865747669893828
249 0.0022824680278472017
267 0.0010360976591623566
275 0.0006622413221663868
277 0.00017624504713701082
294 0.00071361722629165
303 0.0009293486133572717
347 0.0015352001091642055
428 0.0009668275046354771
430 0.00042815166801879435
437 0.0005180488295811783
470 0.0008426296870410227
475 0.00314887814909534
666 0.0006011388596619117
682 0.0013731495339787657
686 0.003196226575254472
716 0.0005523494856132488
769 0.0008194567768041337
1052 0.0008968829210099529
1119 0.0009293486133572717
1296 0.0011353534420436818
1300 0.0009293486133572717
1330 0.0006865747669893828
1486 0.0009293486133572717
1495 0.0010111556244492273
1542 0.0029004825139064315
1886 0.0020223112488984545
1988 0.005609842932938266
1989 0.0014024607332345665
1990 0.002467869591652724
1991 0.0014024607332345665
1992 0.0014024607332345665
1993 0.002467869591652724
1994 0.0014024607332345665
1995 0.0010654088584181574
1996 0.0011353534420436818
1997 0.001233934795826362
1998 0.0014024607332345665
1999 0.0014024607332345665
2000 0.0014024607332345665