0 0.00012419781759445434
1 0.0004891137621832248
2 0.00023589461077353939
5 0.00013988916725104833
6 0.0001467383957865933
7 0.0001345454019413534
8 0.000230498281105941
13 0.00000615555749678818
16 0.00014535302717131544
19 0.00036606883509663425
33 0.0003281012370525588
34 0.0002504529382292995
36 0.0001734378526324981
38 0.000009174895847454548
39 0.000015438219457612578
40 0.000015291493079090914
41 0.00003693334498072908
42 0.0001918230925320273
43 0.000051028036318054975
45 0.00016483120196417766
46 0.00026769710912056773
47 0.00036652805156943435
48 0.00022854540687854879
49 0.0000679268829654962
56 0.00013988916725104833
63 0.000006870329625449715
64 0.00007506333130309098
65 0.0005172662610880846
66 0.00019245982333411082
67 0.0001412436639807968
72 0.001730451689014829
81 0.000362668338628183
88 0.00040699645844193325
89 0.0001958367044818539
106 0.00627818044706967
112 0.0010654088584181574
118 0.0011119359907702418
139 0.0005311942760363876
255 0.0010880050158845493
277 0.00017624504713701082
304 0.0004937153847581824
316 0.0009668275046354771
366 0.0006997202134445921
368 0.0005837649321194501
412 0.00036951756716372796
413 0.0003593147470569854
438 0.004207972017633382
498 0.0008682461508527967
514 0.0007608226759490672
573 0.00056755015592235
634 0.0008968829210099529
697 0.0008682461508527967
769 0.0008194567768041337
826 0.0013731495339787657
1000 0.0009668275046354771
1084 0.0015966031344545452
1162 0.004338953609647216
1325 0.0014880966665166847
1479 0.0009293486133572717
2006 0.0014024607332345665
2007 0.0008968829210099529
2008 0.0014024607332345665
2009 0.001233934795826362
2010 0.0014024607332345665