0 0.00012419781759445434
1 0.00009782275243664496
2 0.00011794730538676969
5 0.00013988916725104833
6 0.0001467383957865933
7 0.0001345454019413534
13 0.00004924445997430544
14 0.0010360976591623566
15 0.0011675298642389001
30 0.00039130510878533924
34 0.000500905876458599
36 0.0006937514105299924
38 0.000009174895847454548
39 0.000015438219457612578
40 0.0000061165972316363655
41 0.00002462222998715272
42 0.0000639410308440091
43 0.0000595327090377308
47 0.00005236115022420491
49 0.0000679268829654962
52 0.000044525744481152654
56 0.00013988916725104833
58 0.0008611904431873585
59 0.0005624425397736376
60 0.0002756119639105608
63 0.000006870329625449715
64 0.00007506333130309098
65 0.00012931656527202115
66 0.00019245982333411082
68 0.0008221655978060067
85 0.0004125164454002661
99 0.0020223112488984545
100 0.0006741037496328182
113 0.0005372632636429395
115 0.0004663684400884302
118 0.0011119359907702418
139 0.0005311942760363876
144 0.00045623649347997704
159 0.0003495228921729738
160 0.00038382354820504417
180 0.0002952696582040436
226 0.0004769410420674574
237 0.0014880966665166847
255 0.000725336677256366
264 0.000999148518886197
286 0.0014308231262023722
307 0.0014147918302732875
313 0.0007283569836017483
324 0.0006741037496328182
357 0.0005837649321194501
360 0.0011085527014911838
375 0.00047159727675776246
411 0.00028037940164174876
430 0.0008563033360375887
445 0.0004663684400884302
507 0.0011510447917002756
508 0.01599201194060329
512 0.003370518748164091
573 0.00056755015592235
709 0.00314887814909534
717 0.0007788406609122869
873 0.0007983015672272726
898 0.0006103147235040822
902 0.000650930839395929
942 0.0009668275046354771
1001 0.000640123214165967
1030 0.002130817716836315
1031 0.0008426296870410227
1093 0.0007983015672272726
1330 0.0006865747669893828
1397 0.0016570484568397463
1499 0.004789809403363636
2011 0.01974295673322179
2012 0.0022707068840873636
2013 0.0022707068840873636
2014 0.005736197437628936
2015 0.0010654088584181574
2016 0.002467869591652724
2017 0.0014024607332345665
2018 0.0014024607332345665
2019 0.002804921466469133
2020 0.002804921466469133
2021 0.0011353534420436818
2022 0.0014024607332345665
2023 0.0014024607332345665