0 0.00012419781759445434
1 0.00009782275243664496
2 0.00011794730538676969
5 0.00013988916725104833
6 0.0001467383957865933
7 0.0001345454019413534
8 0.000230498281105941
12 0.0005055778122246136
13 0.00001846667249036454
15 0.0011675298642389001
26 0.00021900961471874297
30 0.00039130510878533924
34 0.00008348431274309984
36 0.00008671892631624905
38 0.0000061165972316363655
39 0.00002315732918641887
40 0.000009174895847454548
41 0.00001231111499357636
43 0.000025514018159027487
45 0.00008241560098208883
46 0.00026769710912056773
47 0.00010472230044840982
49 0.0001358537659309924
52 0.000022262872240576327
56 0.00013988916725104833
61 0.00019112209487459625
63 0.0000045802197502998095
64 0.00007506333130309098
104 0.0007460318459501643
107 0.000775071104253895
125 0.00048799437882329435
193 0.000619850515663888
214 0.0010360976591623566
247 0.0011351003118447
271 0.0006103147235040822
274 0.0061031472350408225
277 0.00035249009427402165
279 0.000446509935100765
286 0.0004769410420674574
288 0.0036498919478398163
320 0.004478648369548351
327 0.0029134279344069933
367 0.0006011388596619117
413 0.0003593147470569854
457 0.0018034165789857352
520 0.0003432074323131972
550 0.0005922967385408627
739 0.0008682461508527967
759 0.0020991606403337765
826 0.0006865747669893828
866 0.0008426296870410227
1283 0.0034986010672229608
1341 0.002467869591652724
1538 0.0018586972267145435
2024 0.009817225132641966
2025 0.007012303666172833
2026 0.011219685865876532
2027 0.0008426296870410227
2028 0.0014024607332345665
2029 0.0014024607332345665