0 0.00012419781759445434
1 0.00009782275243664496
2 0.00011794730538676969
5 0.00013988916725104833
6 0.0001467383957865933
7 0.0001345454019413534
13 0.00000615555749678818
16 0.0002907060543426309
26 0.00021900961471874297
28 0.00043261292225370724
30 0.00039130510878533924
34 0.00008348431274309984
37 0.000362668338628183
38 0.0000061165972316363655
39 0.000007719109728806289
40 0.000012233194463272731
41 0.00001846667249036454
43 0.000025514018159027487
49 0.0000679268829654962
51 0.0001670110942886723
52 0.000022262872240576327
56 0.00041966750175314503
60 0.0002756119639105608
63 0.000009160439500599619
89 0.0001958367044818539
100 0.0003370518748164091
123 0.0003111316863753057
124 0.00016852593740820454
128 0.0007788406609122869
139 0.0005311942760363876
160 0.00038382354820504417
169 0.004541413768174727
171 0.0004269252942241762
212 0.00071361722629165
213 0.002130817716836315
220 0.0019336550092709543
223 0.0040972838840206685
245 0.0007531307029504816
250 0.00041108279890300333
254 0.0010654088584181574
255 0.000362668338628183
274 0.0018309441705122468
277 0.00035249009427402165
287 0.0004937153847581824
304 0.0004937153847581824
307 0.00047159727675776246
371 0.0005837649321194501
374 0.0008194567768041337
375 0.00047159727675776246
376 0.000650930839395929
403 0.0007983015672272726
430 0.00042815166801879435
461 0.0016852593740820454
475 0.001889326889457204
476 0.0016389135536082674
498 0.0017364923017055933
515 0.0008682461508527967
542 0.003991507836136363
661 0.0011353534420436818
667 0.0013994404268891842
716 0.0005523494856132488
728 0.002130817716836315
729 0.0018586972267145435
791 0.0010111556244492273
864 0.0008968829210099529
907 0.0009668275046354771
908 0.0008194567768041337
958 0.0010654088584181574
988 0.0007788406609122869
1050 0.0010654088584181574
1068 0.0019336550092709543
1119 0.0009293486133572717
1412 0.0009668275046354771
1696 0.0010111556244492273
1763 0.0011353534420436818
2030 0.0014024607332345665
2031 0.001233934795826362
2032 0.008637543570784533
2033 0.0011353534420436818
2034 0.005327044292090787
2035 0.0011353534420436818
2036 0.0014024607332345665
2037 0.002467869591652724
2038 0.002467869591652724
2039 0.0014024607332345665
2040 0.001233934795826362
2041 0.002467869591652724
2042 0.0011353534420436818
2043 0.001233934795826362
2044 0.002467869591652724
2045 0.0014024607332345665
2046 0.0014024607332345665
2047 0.0014024607332345665
2048 0.0014024607332345665
2049 0.0014024607332345665
2050 0.002804921466469133
2051 0.0014024607332345665