0 0.0002483956351889087
2 0.00011794730538676969
9 0.0006241182422011089
12 0.0005055778122246136
13 0.00002462222998715272
16 0.0002907060543426309
30 0.00039130510878533924
33 0.0003281012370525588
34 0.00033393725097239935
36 0.00008671892631624905
37 0.001450673354512732
38 0.0000061165972316363655
40 0.000009174895847454548
41 0.00001231111499357636
42 0.0000639410308440091
43 0.00003401869087870331
49 0.0000679268829654962
52 0.000044525744481152654
55 0.0002246860951459229
58 0.00021529761079683963
59 0.00018748084659121254
60 0.0002756119639105608
61 0.00019112209487459625
63 0.0000045802197502998095
64 0.00007506333130309098
65 0.00012931656527202115
66 0.00019245982333411082
76 0.00047159727675776246
99 0.0006741037496328182
100 0.0003370518748164091
105 0.0009431945535155249
113 0.00026863163182146973
151 0.0019527925181877872
247 0.00056755015592235
253 0.000964809803975449
255 0.000362668338628183
270 0.00927702394179145
271 0.0012206294470081644
282 0.005330670646867764
307 0.00047159727675776246
309 0.0009759887576465887
320 0.0005598310461935439
413 0.0003593147470569854
441 0.0005837649321194501
457 0.0006011388596619117
634 0.0008968829210099529
666 0.0006011388596619117
704 0.0011353534420436818
873 0.0007983015672272726
1042 0.004044622497796909
1068 0.0009668275046354771
1115 0.0008682461508527967
1413 0.0035875316840398115
1475 0.0009668275046354771
1495 0.0010111556244492273
2052 0.0014024607332345665
2053 0.0014024607332345665
2054 0.0009293486133572717
2055 0.022439371731753064
2056 0.0014024607332345665
2057 0.0014024607332345665
2058 0.0014024607332345665
2059 0.001233934795826362
2060 0.0014024607332345665