0 0.00012419781759445434
1 0.00009782275243664496
2 0.00011794730538676969
7 0.0001345454019413534
13 0.00001846667249036454
16 0.0002907060543426309
17 0.002927966272939766
29 0.0005180488295811783
33 0.0006562024741051176
38 0.0000061165972316363655
39 0.000007719109728806289
40 0.0000061165972316363655
41 0.00001231111499357636
42 0.0000639410308440091
46 0.00006692427728014193
47 0.00005236115022420491
49 0.0000679268829654962
52 0.000044525744481152654
58 0.00043059522159367926
59 0.0003749616931824251
61 0.00019112209487459625
63 0.000006870329625449715
66 0.00038491964666822163
118 0.0013899199884628024
123 0.0003111316863753057
138 0.0006103147235040822
149 0.000640123214165967
214 0.0005180488295811783
259 0.0014567139672034967
282 0.0005922967385408627
288 0.0018249459739199082
291 0.0007608226759490672
320 0.0016794931385806316
324 0.0006741037496328182
348 0.0007283569836017483
366 0.0006997202134445921
367 0.0006011388596619117
437 0.0005180488295811783
438 0.0006011388596619117
439 0.00071361722629165
440 0.0010111556244492273
441 0.0017512947963583504
442 0.0006103147235040822
443 0.001233934795826362
444 0.0010111556244492273
445 0.0004663684400884302
446 0.0011353534420436818
447 0.0014024607332345665
448 0.0014024607332345665