0 0.00012419781759445434
1 0.00009782275243664496
2 0.00011794730538676969
5 0.00013988916725104833
6 0.0001467383957865933
7 0.0001345454019413534
8 0.000230498281105941
13 0.000030777787483940904
26 0.00021900961471874297
30 0.00039130510878533924
33 0.0003281012370525588
34 0.0002504529382292995
36 0.00008671892631624905
38 0.000009174895847454548
39 0.00002315732918641887
40 0.000012233194463272731
41 0.00001846667249036454
42 0.0000639410308440091
43 0.000025514018159027487
45 0.0002472468029462665
46 0.00026769710912056773
47 0.00020944460089681964
48 0.00022854540687854879
49 0.0001358537659309924
51 0.0001670110942886723
52 0.000022262872240576327
56 0.00013988916725104833
63 0.000006870329625449715
64 0.00007506333130309098
65 0.00038794969581606347
66 0.00038491964666822163
67 0.0001412436639807968
68 0.00123324839670901
84 0.000331048322034894
89 0.0003916734089637078
102 0.00042377080113265817
124 0.00016852593740820454
130 0.00038382354820504417
171 0.0002134626471120881
180 0.0002952696582040436
192 0.000650930839395929
260 0.0006741037496328182
367 0.0006011388596619117
411 0.00028037940164174876
412 0.0007390351343274559
413 0.0007186294941139708
430 0.00042815166801879435
491 0.004028656770950965
507 0.0005755223958501378
508 0.0005922967385408627
703 0.0006865747669893828
709 0.00629775629819068
772 0.0005311942760363876
902 0.000650930839395929
940 0.003033466873347682
993 0.0009668275046354771
1062 0.0005598310461935439
1153 0.0009668275046354771
1328 0.012648821665391819
1397 0.0016570484568397463
1654 0.0035875316840398115
1830 0.0008426296870410227
2014 0.002458370330412401
2061 0.002130817716836315
2062 0.0014024607332345665
2063 0.0009668275046354771