13 0.00001231111499357636
27 0.000619850515663888
36 0.0001734378526324981
38 0.0000030582986158181828
40 0.000009174895847454548
41 0.00001231111499357636
46 0.00006692427728014193
47 0.00005236115022420491
51 0.0001670110942886723
63 0.0000045802197502998095
65 0.00012931656527202115
123 0.0006222633727506114
143 0.0005837649321194501
150 0.000775071104253895
161 0.0008426296870410227
165 0.000362668338628183
171 0.0004269252942241762
374 0.0008194567768041337
457 0.0018034165789857352
545 0.0015576813218245737
596 0.0006741037496328182
665 0.0008682461508527967
782 0.002603723357583716
850 0.0013994404268891842
1141 0.0015966031344545452
1178 0.0022824680278472017
1753 0.0015216453518981344
2064 0.007734620037083817
2065 0.005609842932938266
2066 0.002804921466469133
2067 0.009817225132641966
2068 0.005609842932938266
2069 0.002804921466469133
2070 0.0014024607332345665
2071 0.0014024607332345665
2072 0.0014024607332345665
2073 0.0014024607332345665
2074 0.001233934795826362
2075 0.0014024607332345665
2076 0.002804921466469133
2077 0.001233934795826362
2078 0.0014024607332345665
2079 0.0014024607332345665
2080 0.0014024607332345665