0 0.00012419781759445434
1 0.00009782275243664496
2 0.00011794730538676969
3 0.00042377080113265817
4 0.00036951756716372796
5 0.00013988916725104833
6 0.0001467383957865933
7 0.0001345454019413534
8 0.000230498281105941
9 0.0010401970703351816
13 0.00002462222998715272
16 0.00014535302717131544
20 0.0006168302093185058
21 0.0007120135679988341
22 0.001339529805302295
23 0.0005055778122246136
27 0.0030992525783194403
34 0.00016696862548619968
36 0.0001734378526324981
38 0.000012233194463272731
39 0.00002315732918641887
40 0.000018349791694909097
41 0.00003693334498072908
42 0.0002557641233760364
43 0.00003401869087870331
44 0.0004976362107612556
45 0.00016483120196417766
46 0.0004015456636808516
47 0.0005236115022420492
48 0.00022854540687854879
49 0.0000679268829654962
51 0.0001670110942886723
52 0.000022262872240576327
55 0.0002246860951459229
56 0.00013988916725104833
57 0.0003527432244730031
58 0.00043059522159367926
59 0.0007499233863648502
63 0.000006870329625449715
64 0.00015012666260618196
65 0.0005172662610880846
66 0.0005773794700023325
67 0.00042373099194239035
70 0.0009668275046354771
76 0.00047159727675776246
84 0.000662096644069788
114 0.00037301592297508214
124 0.00016852593740820454
125 0.00048799437882329435
144 0.0009124729869599541
154 0.0027462990679575313
157 0.002690648763029859
158 0.0005755223958501378
163 0.001233934795826362
171 0.0004269252942241762
183 0.0006297756298190679
186 0.0005180488295811783
210 0.0015735981642228647
245 0.0003765653514752408
255 0.000725336677256366
279 0.000446509935100765
291 0.0007608226759490672
307 0.00047159727675776246
310 0.0011708950200106356
360 0.00036951756716372796
375 0.00047159727675776246
377 0.00071361722629165
379 0.0006741037496328182
534 0.0008682461508527967
573 0.00056755015592235
613 0.0005922967385408627
665 0.0008682461508527967
666 0.0006011388596619117
672 0.0008426296870410227
682 0.0027462990679575313
1001 0.000640123214165967
1024 0.0009668275046354771
1060 0.0005837649321194501
1112 0.0005922967385408627
1388 0.005055778122246136
1400 0.0008194567768041337
1442 0.0009668275046354771
1475 0.0009668275046354771
1506 0.0009668275046354771
1511 0.0008968829210099529
1522 0.0011353534420436818
1523 0.0011353534420436818
1617 0.0019336550092709543
2081 0.014024607332345666
2082 0.004935739183305448
2083 0.0010654088584181574
2084 0.0014024607332345665
2085 0.0007788406609122869
2086 0.0014024607332345665
2087 0.002804921466469133