0 0.00012419781759445434
1 0.00009782275243664496
2 0.00011794730538676969
5 0.00013988916725104833
6 0.0001467383957865933
7 0.0001345454019413534
8 0.000230498281105941
12 0.0005055778122246136
13 0.00001846667249036454
17 0.00048799437882329435
20 0.0003084151046592529
23 0.0005055778122246136
36 0.0001734378526324981
37 0.000725336677256366
38 0.000009174895847454548
39 0.000015438219457612578
40 0.000012233194463272731
41 0.00002462222998715272
42 0.0001278820616880182
43 0.000008504672719675828
49 0.0000679268829654962
52 0.000044525744481152654
56 0.00013988916725104833
57 0.0003527432244730031
58 0.0008611904431873585
59 0.0009374042329560627
63 0.000009160439500599619
65 0.00012931656527202115
67 0.0008474619838847807
78 0.0008426296870410227
79 0.0007608226759490672
82 0.0012981286530529493
107 0.000775071104253895
113 0.0005372632636429395
118 0.0013899199884628024
122 0.0014240271359976682
124 0.00016852593740820454
127 0.0008426296870410227
128 0.0031153626436491474
160 0.00038382354820504417
167 0.0007440483332583423
180 0.0002952696582040436
186 0.0005180488295811783
196 0.0006168302093185058
250 0.00123324839670901
251 0.0004513245782556835
252 0.0015216453518981344
277 0.0007049801885480433
286 0.0004769410420674574
311 0.0009293486133572717
333 0.0008426296870410227
365 0.0008194567768041337
368 0.0005837649321194501
371 0.0005837649321194501
390 0.0010654088584181574
393 0.0017026504677670501
430 0.00042815166801879435
494 0.0005523494856132488
514 0.0007608226759490672
538 0.0005117333697214018
549 0.0007283569836017483
551 0.0006741037496328182
590 0.0006622413221663868
591 0.0007283569836017483
593 0.0017364923017055933
658 0.0008682461508527967
663 0.0029004825139064315
667 0.0027988808537783684
684 0.005676767210218409
688 0.0010654088584181574
694 0.0008194567768041337
717 0.0007788406609122869
776 0.0008968829210099529
786 0.0006741037496328182
808 0.009871478366610896
811 0.0031932062689090904
818 0.001233934795826362
980 0.0006997202134445921
1112 0.0005922967385408627
1162 0.000619850515663888
1310 0.0013244826443327736
1535 0.001233934795826362
1753 0.0007608226759490672
1957 0.0010111556244492273
2088 0.0014024607332345665
2089 0.0010111556244492273
2090 0.0011353534420436818
2091 0.002130817716836315
2092 0.011219685865876532
2093 0.0014024607332345665
2094 0.0014024607332345665
2095 0.0014024607332345665
2096 0.0014024607332345665
2097 0.0014024607332345665
2098 0.001233934795826362
2099 0.004935739183305448
2100 0.0168295287988148
2101 0.001233934795826362
2102 0.0042073821997037
2103 0.00426163543367263
2104 0.0014024607332345665
2105 0.001233934795826362
2106 0.0014024607332345665
2107 0.0014024607332345665
2108 0.0009668275046354771
2109 0.0014024607332345665
2110 0.0014024607332345665
2111 0.001233934795826362
2112 0.0014024607332345665
2113 0.0014024607332345665
2114 0.001233934795826362