0 0.00012419781759445434
1 0.0002934682573099349
2 0.00011794730538676969
5 0.00013988916725104833
6 0.0001467383957865933
7 0.0001345454019413534
13 0.00001846667249036454
38 0.000012233194463272731
39 0.000007719109728806289
40 0.0000061165972316363655
41 0.00001231111499357636
43 0.000025514018159027487
46 0.0002007728318404258
47 0.00015708345067261473
52 0.000044525744481152654
55 0.0004493721902918458
58 0.0008611904431873585
59 0.0005624425397736376
60 0.0002756119639105608
63 0.000006870329625449715
65 0.00012931656527202115
72 0.00043261292225370724
82 0.0005192514612211797
87 0.0003951340309755019
88 0.00040699645844193325
89 0.0003916734089637078
124 0.00016852593740820454
130 0.00038382354820504417
226 0.0004769410420674574
324 0.0006741037496328182
411 0.0005607588032834975
442 0.0006103147235040822
573 0.00056755015592235
1001 0.000640123214165967
1020 0.0010654088584181574
1059 0.001233934795826362
1173 0.0008682461508527967
2085 0.0007788406609122869
2115 0.0008682461508527967
2116 0.0014024607332345665