0 0.00012419781759445434
1 0.00009782275243664496
2 0.00011794730538676969
4 0.00036951756716372796
5 0.00013988916725104833
6 0.0001467383957865933
9 0.0004160788281340726
13 0.000030777787483940904
16 0.00014535302717131544
21 0.00035600678399941706
34 0.00008348431274309984
36 0.00008671892631624905
38 0.000009174895847454548
39 0.000015438219457612578
40 0.000009174895847454548
41 0.00001846667249036454
42 0.0001918230925320273
43 0.00003401869087870331
44 0.0004976362107612556
45 0.00016483120196417766
46 0.0004015456636808516
47 0.00031416690134522947
48 0.00022854540687854879
49 0.0000679268829654962
51 0.0001670110942886723
52 0.000022262872240576327
55 0.0011234304757296147
56 0.00013988916725104833
61 0.00019112209487459625
63 0.0000045802197502998095
64 0.00007506333130309098
65 0.0002586331305440423
66 0.00019245982333411082
74 0.0006865747669893828
81 0.000725336677256366
100 0.0003370518748164091
105 0.00047159727675776246
107 0.0003875355521269475
114 0.00037301592297508214
115 0.0004663684400884302
146 0.0004513245782556835
180 0.0002952696582040436
186 0.0005180488295811783
245 0.0003765653514752408
309 0.0009759887576465887
347 0.0005117333697214018
394 0.0006741037496328182
411 0.0005607588032834975
438 0.008415944035266763
452 0.0011510447917002756
496 0.001076087009143865
520 0.0003432074323131972
550 0.0005922967385408627
554 0.0008426296870410227
576 0.000619850515663888
779 0.0005755223958501378
780 0.004635689255164708
803 0.00071361722629165
858 0.000650930839395929
1001 0.000640123214165967
1034 0.0008194567768041337
1321 0.0007788406609122869
1448 0.0018586972267145435
1591 0.0038673100185419086
2117 0.0042073821997037
2118 0.0014024607332345665
2119 0.0014024607332345665
2120 0.0014024607332345665
2121 0.002804921466469133
2122 0.0014024607332345665
2123 0.002804921466469133
2124 0.0014024607332345665
2125 0.0014024607332345665
2126 0.0010654088584181574