0 0.00012419781759445434
1 0.00009782275243664496
2 0.00011794730538676969
3 0.00042377080113265817
4 0.00036951756716372796
5 0.00013988916725104833
6 0.0001467383957865933
7 0.0001345454019413534
8 0.000230498281105941
9 0.0004160788281340726
13 0.000030777787483940904
16 0.00014535302717131544
19 0.00036606883509663425
20 0.0009252453139777587
21 0.0007120135679988341
22 0.000446509935100765
27 0.000619850515663888
34 0.00008348431274309984
36 0.0001734378526324981
38 0.000009174895847454548
39 0.00002315732918641887
40 0.000012233194463272731
41 0.00004308890247751726
42 0.0001918230925320273
43 0.00007654205447708246
44 0.0004976362107612556
45 0.00008241560098208883
46 0.00033462138640070967
47 0.00031416690134522947
48 0.00022854540687854879
49 0.0002037806488964886
51 0.0001670110942886723
52 0.000044525744481152654
55 0.0002246860951459229
56 0.00041966750175314503
57 0.0003527432244730031
58 0.0008611904431873585
59 0.0009374042329560627
60 0.0002756119639105608
61 0.00019112209487459625
63 0.0000022901098751499047
64 0.00007506333130309098
65 0.00012931656527202115
66 0.00019245982333411082
67 0.0001412436639807968
68 0.00041108279890300333
73 0.000619850515663888
81 0.0036266833862818306
82 0.0015577543836635393
85 0.00020625822270013306
87 0.0015805361239020076
90 0.0006622413221663868
91 0.0013994404268891842
102 0.00042377080113265817
114 0.00037301592297508214
118 0.00027798399769256044
122 0.00035600678399941706
124 0.00016852593740820454
131 0.0008682461508527967
150 0.000775071104253895
159 0.0003495228921729738
177 0.000725336677256366
193 0.001239701031327776
196 0.0006168302093185058
251 0.000902649156511367
279 0.000446509935100765
286 0.0004769410420674574
352 0.00071361722629165
375 0.00047159727675776246
438 0.0018034165789857352
441 0.0011675298642389001
452 0.0005755223958501378
493 0.00056755015592235
494 0.002761747428066244
511 0.0008426296870410227
649 0.0007440483332583423
650 0.0007608226759490672
779 0.004604179166801102
815 0.0009668275046354771
1027 0.0010111556244492273
1029 0.0010234667394428036
1034 0.002458370330412401
1036 0.0007608226759490672
1058 0.0015576813218245737
1276 0.0006622413221663868
1358 0.0020223112488984545
1511 0.0008968829210099529
1830 0.0008426296870410227
2064 0.0009668275046354771
2127 0.0010654088584181574