0 0.00012419781759445434
1 0.00009782275243664496
2 0.00011794730538676969
5 0.00013988916725104833
6 0.0001467383957865933
7 0.0001345454019413534
8 0.000230498281105941
13 0.00000615555749678818
16 0.00014535302717131544
17 0.00341596065176306
19 0.00036606883509663425
20 0.0006168302093185058
33 0.0006562024741051176
38 0.000012233194463272731
40 0.0000061165972316363655
41 0.00001231111499357636
42 0.0000639410308440091
43 0.000008504672719675828
46 0.00006692427728014193
47 0.00010472230044840982
49 0.0000679268829654962
52 0.000022262872240576327
63 0.000006870329625449715
64 0.00007506333130309098
65 0.00012931656527202115
89 0.0001958367044818539
102 0.0012713124033979744
124 0.0003370518748164091
130 0.00038382354820504417
177 0.000362668338628183
180 0.0002952696582040436
253 0.0004824049019877245
258 0.0022707068840873636
259 0.0014567139672034967
296 0.0008194567768041337
411 0.0005607588032834975
520 0.0003432074323131972
642 0.0007440483332583423
746 0.0006997202134445921
772 0.0005311942760363876
868 0.00056755015592235
922 0.0020223112488984545
1027 0.004044622497796909
1028 0.0017937658420199057
1029 0.0005117333697214018
1062 0.0005598310461935439
1603 0.0017364923017055933
2128 0.004044622497796909
2129 0.003196226575254472
2130 0.0014024607332345665
2131 0.0014024607332345665
2132 0.0042073821997037
2133 0.0014024607332345665
2134 0.0014024607332345665
2135 0.0014024607332345665
2136 0.0014024607332345665
2137 0.0014024607332345665
2138 0.0014024607332345665
2139 0.0014024607332345665