0 0.00012419781759445434
1 0.00009782275243664496
2 0.00011794730538676969
3 0.00042377080113265817
4 0.00036951756716372796
5 0.00013988916725104833
6 0.0001467383957865933
7 0.0001345454019413534
8 0.000230498281105941
9 0.0002080394140670363
13 0.00001846667249036454
16 0.0002907060543426309
17 0.005855932545879532
18 0.0013731495339787657
19 0.0007321376701932685
23 0.003539044685572295
36 0.0001734378526324981
38 0.000009174895847454548
39 0.00002315732918641887
40 0.000009174895847454548
41 0.00003693334498072908
42 0.0001918230925320273
43 0.000017009345439351656
44 0.0004976362107612556
45 0.00008241560098208883
46 0.00026769710912056773
47 0.00031416690134522947
48 0.00022854540687854879
49 0.0000679268829654962
51 0.0001670110942886723
56 0.00013988916725104833
61 0.00019112209487459625
63 0.0000022901098751499047
64 0.00007506333130309098
65 0.0002586331305440423
66 0.00038491964666822163
71 0.0004152389947112455
89 0.0001958367044818539
113 0.00026863163182146973
150 0.000775071104253895
162 0.0008426296870410227
171 0.0002134626471120881
243 0.00071361722629165
246 0.0007283569836017483
259 0.0007283569836017483
277 0.00017624504713701082
279 0.000446509935100765
438 0.0012022777193238235
496 0.001076087009143865
753 0.000619850515663888
1007 0.0016852593740820454
1029 0.0005117333697214018
1034 0.004916740660824802
1277 0.001233934795826362
1506 0.0009668275046354771
2021 0.0011353534420436818
2140 0.005609842932938266
2141 0.0014024607332345665
2142 0.0014024607332345665