0 0.00012419781759445434
1 0.00009782275243664496
2 0.00011794730538676969
3 0.00042377080113265817
4 0.00036951756716372796
5 0.00013988916725104833
6 0.0001467383957865933
7 0.0001345454019413534
8 0.000230498281105941
9 0.0010401970703351816
13 0.00000615555749678818
14 0.0005180488295811783
15 0.0005837649321194501
16 0.00014535302717131544
18 0.0013731495339787657
20 0.0009252453139777587
21 0.0010680203519982513
22 0.00089301987020153
34 0.0002504529382292995
36 0.00043359463158124535
38 0.000009174895847454548
39 0.000015438219457612578
40 0.000018349791694909097
41 0.000030777787483940904
42 0.0001918230925320273
43 0.00007654205447708246
45 0.00016483120196417766
46 0.0007361670500815612
49 0.0002717075318619848
51 0.0001670110942886723
52 0.000022262872240576327
55 0.0006740582854377687
59 0.0056244253977363766
63 0.0000022901098751499047
64 0.00007506333130309098
65 0.0002586331305440423
76 0.0009431945535155249
77 0.0017937658420199057
85 0.0004125164454002661
89 0.0001958367044818539
102 0.00042377080113265817
105 0.00047159727675776246
124 0.00016852593740820454
139 0.0005311942760363876
146 0.0004513245782556835
154 0.0013731495339787657
161 0.007583667183369204
171 0.0002134626471120881
179 0.003973447932998321
183 0.0006297756298190679
245 0.0003765653514752408
251 0.0004513245782556835
255 0.000362668338628183
261 0.0005180488295811783
272 0.0020597243009681486
277 0.0007049801885480433
282 0.005330670646867764
291 0.0015216453518981344
293 0.0020223112488984545
300 0.00426163543367263
303 0.0027880458400718153
306 0.0016389135536082674
313 0.0029134279344069933
333 0.0008426296870410227
360 0.0007390351343274559
367 0.0006011388596619117
368 0.0005837649321194501
371 0.008172709049672301
375 0.00047159727675776246
391 0.0013482074992656363
396 0.0005922967385408627
399 0.0006997202134445921
403 0.003991507836136363
439 0.00499532058404155
445 0.0013991053202652907
462 0.0010654088584181574
493 0.00056755015592235
495 0.0006622413221663868
496 0.0005380435045719325
497 0.0010880050158845493
520 0.001372829729252789
540 0.0006741037496328182
551 0.0020223112488984545
554 0.0008426296870410227
572 0.0014272344525833
576 0.002479402062655552
578 0.0008426296870410227
608 0.0007440483332583423
638 0.0007788406609122869
652 0.0010111556244492273
666 0.0006011388596619117
716 0.0005523494856132488
815 0.0009668275046354771
858 0.000650930839395929
870 0.0019336550092709543
871 0.0009668275046354771
873 0.0007983015672272726
894 0.001233934795826362
907 0.005800965027812863
908 0.0040972838840206685
911 0.0009668275046354771
913 0.0011353534420436818
915 0.003311206610831934
916 0.00260473845255839
922 0.0010111556244492273
942 0.0009668275046354771
1001 0.000640123214165967
1029 0.0005117333697214018
1093 0.0007983015672272726
1112 0.0005922967385408627
1325 0.0007440483332583423
1389 0.00616967397913181
1413 0.0017937658420199057
1445 0.0011353534420436818
1446 0.0011353534420436818
1448 0.0018586972267145435
1449 0.0011353534420436818
1482 0.002130817716836315
1511 0.0008968829210099529
1545 0.0010654088584181574
1586 0.0009668275046354771
1596 0.0008682461508527967
1617 0.0009668275046354771
1793 0.004935739183305448
1794 0.0010111556244492273
1796 0.0009293486133572717
1798 0.001233934795826362
1803 0.0017364923017055933
1804 0.001233934795826362
2034 0.00426163543367263
2143 0.004935739183305448
2144 0.005609842932938266
2145 0.0014024607332345665
2146 0.002804921466469133
2147 0.002804921466469133
2148 0.0011353534420436818
2149 0.0014024607332345665
2150 0.0014024607332345665
2151 0.0014024607332345665
2152 0.0022707068840873636
2153 0.002804921466469133
2154 0.0014024607332345665
2155 0.0010654088584181574
2156 0.0009668275046354771
2157 0.0014024607332345665
2158 0.0014024607332345665
2159 0.0014024607332345665
2160 0.0014024607332345665