0 0.00012419781759445434
1 0.00009782275243664496
2 0.00011794730538676969
5 0.00013988916725104833
6 0.0001467383957865933
7 0.0001345454019413534
13 0.00001231111499357636
20 0.0006168302093185058
23 0.0005055778122246136
26 0.00021900961471874297
33 0.0003281012370525588
36 0.00008671892631624905
38 0.000009174895847454548
39 0.000007719109728806289
40 0.000012233194463272731
41 0.00000615555749678818
45 0.00016483120196417766
47 0.00010472230044840982
49 0.0000679268829654962
51 0.0001670110942886723
52 0.000022262872240576327
56 0.00013988916725104833
61 0.00019112209487459625
63 0.0000045802197502998095
64 0.00007506333130309098
65 0.00038794969581606347
66 0.0005773794700023325
95 0.0008682461508527967
104 0.0007460318459501643
113 0.00026863163182146973
130 0.00038382354820504417
149 0.000640123214165967
159 0.0003495228921729738
180 0.0002952696582040436
196 0.0003084151046592529
204 0.0010654088584181574
270 0.0028544689051666
274 0.0030515736175204112
277 0.00017624504713701082
297 0.0007608226759490672
366 0.0006997202134445921
445 0.0004663684400884302
449 0.0007788406609122869
450 0.0042073821997037
451 0.0011353534420436818
452 0.0011510447917002756
453 0.0037018043874790857
454 0.0011353534420436818
455 0.0034729846034111866
456 0.005676767210218409
457 0.0030056942983095586
458 0.007012303666172833
459 0.0010654088584181574
460 0.001233934795826362
461 0.003370518748164091
462 0.0010654088584181574
463 0.0014024607332345665
464 0.0007983015672272726
465 0.002467869591652724
466 0.0010111556244492273
467 0.0008968829210099529
468 0.001463983136469883
469 0.0011353534420436818
470 0.0008426296870410227
471 0.0007983015672272726
472 0.0009668275046354771
473 0.002804921466469133