0 0.00012419781759445434
1 0.00019564550487328992
2 0.00011794730538676969
5 0.00013988916725104833
6 0.0001467383957865933
7 0.0001345454019413534
8 0.000230498281105941
13 0.00002462222998715272
14 0.001554146488743535
15 0.0017512947963583504
28 0.00043261292225370724
38 0.000009174895847454548
39 0.000015438219457612578
40 0.000012233194463272731
41 0.00002462222998715272
42 0.0001278820616880182
43 0.00003401869087870331
45 0.00008241560098208883
46 0.00033462138640070967
47 0.00031416690134522947
48 0.00022854540687854879
49 0.0001358537659309924
52 0.000022262872240576327
59 0.00018748084659121254
63 0.000006870329625449715
64 0.00007506333130309098
65 0.0002586331305440423
67 0.001271192975827171
82 0.0010385029224423594
85 0.00020625822270013306
104 0.0014920636919003286
107 0.0011626066563808425
113 0.00026863163182146973
118 0.0033358079723107255
121 0.002690648763029859
122 0.0014240271359976682
139 0.0005311942760363876
150 0.0011626066563808425
165 0.000362668338628183
171 0.0008538505884483524
186 0.0005180488295811783
196 0.0006168302093185058
230 0.00071361722629165
237 0.0007440483332583423
238 0.0046467430667863595
253 0.001929619607950898
254 0.0010654088584181574
255 0.000725336677256366
263 0.0005755223958501378
265 0.0016852593740820454
277 0.00017624504713701082
279 0.001339529805302295
286 0.0004769410420674574
287 0.0009874307695163648
288 0.0027374189608798624
297 0.0007608226759490672
308 0.0007283569836017483
310 0.0014636187750132947
353 0.0028544689051666
365 0.0008194567768041337
366 0.0006997202134445921
375 0.00047159727675776246
427 0.0008968829210099529
437 0.0025902441479058918
459 0.007457862008927101
493 0.0011351003118447
514 0.0007608226759490672
545 0.0007788406609122869
546 0.0015216453518981344
554 0.0008426296870410227
595 0.0007440483332583423
662 0.0008682461508527967
707 0.003406060326131045
709 0.0006297756298190679
717 0.0007788406609122869
719 0.0010111556244492273
753 0.000619850515663888
769 0.0008194567768041337
858 0.0019527925181877872
879 0.000650930839395929
898 0.0006103147235040822
1028 0.0035875316840398115
1063 0.0008968829210099529
1133 0.0008682461508527967
1162 0.000619850515663888
1214 0.0015576813218245737
1283 0.005597761707556737
1298 0.0009668275046354771
1466 0.0011353534420436818
1472 0.0015966031344545452
1696 0.0010111556244492273
1741 0.0010654088584181574
1751 0.01362424130452418
1785 0.0010111556244492273
1830 0.0008426296870410227
1949 0.0010654088584181574
2161 0.0014024607332345665
2162 0.0014024607332345665
2163 0.0010111556244492273
2164 0.001233934795826362
2165 0.002467869591652724
2166 0.002130817716836315
2167 0.0042073821997037
2168 0.0014024607332345665