13 0.00002462222998715272
26 0.00021900961471874297
34 0.0002504529382292995
36 0.0003468757052649962
38 0.000009174895847454548
39 0.000015438219457612578
40 0.000009174895847454548
41 0.00001846667249036454
43 0.000025514018159027487
45 0.0002472468029462665
46 0.0002007728318404258
47 0.0002618057511210246
48 0.00022854540687854879
49 0.0001358537659309924
51 0.0001670110942886723
52 0.000044525744481152654
56 0.00013988916725104833
58 0.0006458928323905189
59 0.0003749616931824251
60 0.0002756119639105608
63 0.0000022901098751499047
64 0.00007506333130309098
65 0.00038794969581606347
89 0.0001958367044818539
113 0.00026863163182146973
115 0.0013991053202652907
124 0.00016852593740820454
165 0.0018133416931409153
212 0.00071361722629165
263 0.0011510447917002756
267 0.0005180488295811783
275 0.0006622413221663868
343 0.001233934795826362
363 0.0008426296870410227
368 0.0005837649321194501
412 0.00036951756716372796
413 0.0003593147470569854
431 0.0013731495339787657
435 0.0017364923017055933
538 0.0005117333697214018
543 0.0050984988852122385
579 0.0008968829210099529
585 0.0009293486133572717
658 0.0008682461508527967
822 0.0038673100185419086
868 0.00056755015592235
1119 0.0009293486133572717
1240 0.0010111556244492273
1330 0.0006865747669893828
1656 0.0010654088584181574
2169 0.001233934795826362
2170 0.0014024607332345665
2171 0.0014024607332345665
2172 0.009817225132641966
2173 0.0014024607332345665
2174 0.002804921466469133
2175 0.0011353534420436818
2176 0.0014024607332345665
2177 0.001233934795826362
2178 0.0014024607332345665
2179 0.005609842932938266
2180 0.0020223112488984545
2181 0.002804921466469133
2182 0.0014024607332345665