0 0.0002483956351889087
1 0.00009782275243664496
2 0.00011794730538676969
5 0.00013988916725104833
6 0.0001467383957865933
7 0.0001345454019413534
8 0.000230498281105941
13 0.00004924445997430544
17 0.00048799437882329435
19 0.00036606883509663425
28 0.00043261292225370724
29 0.0010360976591623566
33 0.0006562024741051176
35 0.0006865747669893828
36 0.0001734378526324981
37 0.0018133416931409153
38 0.000009174895847454548
39 0.000015438219457612578
40 0.000015291493079090914
41 0.00002462222998715272
42 0.0002557641233760364
43 0.00003401869087870331
46 0.0002007728318404258
47 0.0002618057511210246
49 0.0000679268829654962
52 0.000022262872240576327
58 0.0008611904431873585
59 0.0003749616931824251
61 0.00019112209487459625
63 0.000006870329625449715
64 0.00007506333130309098
66 0.00019245982333411082
67 0.0001412436639807968
85 0.00020625822270013306
97 0.0009431945535155249
100 0.0003370518748164091
113 0.00026863163182146973
114 0.00037301592297508214
124 0.0003370518748164091
125 0.00048799437882329435
146 0.0004513245782556835
150 0.0003875355521269475
159 0.0010485686765189213
165 0.000362668338628183
171 0.0006403879413362643
180 0.0008858089746121308
212 0.00071361722629165
226 0.0004769410420674574
287 0.002468576923790912
294 0.00071361722629165
309 0.00048799437882329435
310 0.0008781712650079768
347 0.0010234667394428036
368 0.0005837649321194501
374 0.0008194567768041337
413 0.004311776964683825
431 0.0006865747669893828
441 0.0005837649321194501
453 0.001233934795826362
457 0.0036068331579714704
468 0.0009759887576465887
491 0.0005755223958501378
515 0.0008682461508527967
537 0.002185070950805245
544 0.0008426296870410227
550 0.0005922967385408627
556 0.0010111556244492273
573 0.00056755015592235
579 0.0008968829210099529
589 0.0008426296870410227
613 0.0005922967385408627
622 0.0011196620923870878
670 0.0006865747669893828
689 0.0007608226759490672
780 0.004635689255164708
805 0.0017364923017055933
816 0.001233934795826362
850 0.0013994404268891842
928 0.0008426296870410227
951 0.0008968829210099529
1085 0.0007440483332583423
1141 0.0031932062689090904
1151 0.001233934795826362
1157 0.0011353534420436818
1178 0.0007608226759490672
1302 0.0011353534420436818
1363 0.007947474094305773
1370 0.003406060326131045
1373 0.0010654088584181574
1400 0.0016389135536082674
1544 0.0011353534420436818
1580 0.0022707068840873636
1631 0.0037018043874790857
1692 0.001233934795826362
1837 0.0008968829210099529
1898 0.001233934795826362
1981 0.0010654088584181574
2061 0.0010654088584181574
2064 0.004834137523177386
2085 0.0015576813218245737
2183 0.007012303666172833
2184 0.001233934795826362
2185 0.0084147643994074
2186 0.005609842932938266
2187 0.001233934795826362
2188 0.0014024607332345665
2189 0.0014024607332345665
2190 0.002804921466469133
2191 0.0010654088584181574
2192 0.0014024607332345665
2193 0.0014024607332345665
2194 0.0011353534420436818
2195 0.00681212065226209
2196 0.002804921466469133
2197 0.001233934795826362
2198 0.001233934795826362
2199 0.0008426296870410227
2200 0.001233934795826362
2201 0.001233934795826362
2202 0.0019336550092709543
2203 0.0020223112488984545
2204 0.00707808937114459
2205 0.0014024607332345665
2206 0.001233934795826362
2207 0.0014024607332345665
2208 0.0014024607332345665
2209 0.0014024607332345665
2210 0.001233934795826362
2211 0.0014024607332345665
2212 0.001233934795826362
2213 0.001233934795826362
2214 0.0014024607332345665