0 0.00012419781759445434
1 0.00009782275243664496
2 0.00011794730538676969
5 0.00013988916725104833
6 0.0001467383957865933
7 0.0001345454019413534
13 0.00000615555749678818
16 0.00014535302717131544
19 0.00036606883509663425
26 0.00043801922943748593
33 0.0003281012370525588
34 0.00008348431274309984
38 0.0000061165972316363655
39 0.000007719109728806289
40 0.0000030582986158181828
41 0.00001231111499357636
43 0.00003401869087870331
46 0.00026769710912056773
49 0.0000679268829654962
52 0.000022262872240576327
59 0.0005624425397736376
61 0.00019112209487459625
63 0.000006870329625449715
66 0.00019245982333411082
72 0.0021630646112685364
82 0.0007788771918317696
89 0.0001958367044818539
97 0.00047159727675776246
180 0.0002952696582040436
264 0.0004995742594430985
310 0.0002927237550026589
324 0.0006741037496328182
411 0.00028037940164174876
468 0.001463983136469883
494 0.0011046989712264975
496 0.0005380435045719325
641 0.0006865747669893828
648 0.0013482074992656363
1026 0.0011353534420436818
1827 0.0008968829210099529
2115 0.0043412307542639835
2215 0.0014024607332345665
2216 0.001233934795826362
2217 0.001233934795826362