9 0.0008321576562681452
13 0.00000615555749678818
16 0.00014535302717131544
21 0.00035600678399941706
26 0.00043801922943748593
29 0.0005180488295811783
34 0.0002504529382292995
38 0.0000061165972316363655
39 0.000015438219457612578
40 0.000018349791694909097
41 0.000030777787483940904
42 0.0000639410308440091
43 0.00004252336359837915
44 0.0002488181053806278
45 0.00016483120196417766
46 0.0002007728318404258
47 0.00015708345067261473
52 0.000022262872240576327
61 0.00019112209487459625
63 0.000006870329625449715
82 0.0012981286530529493
85 0.00020625822270013306
89 0.0007833468179274156
277 0.00017624504713701082
287 0.0004937153847581824
310 0.0005854475100053178
376 0.001301861678791858
391 0.0013482074992656363
394 0.0006741037496328182
412 0.0011085527014911838
413 0.0010779442411709562
475 0.003778653778914408
487 0.0009293486133572717
491 0.0005755223958501378
492 0.0027462990679575313
505 0.003311206610831934
506 0.00314887814909534
508 0.0005922967385408627
1397 0.0016570484568397463
1693 0.0008968829210099529
1745 0.001233934795826362
2218 0.0011353534420436818
2219 0.0014024607332345665
2220 0.001233934795826362
2221 0.0011353534420436818