13 0.00004308890247751726
27 0.000619850515663888
30 0.00039130510878533924
34 0.00008348431274309984
36 0.00008671892631624905
38 0.000009174895847454548
39 0.000007719109728806289
40 0.000009174895847454548
41 0.00002462222998715272
42 0.0000639410308440091
43 0.000025514018159027487
49 0.0000679268829654962
51 0.0001670110942886723
52 0.000022262872240576327
63 0.000006870329625449715
64 0.00007506333130309098
65 0.00012931656527202115
66 0.00019245982333411082
67 0.0001412436639807968
68 0.0008221655978060067
113 0.00026863163182146973
114 0.00037301592297508214
118 0.0019458879838479231
123 0.0003111316863753057
124 0.00016852593740820454
130 0.00038382354820504417
167 0.0007440483332583423
192 0.000650930839395929
193 0.000619850515663888
264 0.0004995742594430985
283 0.004834137523177386
304 0.0004937153847581824
347 0.0005117333697214018
411 0.00028037940164174876
430 0.00042815166801879435
445 0.0004663684400884302
457 0.0006011388596619117
507 0.0011510447917002756
515 0.0008682461508527967
545 0.0015576813218245737
546 0.0007608226759490672
555 0.0005245327214076215
557 0.0031153626436491474
593 0.0043412307542639835
730 0.0010111556244492273
771 0.0008194567768041337
782 0.000650930839395929
893 0.0019336550092709543
1095 0.0007788406609122869
1304 0.0010111556244492273
1343 0.0009293486133572717
1397 0.0005523494856132488
1674 0.0008968829210099529
1713 0.0007983015672272726
1753 0.0038041133797453363
2222 0.0014024607332345665
2223 0.001233934795826362
2224 0.0010654088584181574
2225 0.0014024607332345665
2226 0.0042073821997037
2227 0.0014024607332345665
2228 0.0014024607332345665
2229 0.0014024607332345665
2230 0.0011353534420436818
2231 0.0014024607332345665
2232 0.0014024607332345665
2233 0.0014024607332345665
2234 0.0014024607332345665
2235 0.0014024607332345665
2236 0.0014024607332345665
2237 0.0014024607332345665
2238 0.0014024607332345665