13 0.00001846667249036454
16 0.00014535302717131544
17 0.00048799437882329435
19 0.0007321376701932685
34 0.00033393725097239935
38 0.0000030582986158181828
39 0.000015438219457612578
40 0.000012233194463272731
41 0.00003693334498072908
42 0.0001278820616880182
43 0.000017009345439351656
45 0.00008241560098208883
46 0.0002007728318404258
47 0.00031416690134522947
49 0.0002037806488964886
51 0.0001670110942886723
56 0.00013988916725104833
63 0.0000022901098751499047
67 0.0001412436639807968
71 0.000830477989422491
81 0.0036266833862818306
100 0.0003370518748164091
134 0.000650930839395929
150 0.000775071104253895
167 0.0007440483332583423
198 0.0008194567768041337
247 0.00056755015592235
259 0.002185070950805245
347 0.0010234667394428036
412 0.00036951756716372796
430 0.00042815166801879435
484 0.0006997202134445921
613 0.0005922967385408627
1001 0.000640123214165967
1034 0.0008194567768041337
1486 0.0009293486133572717
1855 0.0010654088584181574
2007 0.0008968829210099529
2239 0.005609842932938266
2240 0.0014024607332345665
2241 0.0014024607332345665
2242 0.001233934795826362
2243 0.0014024607332345665
2244 0.0014024607332345665
2245 0.0014024607332345665
2246 0.0014024607332345665
2247 0.0014024607332345665
2248 0.0011353534420436818
2249 0.0014024607332345665
2250 0.0014024607332345665
2251 0.0014024607332345665