0 0.00012419781759445434
1 0.00009782275243664496
2 0.00011794730538676969
3 0.00042377080113265817
4 0.00036951756716372796
5 0.00013988916725104833
6 0.0001467383957865933
7 0.0001345454019413534
8 0.000230498281105941
9 0.0008321576562681452
13 0.000030777787483940904
16 0.00014535302717131544
20 0.0009252453139777587
21 0.00035600678399941706
22 0.001339529805302295
27 0.001239701031327776
34 0.00008348431274309984
36 0.00043359463158124535
38 0.000009174895847454548
39 0.000015438219457612578
40 0.000012233194463272731
41 0.00002462222998715272
42 0.0001278820616880182
43 0.00003401869087870331
44 0.0004976362107612556
45 0.00008241560098208883
46 0.0004015456636808516
47 0.00047125035201784417
48 0.00022854540687854879
49 0.0001358537659309924
51 0.0001670110942886723
52 0.000044525744481152654
55 0.0004493721902918458
56 0.00041966750175314503
57 0.0007054864489460062
58 0.0006458928323905189
59 0.0003749616931824251
60 0.0002756119639105608
61 0.00019112209487459625
63 0.0000022901098751499047
64 0.00007506333130309098
65 0.0002586331305440423
66 0.0005773794700023325
67 0.0001412436639807968
73 0.000619850515663888
81 0.000362668338628183
82 0.0010385029224423594
84 0.000331048322034894
85 0.0004125164454002661
88 0.0008139929168838665
113 0.0005372632636429395
122 0.0010680203519982513
123 0.0003111316863753057
124 0.0003370518748164091
150 0.000775071104253895
171 0.0010673132355604406
196 0.0027757359419332763
255 0.000362668338628183
277 0.00035249009427402165
279 0.000446509935100765
314 0.0010111556244492273
341 0.016178489991187636
437 0.0005180488295811783
497 0.000725336677256366
520 0.0006864148646263945
595 0.0014880966665166847
596 0.0006741037496328182
650 0.0007608226759490672
669 0.0006103147235040822
671 0.0005598310461935439
678 0.0010654088584181574
788 0.0006622413221663868
805 0.0017364923017055933
845 0.0007608226759490672
873 0.0007983015672272726
1031 0.0008426296870410227
1060 0.0005837649321194501
1120 0.0052979305773310946
1154 0.0017937658420199057
1613 0.003406060326131045
1617 0.0009668275046354771
1769 0.00676779253244834
1773 0.003196226575254472
1827 0.0008968829210099529
2156 0.0009668275046354771
2252 0.009817225132641966
2253 0.026646753931456765
2254 0.0042073821997037
2255 0.0014024607332345665
2256 0.002804921466469133
2257 0.0014024607332345665
2258 0.0014024607332345665
2259 0.0014024607332345665
2260 0.0011353534420436818
2261 0.002804921466469133
2262 0.0010654088584181574
2263 0.0014024607332345665
2264 0.0014024607332345665
2265 0.002804921466469133
2266 0.0014024607332345665