9 0.0008321576562681452
13 0.00001231111499357636
17 0.006343926924702826
18 0.005492598135915063
19 0.0007321376701932685
20 0.0006168302093185058
23 0.003539044685572295
29 0.0010360976591623566
34 0.00008348431274309984
36 0.0001734378526324981
38 0.0000061165972316363655
39 0.000015438219457612578
40 0.000015291493079090914
41 0.00004308890247751726
42 0.0000639410308440091
43 0.000017009345439351656
44 0.0002488181053806278
45 0.0003296624039283553
46 0.0004015456636808516
47 0.00015708345067261473
49 0.0000679268829654962
51 0.0001670110942886723
52 0.000022262872240576327
55 0.0002246860951459229
56 0.00041966750175314503
57 0.0003527432244730031
61 0.00019112209487459625
63 0.0000022901098751499047
64 0.00007506333130309098
66 0.0009622991166705541
72 0.0008652258445074145
76 0.0014147918302732875
107 0.0003875355521269475
115 0.0004663684400884302
123 0.0003111316863753057
124 0.00016852593740820454
154 0.0013731495339787657
158 0.0005755223958501378
171 0.0002134626471120881
179 0.0026489652886655473
197 0.0011351003118447
212 0.0014272344525833
226 0.0004769410420674574
229 0.0008968829210099529
245 0.0003765653514752408
249 0.0022824680278472017
251 0.0004513245782556835
259 0.0014567139672034967
263 0.0005755223958501378
264 0.000999148518886197
277 0.0005287351414110325
279 0.00089301987020153
307 0.00047159727675776246
310 0.0002927237550026589
360 0.00036951756716372796
362 0.0010654088584181574
371 0.0005837649321194501
376 0.000650930839395929
396 0.001776890215622588
412 0.00036951756716372796
413 0.0003593147470569854
430 0.00042815166801879435
449 0.0015576813218245737
468 0.00048799437882329435
479 0.0028544689051666
497 0.000362668338628183
551 0.0006741037496328182
563 0.0010111556244492273
596 0.0013482074992656363
613 0.0005922967385408627
649 0.0007440483332583423
669 0.0012206294470081644
728 0.0010654088584181574
735 0.0008194567768041337
741 0.0008968829210099529
841 0.0006865747669893828
911 0.0009668275046354771
915 0.0013244826443327736
919 0.004541413768174727
1029 0.0010234667394428036
1089 0.0010654088584181574
1120 0.0019867239664991604
1178 0.0007608226759490672
1196 0.0006741037496328182
1242 0.004541413768174727
1290 0.0011353534420436818
1301 0.005576091680143631
1409 0.0009668275046354771
1591 0.0009668275046354771
1676 0.001233934795826362
1699 0.001233934795826362
2128 0.003033466873347682
2175 0.0011353534420436818
2267 0.005609842932938266
2268 0.0014024607332345665
2269 0.0022707068840873636
2270 0.0014024607332345665
2271 0.0014024607332345665
2272 0.0042073821997037
2273 0.0011353534420436818
2274 0.0014024607332345665
2275 0.0014024607332345665
2276 0.0014024607332345665
2277 0.002804921466469133
2278 0.0014024607332345665
2279 0.0014024607332345665
2280 0.001233934795826362
2281 0.011219685865876532
2282 0.005609842932938266
2283 0.002804921466469133
2284 0.002804921466469133
2285 0.0014024607332345665
2286 0.0014024607332345665
2287 0.0011353534420436818
2288 0.0014024607332345665
2289 0.0014024607332345665
2290 0.0014024607332345665
2291 0.0014024607332345665
2292 0.0014024607332345665
2293 0.0014024607332345665