0 0.00012419781759445434
1 0.00009782275243664496
2 0.00023589461077353939
5 0.00013988916725104833
6 0.0001467383957865933
7 0.0001345454019413534
13 0.000030777787483940904
28 0.00043261292225370724
33 0.0003281012370525588
36 0.00008671892631624905
38 0.000009174895847454548
39 0.000007719109728806289
40 0.0000061165972316363655
41 0.00001231111499357636
42 0.0000639410308440091
43 0.000017009345439351656
45 0.00008241560098208883
46 0.0002007728318404258
47 0.00015708345067261473
52 0.000022262872240576327
63 0.0000045802197502998095
64 0.00007506333130309098
65 0.0002586331305440423
88 0.00040699645844193325
118 0.0008339519930776814
186 0.0005180488295811783
210 0.0005245327214076215
272 0.0006865747669893828
308 0.0007283569836017483
320 0.0005598310461935439
497 0.000362668338628183
594 0.00071361722629165
665 0.0008682461508527967
691 0.000640123214165967
698 0.0017364923017055933
759 0.0020991606403337765
780 0.003311206610831934
920 0.002185070950805245
1374 0.0044844146050497646
1436 0.002458370330412401
1815 0.0011353534420436818
1934 0.0009668275046354771
2294 0.0042073821997037
2295 0.011219685865876532
2296 0.0014024607332345665
2297 0.0011353534420436818
2298 0.0022707068840873636
2299 0.001233934795826362