0 0.00012419781759445434
1 0.00019564550487328992
2 0.00011794730538676969
5 0.00013988916725104833
6 0.0001467383957865933
7 0.0001345454019413534
13 0.00001846667249036454
16 0.00043605908151394634
17 0.001463983136469883
19 0.0007321376701932685
20 0.0009252453139777587
23 0.0010111556244492273
26 0.00021900961471874297
30 0.00039130510878533924
33 0.0006562024741051176
34 0.0005843901892016989
36 0.0002601567789487472
38 0.000009174895847454548
39 0.000015438219457612578
40 0.000018349791694909097
41 0.00005540001747109362
42 0.0000639410308440091
43 0.000051028036318054975
45 0.00016483120196417766
46 0.0006023184955212773
47 0.00031416690134522947
49 0.0000679268829654962
51 0.0003340221885773446
52 0.000044525744481152654
55 0.0004493721902918458
56 0.0008393350035062901
57 0.0010582296734190093
58 0.0008611904431873585
59 0.0007499233863648502
60 0.0002756119639105608
61 0.00019112209487459625
63 0.0000045802197502998095
64 0.00007506333130309098
67 0.0001412436639807968
74 0.0006865747669893828
84 0.000993144966104682
85 0.0004125164454002661
88 0.00040699645844193325
89 0.0005875101134455617
113 0.00026863163182146973
160 0.00038382354820504417
196 0.0003084151046592529
249 0.009890694787337874
250 0.0008221655978060067
284 0.0011353534420436818
307 0.0009431945535155249
360 0.0011085527014911838
367 0.0006011388596619117
369 0.0022707068840873636
371 0.0017512947963583504
377 0.00071361722629165
474 0.0014024607332345665
475 0.004408429408733476
476 0.002458370330412401
477 0.003196226575254472
478 0.001233934795826362
479 0.00071361722629165
480 0.0008426296870410227
481 0.0011353534420436818
482 0.0008968829210099529
483 0.0008968829210099529