0 0.00012419781759445434
1 0.00009782275243664496
2 0.00011794730538676969
5 0.00013988916725104833
6 0.0001467383957865933
8 0.000230498281105941
9 0.0008321576562681452
12 0.001516733436673841
13 0.00000615555749678818
16 0.00014535302717131544
20 0.0003084151046592529
21 0.0007120135679988341
22 0.000446509935100765
34 0.00008348431274309984
36 0.00008671892631624905
37 0.000725336677256366
38 0.000009174895847454548
39 0.000015438219457612578
40 0.000015291493079090914
41 0.00002462222998715272
42 0.0001278820616880182
43 0.0000595327090377308
44 0.0004976362107612556
45 0.00016483120196417766
46 0.0005353942182411355
47 0.0004188892017936393
48 0.00022854540687854879
49 0.0001358537659309924
51 0.0001670110942886723
52 0.000044525744481152654
55 0.0013481165708755375
56 0.0006994458362552417
57 0.0014109728978920124
58 0.0006458928323905189
59 0.00018748084659121254
60 0.0002756119639105608
61 0.00019112209487459625
63 0.0000022901098751499047
66 0.00019245982333411082
85 0.0004125164454002661
97 0.00047159727675776246
99 0.0006741037496328182
101 0.003196226575254472
124 0.00016852593740820454
136 0.0019867239664991604
148 0.003196226575254472
159 0.0003495228921729738
237 0.0007440483332583423
245 0.0007531307029504816
267 0.0005180488295811783
270 0.0028544689051666
271 0.0018309441705122468
274 0.004272203064528576
279 0.000446509935100765
396 0.0023691869541634506
486 0.0013994404268891842
552 0.0006297756298190679
739 0.0008682461508527967
902 0.001301861678791858
1036 0.0007608226759490672
1060 0.0005837649321194501
1070 0.0007788406609122869
1186 0.0011353534420436818
1330 0.0006865747669893828
1396 0.0007608226759490672
2007 0.0008968829210099529
2300 0.005609842932938266
2301 0.0014024607332345665
2302 0.0014024607332345665
2303 0.002467869591652724
2304 0.0014024607332345665
2305 0.0014024607332345665
2306 0.0014024607332345665
2307 0.001233934795826362
2308 0.00616967397913181
2309 0.0014024607332345665
2310 0.0014024607332345665
2311 0.001233934795826362