1 0.00019564550487328992
13 0.00001846667249036454
17 0.0019519775152931774
18 0.0020597243009681486
19 0.0007321376701932685
23 0.0005055778122246136
33 0.0003281012370525588
36 0.00008671892631624905
38 0.000009174895847454548
39 0.000007719109728806289
40 0.0000030582986158181828
41 0.00000615555749678818
43 0.000025514018159027487
44 0.0004976362107612556
45 0.00008241560098208883
46 0.00006692427728014193
47 0.00036652805156943435
49 0.0000679268829654962
51 0.0001670110942886723
55 0.0002246860951459229
56 0.00027977833450209665
60 0.0008268358917316825
61 0.00019112209487459625
63 0.0000045802197502998095
65 0.0002586331305440423
87 0.0003951340309755019
89 0.0001958367044818539
97 0.0009431945535155249
124 0.00016852593740820454
129 0.0009668275046354771
159 0.0024466602452108163
196 0.0003084151046592529
206 0.0008682461508527967
210 0.0005245327214076215
243 0.00071361722629165
259 0.00437014190161049
277 0.00035249009427402165
310 0.0011708950200106356
313 0.0007283569836017483
348 0.0007283569836017483
360 0.0007390351343274559
405 0.002130817716836315
428 0.0019336550092709543
444 0.0020223112488984545
470 0.005055778122246136
484 0.0020991606403337765
520 0.0003432074323131972
543 0.0007283569836017483
646 0.0014880966665166847
657 0.002130817716836315
682 0.0006865747669893828
730 0.005055778122246136
741 0.0017937658420199057
852 0.0006997202134445921
873 0.0007983015672272726
1052 0.0017937658420199057
1162 0.000619850515663888
1196 0.0013482074992656363
1315 0.00071361722629165
1332 0.001233934795826362
1346 0.0020223112488984545
1450 0.0017937658420199057
1486 0.0009293486133572717
1499 0.0007983015672272726
1585 0.001233934795826362
1603 0.0008682461508527967
1642 0.001233934795826362
1702 0.0010654088584181574
1713 0.0007983015672272726
1873 0.0008968829210099529
2312 0.007012303666172833
2313 0.0014024607332345665
2314 0.0014024607332345665
2315 0.001233934795826362
2316 0.002804921466469133
2317 0.0014024607332345665
2318 0.0010654088584181574
2319 0.0008426296870410227
2320 0.0011353534420436818
2321 0.0014024607332345665
2322 0.0014024607332345665
2323 0.001233934795826362
2324 0.002804921466469133
2325 0.0022707068840873636
2326 0.0014024607332345665
2327 0.0014024607332345665
2328 0.0014024607332345665
2329 0.0014024607332345665
2330 0.0014024607332345665
2331 0.0014024607332345665
2332 0.0014024607332345665
2333 0.0014024607332345665
2334 0.0014024607332345665
2335 0.0014024607332345665