0 0.00012419781759445434
1 0.00009782275243664496
2 0.00011794730538676969
7 0.0001345454019413534
13 0.00003693334498072908
16 0.0002907060543426309
38 0.000009174895847454548
39 0.000007719109728806289
40 0.000009174895847454548
41 0.00001846667249036454
42 0.0001918230925320273
43 0.000017009345439351656
45 0.00016483120196417766
46 0.00006692427728014193
47 0.00005236115022420491
52 0.000022262872240576327
58 0.0006458928323905189
59 0.0005624425397736376
61 0.0003822441897491925
63 0.000009160439500599619
67 0.0001412436639807968
77 0.0008968829210099529
81 0.0021760100317690986
82 0.00025962573061058986
85 0.00020625822270013306
88 0.00040699645844193325
118 0.0005559679953851209
123 0.0003111316863753057
214 0.0005180488295811783
282 0.0005922967385408627
288 0.0013687094804399312
292 0.001280246428331934
366 0.0006997202134445921
438 0.0006011388596619117
439 0.00214085167887495
497 0.000362668338628183