0 0.00012419781759445434
1 0.00009782275243664496
2 0.00011794730538676969
3 0.00042377080113265817
4 0.00036951756716372796
5 0.00013988916725104833
6 0.0001467383957865933
7 0.0001345454019413534
8 0.000230498281105941
9 0.0006241182422011089
11 0.0008194567768041337
13 0.00004308890247751726
18 0.0006865747669893828
19 0.00036606883509663425
20 0.0012336604186370117
21 0.0024920474879959196
22 0.00089301987020153
34 0.00008348431274309984
36 0.0001734378526324981
38 0.000009174895847454548
39 0.000015438219457612578
40 0.000015291493079090914
41 0.00002462222998715272
42 0.0001918230925320273
43 0.00003401869087870331
44 0.0004976362107612556
45 0.00016483120196417766
46 0.00026769710912056773
47 0.00031416690134522947
48 0.00022854540687854879
49 0.0002037806488964886
51 0.0001670110942886723
52 0.000044525744481152654
56 0.00013988916725104833
58 0.00043059522159367926
59 0.0005624425397736376
60 0.0002756119639105608
61 0.00019112209487459625
63 0.0000045802197502998095
64 0.00007506333130309098
65 0.0002586331305440423
66 0.0007698392933364433
67 0.0001412436639807968
73 0.000619850515663888
81 0.0025386783703972814
82 0.00025962573061058986
85 0.00020625822270013306
90 0.0006622413221663868
91 0.0013994404268891842
99 0.0006741037496328182
100 0.0013482074992656363
114 0.00037301592297508214
118 0.0008339519930776814
124 0.0003370518748164091
135 0.0007440483332583423
146 0.0004513245782556835
214 0.0005180488295811783
267 0.0005180488295811783
279 0.00089301987020153
282 0.0011845934770817253
291 0.0015216453518981344
304 0.0004937153847581824
320 0.0027991552309677196
352 0.00071361722629165
360 0.00036951756716372796
375 0.00047159727675776246
411 0.0005607588032834975
495 0.0006622413221663868
520 0.0003432074323131972
540 0.004044622497796909
555 0.0005245327214076215
558 0.0022824680278472017
578 0.0008426296870410227
633 0.0007608226759490672
693 0.002458370330412401
779 0.0005755223958501378
841 0.0006865747669893828
850 0.0006997202134445921
866 0.0008426296870410227
945 0.009082827536349454
954 0.006505440293500903
1029 0.0035821335880498128
1073 0.0008194567768041337
1074 0.0009668275046354771
1075 0.0009668275046354771
1077 0.030654542935179406
1276 0.0006622413221663868
1321 0.0007788406609122869
2336 0.003196226575254472
2337 0.0014024607332345665
2338 0.002804921466469133