13 0.000030777787483940904
19 0.00036606883509663425
20 0.0006168302093185058
29 0.0005180488295811783
34 0.00008348431274309984
36 0.0001734378526324981
38 0.000009174895847454548
39 0.000007719109728806289
40 0.000012233194463272731
41 0.000030777787483940904
42 0.0000639410308440091
43 0.000017009345439351656
45 0.0004120780049104442
49 0.0002717075318619848
51 0.0003340221885773446
52 0.000022262872240576327
56 0.00027977833450209665
63 0.000006870329625449715
64 0.00015012666260618196
65 0.0002586331305440423
67 0.0001412436639807968
71 0.0004152389947112455
76 0.00047159727675776246
84 0.000331048322034894
88 0.00040699645844193325
89 0.0001958367044818539
97 0.0014147918302732875
100 0.0013482074992656363
102 0.00042377080113265817
104 0.0007460318459501643
113 0.00026863163182146973
122 0.00035600678399941706
146 0.0004513245782556835
159 0.0006990457843459476
160 0.00038382354820504417
180 0.0002952696582040436
191 0.0008194567768041337
226 0.0004769410420674574
245 0.0011296960544257225
246 0.0014567139672034967
250 0.0008221655978060067
261 0.0010360976591623566
273 0.0011353534420436818
287 0.0004937153847581824
293 0.0020223112488984545
304 0.0004937153847581824
315 0.0009668275046354771
332 0.0010111556244492273
348 0.0007283569836017483
360 0.00036951756716372796
411 0.0005607588032834975
468 0.001463983136469883
480 0.0008426296870410227
484 0.004198321280667553
496 0.0005380435045719325
520 0.0006864148646263945
550 0.0005922967385408627
622 0.0005598310461935439
669 0.0006103147235040822
788 0.0019867239664991604
826 0.0006865747669893828
850 0.0006997202134445921
1063 0.0008968829210099529
1066 0.0010654088584181574
1196 0.01078565999412509
1298 0.0009668275046354771
1339 0.0020223112488984545
1396 0.0007608226759490672
1399 0.006392453150508944
1497 0.004541413768174727
1608 0.0011353534420436818
1698 0.0022707068840873636
1830 0.0008426296870410227
1893 0.054335851779326025
2063 0.0009668275046354771
2064 0.0019336550092709543
2187 0.001233934795826362
2320 0.0011353534420436818
2339 0.005609842932938266
2340 0.0014024607332345665
2341 0.002804921466469133
2342 0.0009668275046354771
2343 0.01963445026528393
2344 0.0014024607332345665
2345 0.0011353534420436818
2346 0.0011353534420436818
2347 0.001233934795826362
2348 0.0014024607332345665
2349 0.0042073821997037
2350 0.0042073821997037
2351 0.0014024607332345665
2352 0.0014024607332345665
2353 0.009817225132641966
2354 0.001233934795826362
2355 0.0014024607332345665
2356 0.0014024607332345665
2357 0.005609842932938266
2358 0.007403608774958171
2359 0.0014024607332345665
2360 0.0014024607332345665
2361 0.0042073821997037
2362 0.0014024607332345665
2363 0.0014024607332345665