0 0.00012419781759445434
1 0.00009782275243664496
2 0.00011794730538676969
5 0.00013988916725104833
6 0.0001467383957865933
7 0.0001345454019413534
8 0.000230498281105941
13 0.00001846667249036454
16 0.00014535302717131544
20 0.0003084151046592529
26 0.00021900961471874297
33 0.0003281012370525588
34 0.00033393725097239935
36 0.0001734378526324981
38 0.000009174895847454548
39 0.000015438219457612578
40 0.000009174895847454548
41 0.00001846667249036454
42 0.0000639410308440091
43 0.00003401869087870331
45 0.00008241560098208883
46 0.00013384855456028387
47 0.00020944460089681964
49 0.0001358537659309924
52 0.000044525744481152654
56 0.00013988916725104833
58 0.00043059522159367926
59 0.0003749616931824251
60 0.0005512239278211216
61 0.00019112209487459625
63 0.000009160439500599619
64 0.00007506333130309098
65 0.0002586331305440423
66 0.00019245982333411082
67 0.0001412436639807968
84 0.000331048322034894
99 0.0006741037496328182
107 0.0003875355521269475
124 0.00016852593740820454
150 0.000775071104253895
151 0.000650930839395929
159 0.0006990457843459476
279 0.000446509935100765
288 0.0013687094804399312
366 0.0006997202134445921
412 0.00036951756716372796
413 0.0003593147470569854
483 0.0008968829210099529
490 0.0028544689051666
491 0.002877611979250689
492 0.008925471970861977
494 0.002761747428066244
496 0.0005380435045719325
508 0.0005922967385408627
544 0.0008426296870410227
649 0.0007440483332583423
743 0.0010111556244492273
751 0.0065556542144330696
772 0.0005311942760363876
825 0.0009668275046354771
845 0.0007608226759490672
928 0.0008426296870410227
1062 0.0011196620923870878
1285 0.0008194567768041337
1328 0.0007440483332583423
1503 0.0020223112488984545
1785 0.0010111556244492273
1830 0.0016852593740820454
1910 0.0019336550092709543
2163 0.0010111556244492273
2345 0.0011353534420436818
2364 0.0014024607332345665
2365 0.0010654088584181574
2366 0.001233934795826362