0 0.00012419781759445434
1 0.00009782275243664496
2 0.00011794730538676969
5 0.00013988916725104833
6 0.0001467383957865933
7 0.0001345454019413534
13 0.00002462222998715272
16 0.00014535302717131544
26 0.00021900961471874297
30 0.0011739153263560177
33 0.0006562024741051176
34 0.00008348431274309984
38 0.000009174895847454548
39 0.00002315732918641887
40 0.000012233194463272731
41 0.00001846667249036454
42 0.0001278820616880182
43 0.00004252336359837915
46 0.0004015456636808516
47 0.00031416690134522947
48 0.00022854540687854879
49 0.0000679268829654962
51 0.0001670110942886723
52 0.000022262872240576327
63 0.0000045802197502998095
65 0.00012931656527202115
74 0.0006865747669893828
81 0.000362668338628183
82 0.0007788771918317696
89 0.0003916734089637078
97 0.00047159727675776246
104 0.00037301592297508214
113 0.0005372632636429395
123 0.0003111316863753057
124 0.00016852593740820454
160 0.00038382354820504417
171 0.0002134626471120881
221 0.00520947690511678
247 0.00056755015592235
250 0.00123324839670901
252 0.0007608226759490672
272 0.0006865747669893828
277 0.0005287351414110325
350 0.008426296870410228
360 0.0007390351343274559
379 0.0006741037496328182
401 0.001239701031327776
402 0.0020223112488984545
497 0.000362668338628183
520 0.0010296222969395918
590 0.0006622413221663868
591 0.0007283569836017483
694 0.0008194567768041337
716 0.0005523494856132488
772 0.0010623885520727751
820 0.0031932062689090904
821 0.003717394453429087
915 0.0006622413221663868
1052 0.0017937658420199057
1305 0.0008968829210099529
1315 0.00071361722629165
1325 0.002232144999775027
1326 0.0009668275046354771
1327 0.0009668275046354771
1328 0.005208338332808396
1330 0.0013731495339787657
2367 0.004935739183305448
2368 0.002804921466469133