9 0.0012482364844022178
12 0.0005055778122246136
13 0.00001846667249036454
20 0.0009252453139777587
21 0.00035600678399941706
29 0.0005180488295811783
34 0.00008348431274309984
36 0.0002601567789487472
38 0.000009174895847454548
39 0.00002315732918641887
40 0.000018349791694909097
41 0.00002462222998715272
42 0.0001278820616880182
43 0.000025514018159027487
44 0.0004976362107612556
45 0.00008241560098208883
46 0.00033462138640070967
47 0.00031416690134522947
48 0.00022854540687854879
49 0.0001358537659309924
51 0.0001670110942886723
52 0.000022262872240576327
55 0.0002246860951459229
56 0.00027977833450209665
57 0.0003527432244730031
63 0.0000045802197502998095
64 0.00007506333130309098
65 0.00038794969581606347
67 0.0001412436639807968
84 0.000331048322034894
85 0.0004125164454002661
88 0.00040699645844193325
102 0.00042377080113265817
122 0.00035600678399941706
124 0.00016852593740820454
136 0.0019867239664991604
143 0.0035025895927167008
144 0.0018249459739199082
150 0.00155014220850779
152 0.0007788406609122869
159 0.0006990457843459476
171 0.0004269252942241762
217 0.007608226759490673
223 0.0016389135536082674
224 0.011353534420436818
226 0.0004769410420674574
255 0.000362668338628183
270 0.00214085167887495
271 0.0006103147235040822
274 0.0012206294470081644
311 0.0009293486133572717
347 0.0010234667394428036
394 0.0020223112488984545
507 0.0011510447917002756
520 0.0003432074323131972
534 0.0008682461508527967
666 0.0006011388596619117
669 0.0006103147235040822
716 0.0005523494856132488
779 0.0005755223958501378
786 0.0026964149985312727
850 0.0013994404268891842
946 0.0008968829210099529
1251 0.0019336550092709543
1288 0.001233934795826362
1413 0.0008968829210099529
1514 0.003196226575254472
1724 0.001233934795826362
2085 0.0007788406609122869
2382 0.002804921466469133
2383 0.0014024607332345665
2384 0.002804921466469133
2385 0.004935739183305448
2386 0.001233934795826362
2387 0.011219685865876532
2388 0.005327044292090787
2389 0.0014024607332345665
2390 0.0010111556244492273
2391 0.0014024607332345665
2392 0.0014024607332345665