0 0.00012419781759445434
1 0.00009782275243664496
2 0.00011794730538676969
3 0.00042377080113265817
4 0.00036951756716372796
5 0.00013988916725104833
6 0.0001467383957865933
7 0.0001345454019413534
8 0.000230498281105941
9 0.0006241182422011089
13 0.00001231111499357636
16 0.00014535302717131544
20 0.0015420755232962646
21 0.0014240271359976682
22 0.001339529805302295
35 0.0006865747669893828
36 0.00008671892631624905
37 0.000725336677256366
38 0.000009174895847454548
39 0.000007719109728806289
40 0.000015291493079090914
41 0.00002462222998715272
42 0.0000639410308440091
43 0.00003401869087870331
49 0.0000679268829654962
51 0.0001670110942886723
52 0.000022262872240576327
55 0.0002246860951459229
56 0.00013988916725104833
61 0.00019112209487459625
63 0.0000022901098751499047
66 0.00019245982333411082
74 0.0006865747669893828
84 0.000993144966104682
85 0.0006187746681003992
114 0.00037301592297508214
128 0.0038942033045614344
131 0.0008682461508527967
139 0.0005311942760363876
146 0.0004513245782556835
160 0.0007676470964100883
165 0.000362668338628183
179 0.0006622413221663868
253 0.0004824049019877245
261 0.0005180488295811783
279 0.000446509935100765
310 0.0002927237550026589
375 0.00047159727675776246
393 0.00056755015592235
396 0.0023691869541634506
435 0.0008682461508527967
552 0.0006297756298190679
657 0.0010654088584181574
667 0.0013994404268891842
739 0.0008682461508527967
770 0.0008968829210099529
776 0.0017937658420199057
841 0.0006865747669893828
847 0.0046467430667863595
852 0.0006997202134445921
902 0.000650930839395929
967 0.0019336550092709543
1037 0.0005755223958501378
1150 0.0010654088584181574
1224 0.0020223112488984545
1299 0.001233934795826362
1367 0.001233934795826362
1370 0.00681212065226209
1373 0.010654088584181574
1395 0.0019336550092709543
1401 0.0011353534420436818
1403 0.0009668275046354771
1670 0.0010654088584181574
1672 0.0020223112488984545
1710 0.001233934795826362
2393 0.0042073821997037
2394 0.0042073821997037
2395 0.001233934795826362
2396 0.0014024607332345665
2397 0.0014024607332345665
2398 0.0022707068840873636
2399 0.0014024607332345665
2400 0.0014024607332345665
2401 0.001233934795826362
2402 0.0014024607332345665
2403 0.0014024607332345665
2404 0.0014024607332345665
2405 0.0014024607332345665