0 0.00012419781759445434
1 0.00009782275243664496
2 0.00011794730538676969
5 0.00013988916725104833
6 0.0001467383957865933
7 0.0001345454019413534
13 0.00000615555749678818
26 0.00021900961471874297
33 0.0003281012370525588
36 0.0001734378526324981
37 0.000362668338628183
38 0.0000030582986158181828
39 0.000007719109728806289
40 0.000012233194463272731
41 0.00000615555749678818
43 0.000025514018159027487
46 0.0002007728318404258
47 0.00015708345067261473
49 0.0000679268829654962
51 0.0001670110942886723
52 0.000022262872240576327
58 0.00043059522159367926
59 0.0003749616931824251
61 0.00019112209487459625
63 0.0000045802197502998095
64 0.00007506333130309098
66 0.00019245982333411082
72 0.0008652258445074145
82 0.00025962573061058986
88 0.00040699645844193325
89 0.0003916734089637078
146 0.0004513245782556835
310 0.0002927237550026589
347 0.0005117333697214018
360 0.00036951756716372796
376 0.000650930839395929
431 0.0006865747669893828
440 0.0010111556244492273
452 0.0005755223958501378
484 0.0006997202134445921
485 0.002467869591652724
486 0.0027988808537783684
487 0.0009293486133572717
488 0.0014024607332345665
489 0.0011353534420436818