12 0.006572511558919977
13 0.00007386668996145817
14 0.002072195318324713
16 0.00014535302717131544
34 0.00016696862548619968
36 0.0005203135578974944
38 0.0000061165972316363655
39 0.00005403376810164403
40 0.000012233194463272731
41 0.00001846667249036454
42 0.0001278820616880182
43 0.000025514018159027487
45 0.00008241560098208883
46 0.00026769710912056773
47 0.0002618057511210246
49 0.0002037806488964886
52 0.000022262872240576327
56 0.00027977833450209665
61 0.00019112209487459625
63 0.000006870329625449715
65 0.00012931656527202115
66 0.00038491964666822163
78 0.002527889061123068
95 0.0008682461508527967
98 0.0008682461508527967
107 0.000775071104253895
115 0.0004663684400884302
125 0.0009759887576465887
149 0.000640123214165967
159 0.0003495228921729738
165 0.000362668338628183
171 0.0004269252942241762
176 0.0005837649321194501
177 0.000725336677256366
180 0.0005905393164080872
196 0.0003084151046592529
210 0.0005245327214076215
212 0.00071361722629165
214 0.002072195318324713
222 0.0006741037496328182
225 0.0006865747669893828
226 0.0004769410420674574
250 0.00041108279890300333
251 0.000902649156511367
252 0.0007608226759490672
253 0.0004824049019877245
270 0.007849789489208149
271 0.00793409140555307
274 0.0012206294470081644
277 0.001057470282822065
287 0.0004937153847581824
288 0.00045623649347997704
304 0.0009874307695163648
307 0.00047159727675776246
320 0.006158141508128982
321 0.0007440483332583423
327 0.003641784918008742
334 0.0009293486133572717
356 0.0015576813218245737
375 0.0014147918302732875
377 0.0014272344525833
412 0.0007390351343274559
413 0.0007186294941139708
430 0.0008563033360375887
431 0.0006865747669893828
439 0.00356808613145825
441 0.0011675298642389001
452 0.0005755223958501378
455 0.0008682461508527967
469 0.0011353534420436818
470 0.0008426296870410227
497 0.000362668338628183
515 0.0008682461508527967
520 0.0003432074323131972
542 0.0007983015672272726
545 0.0007788406609122869
546 0.0007608226759490672
549 0.0007283569836017483
551 0.0006741037496328182
599 0.0009668275046354771
608 0.0007440483332583423
622 0.0005598310461935439
639 0.0009668275046354771
654 0.011152183360287261
703 0.0006865747669893828
715 0.0008194567768041337
752 0.006505440293500903
759 0.0020991606403337765
774 0.0011353534420436818
805 0.006945969206822373
823 0.0007983015672272726
876 0.00356808613145825
988 0.0023365219827368605
1086 0.0008968829210099529
1112 0.0005922967385408627
1120 0.0006622413221663868
1162 0.000619850515663888
1176 0.0008968829210099529
1214 0.0007788406609122869
1283 0.004198321280667553
1303 0.001233934795826362
1310 0.0006622413221663868
1417 0.0032778271072165348
1653 0.00781421535767517
1666 0.0010654088584181574
1674 0.0008968829210099529
1742 0.0008968829210099529
1796 0.0018586972267145435
1803 0.0008682461508527967
1880 0.0009668275046354771
2012 0.0011353534420436818
2013 0.0011353534420436818
2027 0.0008426296870410227
2035 0.0011353534420436818
2082 0.028380500304006323
2083 0.0010654088584181574
2342 0.0009668275046354771
2406 0.0011353534420436818
2407 0.001233934795826362
2408 0.001233934795826362
2409 0.001233934795826362
2410 0.0014024607332345665
2411 0.0014024607332345665
2412 0.0010654088584181574
2413 0.001233934795826362
2414 0.0010111556244492273
2415 0.0014024607332345665
2416 0.0011353534420436818
2417 0.0014024607332345665
2418 0.001233934795826362
2419 0.0014024607332345665
2420 0.001233934795826362
2421 0.001233934795826362
2422 0.0014024607332345665
2423 0.0014024607332345665