9 0.0004160788281340726
13 0.000030777787483940904
16 0.00043605908151394634
38 0.0000061165972316363655
39 0.000015438219457612578
40 0.0000061165972316363655
41 0.000030777787483940904
42 0.0001278820616880182
43 0.000017009345439351656
44 0.0002488181053806278
45 0.00008241560098208883
46 0.00013384855456028387
47 0.00010472230044840982
49 0.0000679268829654962
52 0.000022262872240576327
56 0.00013988916725104833
61 0.00009556104743729812
63 0.0000045802197502998095
68 0.0016443311956120133
85 0.00020625822270013306
99 0.0006741037496328182
122 0.00035600678399941706
123 0.0003111316863753057
124 0.00016852593740820454
144 0.0009124729869599541
179 0.0013244826443327736
214 0.0005180488295811783
219 0.009100400620043044
255 0.000725336677256366
320 0.0011196620923870878
366 0.0006997202134445921
375 0.00047159727675776246
391 0.0006741037496328182
411 0.00028037940164174876
468 0.00048799437882329435
533 0.003370518748164091
648 0.0006741037496328182
672 0.0008426296870410227
868 0.0011351003118447
954 0.003717394453429087
1001 0.000640123214165967
1037 0.0005755223958501378
2424 0.002804921466469133
2425 0.0014024607332345665
2426 0.0014024607332345665
2427 0.0011353534420436818
2428 0.0014024607332345665
2429 0.001233934795826362
2430 0.0014024607332345665
2431 0.0014024607332345665
2432 0.0014024607332345665
2433 0.0014024607332345665