0 0.00012419781759445434
1 0.00009782275243664496
2 0.00011794730538676969
5 0.00013988916725104833
6 0.0001467383957865933
7 0.0001345454019413534
13 0.00000615555749678818
16 0.00014535302717131544
17 0.001463983136469883
23 0.0020223112488984545
34 0.00008348431274309984
37 0.0010880050158845493
38 0.0000061165972316363655
39 0.00002315732918641887
40 0.000009174895847454548
41 0.00002462222998715272
43 0.00004252336359837915
46 0.0004015456636808516
47 0.00031416690134522947
49 0.0000679268829654962
52 0.000044525744481152654
55 0.0008987443805836916
61 0.00019112209487459625
63 0.000011450549375749525
64 0.00007506333130309098
67 0.0001412436639807968
72 0.003460903378029658
75 0.0015966031344545452
87 0.0011854020929265058
122 0.00035600678399941706
124 0.00016852593740820454
130 0.00038382354820504417
146 0.0004513245782556835
159 0.0006990457843459476
176 0.0005837649321194501
260 0.0006741037496328182
265 0.0008426296870410227
309 0.0009759887576465887
375 0.00047159727675776246
430 0.00042815166801879435
445 0.0004663684400884302
452 0.0005755223958501378
471 0.0007983015672272726
486 0.0006997202134445921
613 0.0011845934770817253
686 0.005327044292090787
772 0.0005311942760363876
1060 0.0005837649321194501
1064 0.0009293486133572717
1744 0.0010111556244492273
1990 0.0037018043874790857
2434 0.0037018043874790857
2435 0.0014024607332345665
2436 0.0014024607332345665
2437 0.0014024607332345665
2438 0.0014024607332345665
2439 0.0014024607332345665
2440 0.0010111556244492273