0 0.00012419781759445434
1 0.00019564550487328992
2 0.00011794730538676969
5 0.00013988916725104833
6 0.0001467383957865933
7 0.0001345454019413534
12 0.0005055778122246136
13 0.00000615555749678818
14 0.0005180488295811783
15 0.0005837649321194501
32 0.0010111556244492273
36 0.00008671892631624905
38 0.000009174895847454548
39 0.000030876438915225156
40 0.000015291493079090914
41 0.000030777787483940904
42 0.0001278820616880182
43 0.00004252336359837915
47 0.00005236115022420491
52 0.000044525744481152654
56 0.00013988916725104833
58 0.0012917856647810379
59 0.0009374042329560627
60 0.0002756119639105608
63 0.0000045802197502998095
64 0.00007506333130309098
65 0.0002586331305440423
66 0.0005773794700023325
67 0.0001412436639807968
69 0.0007788406609122869
71 0.0004152389947112455
81 0.000362668338628183
82 0.0007788771918317696
85 0.0006187746681003992
89 0.0003916734089637078
102 0.00042377080113265817
103 0.0017364923017055933
107 0.0003875355521269475
110 0.0006741037496328182
114 0.00037301592297508214
118 0.0013899199884628024
123 0.0003111316863753057
127 0.0008426296870410227
143 0.0011675298642389001
150 0.0003875355521269475
159 0.0003495228921729738
180 0.0002952696582040436
217 0.0007608226759490672
220 0.004834137523177386
237 0.0007440483332583423
245 0.0003765653514752408
250 0.0020554139945150166
252 0.0015216453518981344
267 0.0010360976591623566
277 0.00035249009427402165
291 0.0007608226759490672
292 0.000640123214165967
357 0.0005837649321194501
358 0.00707808937114459
393 0.00056755015592235
497 0.000362668338628183
595 0.0014880966665166847
598 0.0017937658420199057
682 0.0006865747669893828
722 0.005055778122246136
765 0.002185070950805245
785 0.0009293486133572717
788 0.0006622413221663868
826 0.0006865747669893828
898 0.0012206294470081644
957 0.001233934795826362
979 0.0008194567768041337
1111 0.0009668275046354771
1154 0.0017937658420199057
1325 0.0007440483332583423
1354 0.0010111556244492273
1368 0.0009668275046354771
1476 0.004541413768174727
1622 0.0010111556244492273
2441 0.014807217549916343
2442 0.0014024607332345665
2443 0.0010654088584181574
2444 0.0014024607332345665
2445 0.0010654088584181574
2446 0.0037018043874790857
2447 0.0009293486133572717
2448 0.0014024607332345665
2449 0.0014024607332345665
2450 0.0014024607332345665
2451 0.0014024607332345665