0 0.00012419781759445434
13 0.00006771113246466999
16 0.00014535302717131544
19 0.0010982065052899028
34 0.00016696862548619968
38 0.0000061165972316363655
39 0.000015438219457612578
40 0.000018349791694909097
41 0.00005540001747109362
43 0.000008504672719675828
44 0.0004976362107612556
46 0.00026769710912056773
47 0.00020944460089681964
52 0.000022262872240576327
56 0.00041966750175314503
61 0.00019112209487459625
63 0.000009160439500599619
64 0.00007506333130309098
65 0.00012931656527202115
67 0.0002824873279615936
76 0.0009431945535155249
89 0.0003916734089637078
97 0.00047159727675776246
102 0.0008475416022653163
183 0.0012595512596381359
236 0.007457862008927101
239 0.001233934795826362
242 0.0010111556244492273
249 0.003043290703796269
296 0.0008194567768041337
445 0.0004663684400884302
468 0.00048799437882329435
576 0.000619850515663888
609 0.0015216453518981344
670 0.0006865747669893828
779 0.002302089583400551
781 0.0029004825139064315
1388 0.0010111556244492273
1662 0.0010111556244492273
2452 0.0014024607332345665
2453 0.0042073821997037
2454 0.0014024607332345665
2455 0.0014024607332345665