1 0.00009782275243664496
13 0.00006771113246466999
14 0.0005180488295811783
15 0.0005837649321194501
16 0.00014535302717131544
34 0.00008348431274309984
38 0.000012233194463272731
39 0.000007719109728806289
40 0.000009174895847454548
41 0.00001846667249036454
42 0.0000639410308440091
43 0.00004252336359837915
45 0.00008241560098208883
46 0.00026769710912056773
47 0.00036652805156943435
48 0.00022854540687854879
49 0.0001358537659309924
51 0.0001670110942886723
52 0.000022262872240576327
56 0.00013988916725104833
59 0.00018748084659121254
63 0.000006870329625449715
64 0.00007506333130309098
65 0.0005172662610880846
85 0.00020625822270013306
89 0.0003916734089637078
98 0.0008682461508527967
102 0.00042377080113265817
104 0.0007460318459501643
113 0.00026863163182146973
122 0.00035600678399941706
123 0.0003111316863753057
124 0.0005055778122246136
130 0.00038382354820504417
146 0.0004513245782556835
158 0.0011510447917002756
159 0.0006990457843459476
165 0.000362668338628183
171 0.0002134626471120881
177 0.000362668338628183
196 0.0003084151046592529
245 0.0007531307029504816
250 0.00041108279890300333
260 0.0006741037496328182
294 0.00071361722629165
310 0.0011708950200106356
324 0.0006741037496328182
357 0.0005837649321194501
360 0.00036951756716372796
371 0.0005837649321194501
411 0.0005607588032834975
471 0.0007983015672272726
480 0.0008426296870410227
484 0.0006997202134445921
493 0.00056755015592235
496 0.0016141305137157976
552 0.0006297756298190679
573 0.00056755015592235
622 0.0005598310461935439
642 0.0007440483332583423
645 0.0010654088584181574
689 0.0007608226759490672
780 0.003311206610831934
788 0.0006622413221663868
842 0.0007983015672272726
845 0.0007608226759490672
898 0.0006103147235040822
1029 0.0015352001091642055
1032 0.0009668275046354771
1037 0.0005755223958501378
1064 0.0009293486133572717
1085 0.0007440483332583423
1086 0.0008968829210099529
1101 0.0008426296870410227
1141 0.0007983015672272726
1143 0.0010654088584181574
1172 0.0010111556244492273
1173 0.00520947690511678
1283 0.0006997202134445921
1596 0.0008682461508527967
1702 0.0010654088584181574
1719 0.0011353534420436818
1842 0.0011353534420436818
1873 0.0008968829210099529
1971 0.0010654088584181574
2199 0.0008426296870410227
2440 0.0010111556244492273
2456 0.0022707068840873636
2457 0.002804921466469133
2458 0.0014024607332345665
2459 0.001233934795826362
2460 0.005609842932938266
2461 0.0042073821997037
2462 0.001233934795826362
2463 0.0014024607332345665
2464 0.0011353534420436818
2465 0.0042073821997037
2466 0.002804921466469133
2467 0.011219685865876532
2468 0.0014024607332345665
2469 0.0011353534420436818
2470 0.0014024607332345665
2471 0.0014024607332345665