0 0.00012419781759445434
1 0.00009782275243664496
2 0.00011794730538676969
5 0.00013988916725104833
6 0.0001467383957865933
7 0.0001345454019413534
8 0.000230498281105941
13 0.000030777787483940904
16 0.00014535302717131544
19 0.0018303441754831714
30 0.0007826102175706785
33 0.0003281012370525588
34 0.00008348431274309984
36 0.0001734378526324981
38 0.000009174895847454548
39 0.00002315732918641887
40 0.00002140809031072728
41 0.00003693334498072908
42 0.0001918230925320273
43 0.00004252336359837915
45 0.000494493605892533
46 0.00026769710912056773
47 0.00031416690134522947
48 0.00022854540687854879
49 0.0002717075318619848
52 0.000022262872240576327
56 0.00013988916725104833
58 0.0008611904431873585
59 0.0009374042329560627
63 0.000006870329625449715
64 0.00007506333130309098
65 0.0002586331305440423
66 0.00038491964666822163
67 0.0001412436639807968
85 0.0004125164454002661
102 0.00042377080113265817
113 0.00026863163182146973
114 0.00037301592297508214
115 0.0004663684400884302
118 0.0005559679953851209
122 0.00035600678399941706
123 0.0003111316863753057
125 0.00048799437882329435
128 0.0015576813218245737
132 0.000650930839395929
143 0.004086354524836151
150 0.0003875355521269475
158 0.0005755223958501378
160 0.00038382354820504417
167 0.0007440483332583423
171 0.0002134626471120881
186 0.0005180488295811783
192 0.000650930839395929
218 0.0010111556244492273
226 0.0004769410420674574
250 0.00123324839670901
277 0.00017624504713701082
279 0.000446509935100765
357 0.0005837649321194501
360 0.00036951756716372796
374 0.0016389135536082674
375 0.00047159727675776246
393 0.00056755015592235
402 0.0020223112488984545
403 0.0015966031344545452
416 0.004198321280667553
430 0.00042815166801879435
442 0.0006103147235040822
459 0.0010654088584181574
461 0.0016852593740820454
476 0.002458370330412401
520 0.0003432074323131972
542 0.0015966031344545452
556 0.0010111556244492273
572 0.00071361722629165
637 0.0010654088584181574
646 0.0007440483332583423
708 0.0007440483332583423
709 0.001889326889457204
748 0.0011353534420436818
779 0.0005755223958501378
825 0.0009668275046354771
852 0.0006997202134445921
861 0.0010654088584181574
876 0.00071361722629165
884 0.004541413768174727
907 0.0019336550092709543
908 0.0016389135536082674
913 0.0011353534420436818
928 0.0016852593740820454
951 0.0008968829210099529
1042 0.0010111556244492273
1095 0.0007788406609122869
1236 0.0009668275046354771
1279 0.014807217549916343
1424 0.0010654088584181574
1484 0.004541413768174727
1662 0.0010111556244492273
1667 0.003033466873347682
1957 0.0020223112488984545
2041 0.01357328275408998
2143 0.001233934795826362
2472 0.0014024607332345665
2473 0.0014024607332345665
2474 0.0014024607332345665
2475 0.0014024607332345665
2476 0.0014024607332345665
2477 0.009817225132641966
2478 0.002804921466469133
2479 0.005609842932938266
2480 0.0014024607332345665
2481 0.004935739183305448
2482 0.0014024607332345665
2483 0.001233934795826362
2484 0.0014024607332345665
2485 0.0009668275046354771
2486 0.0014024607332345665
2487 0.001233934795826362
2488 0.0014024607332345665
2489 0.0014024607332345665