0 0.00012419781759445434
1 0.00009782275243664496
2 0.00011794730538676969
5 0.00013988916725104833
6 0.0001467383957865933
7 0.0001345454019413534
13 0.000030777787483940904
26 0.00043801922943748593
34 0.00008348431274309984
36 0.0002601567789487472
37 0.000362668338628183
38 0.0000061165972316363655
39 0.000015438219457612578
40 0.000015291493079090914
41 0.000030777787483940904
42 0.0001278820616880182
43 0.00004252336359837915
45 0.0002472468029462665
46 0.00026769710912056773
47 0.00020944460089681964
48 0.0009141816275141951
49 0.0001358537659309924
56 0.00013988916725104833
63 0.000006870329625449715
65 0.00012931656527202115
66 0.00038491964666822163
67 0.0001412436639807968
71 0.0004152389947112455
82 0.0007788771918317696
84 0.001324193288139576
88 0.00040699645844193325
89 0.0001958367044818539
100 0.0003370518748164091
110 0.0006741037496328182
112 0.0010654088584181574
115 0.0009327368801768604
124 0.0003370518748164091
125 0.00048799437882329435
131 0.0008682461508527967
132 0.001301861678791858
151 0.000650930839395929
159 0.0013980915686918952
165 0.000362668338628183
171 0.0004269252942241762
173 0.0008968829210099529
186 0.0005180488295811783
212 0.00071361722629165
245 0.0003765653514752408
250 0.00123324839670901
252 0.0007608226759490672
253 0.0004824049019877245
255 0.000725336677256366
263 0.0005755223958501378
275 0.0006622413221663868
277 0.0008812252356850542
292 0.000640123214165967
304 0.0009874307695163648
310 0.0002927237550026589
311 0.0009293486133572717
315 0.0009668275046354771
357 0.0005837649321194501
374 0.0008194567768041337
376 0.000650930839395929
377 0.0014272344525833
441 0.0011675298642389001
445 0.0018654737603537208
464 0.0007983015672272726
497 0.0010880050158845493
520 0.0006864148646263945
551 0.0006741037496328182
596 0.0006741037496328182
648 0.0006741037496328182
664 0.001889326889457204
666 0.0006011388596619117
671 0.0005598310461935439
769 0.0016389135536082674
794 0.00676779253244834
832 0.0009668275046354771
843 0.005327044292090787
960 0.0010111556244492273
972 0.001233934795826362
1117 0.0010111556244492273
1123 0.0022707068840873636
1141 0.0007983015672272726
1310 0.003311206610831934
1475 0.0009668275046354771
1510 0.0011353534420436818
1594 0.003033466873347682
1636 0.0009293486133572717
1719 0.0011353534420436818
1759 0.0011353534420436818
1971 0.0010654088584181574
2009 0.001233934795826362
2033 0.0011353534420436818
2038 0.001233934795826362
2091 0.0010654088584181574
2177 0.001233934795826362
2199 0.0008426296870410227
2490 0.0042073821997037
2491 0.0014024607332345665
2492 0.0010654088584181574
2493 0.0014024607332345665
2494 0.005609842932938266
2495 0.001233934795826362
2496 0.0014024607332345665
2497 0.001233934795826362
2498 0.0014024607332345665
2499 0.0011353534420436818
2500 0.0014024607332345665
2501 0.009817225132641966
2502 0.0014024607332345665
2503 0.0014024607332345665
2504 0.014024607332345666
2505 0.0168295287988148
2506 0.0014024607332345665
2507 0.0022707068840873636
2508 0.001233934795826362
2509 0.001233934795826362
2510 0.0014024607332345665
2511 0.001233934795826362
2512 0.007947474094305773
2513 0.0011353534420436818
2514 0.001233934795826362
2515 0.0014024607332345665
2516 0.0014024607332345665
2517 0.001233934795826362
2518 0.001233934795826362
2519 0.0042073821997037
2520 0.002804921466469133
2521 0.0014024607332345665
2522 0.0014024607332345665
2523 0.0014024607332345665
2524 0.0014024607332345665
2525 0.001233934795826362