9 0.0004160788281340726
13 0.00001846667249036454
27 0.001859551546991664
28 0.0008652258445074145
33 0.0003281012370525588
34 0.00008348431274309984
38 0.0000061165972316363655
39 0.000015438219457612578
40 0.0000061165972316363655
41 0.00000615555749678818
42 0.0000639410308440091
43 0.000017009345439351656
44 0.0002488181053806278
45 0.00016483120196417766
46 0.00013384855456028387
47 0.00010472230044840982
51 0.0001670110942886723
52 0.000022262872240576327
56 0.00013988916725104833
61 0.00009556104743729812
63 0.0000045802197502998095
67 0.0001412436639807968
76 0.0014147918302732875
98 0.0008682461508527967
118 0.0011119359907702418
123 0.0003111316863753057
183 0.0012595512596381359
204 0.0010654088584181574
214 0.0010360976591623566
229 0.0008968829210099529
320 0.003358986277161263
327 0.0029134279344069933
348 0.0007283569836017483
366 0.0006997202134445921
497 0.000725336677256366
550 0.0005922967385408627
555 0.0005245327214076215
596 0.0006741037496328182
752 0.0009293486133572717
841 0.0006865747669893828
1032 0.0009668275046354771
1283 0.0006997202134445921
1300 0.0009293486133572717
1470 0.001233934795826362
1472 0.0007983015672272726
1643 0.001233934795826362
2027 0.0016852593740820454
2526 0.0042073821997037
2527 0.0014024607332345665
2528 0.001233934795826362
2529 0.0014024607332345665
2530 0.007012303666172833
2531 0.0014024607332345665
2532 0.0011353534420436818
2533 0.001233934795826362