0 0.00012419781759445434
1 0.00009782275243664496
2 0.00011794730538676969
3 0.00042377080113265817
4 0.00036951756716372796
5 0.00013988916725104833
6 0.0001467383957865933
7 0.0001345454019413534
8 0.000230498281105941
9 0.0010401970703351816
13 0.00002462222998715272
16 0.00014535302717131544
20 0.0003084151046592529
21 0.00035600678399941706
22 0.000446509935100765
34 0.00016696862548619968
36 0.00008671892631624905
37 0.000725336677256366
38 0.000012233194463272731
39 0.000015438219457612578
40 0.000015291493079090914
41 0.000030777787483940904
42 0.0001278820616880182
43 0.00004252336359837915
44 0.0004976362107612556
45 0.0003296624039283553
46 0.00026769710912056773
47 0.00020944460089681964
48 0.00022854540687854879
49 0.0002037806488964886
51 0.0001670110942886723
52 0.000044525744481152654
55 0.0002246860951459229
58 0.00043059522159367926
59 0.0003749616931824251
60 0.0002756119639105608
61 0.00019112209487459625
63 0.0000045802197502998095
66 0.00019245982333411082
67 0.0001412436639807968
82 0.0007788771918317696
85 0.0006187746681003992
91 0.0006997202134445921
114 0.00037301592297508214
124 0.00016852593740820454
144 0.00045623649347997704
146 0.0004513245782556835
193 0.000619850515663888
196 0.0006168302093185058
245 0.0007531307029504816
264 0.000999148518886197
307 0.00047159727675776246
310 0.0008781712650079768
439 0.00071361722629165
490 0.0014272344525833
491 0.002302089583400551
492 0.005492598135915063
493 0.0011351003118447
494 0.0011046989712264975
495 0.0013244826443327736
496 0.0005380435045719325
497 0.000362668338628183
498 0.0008682461508527967
499 0.0010111556244492273
500 0.003406060326131045
501 0.001233934795826362
502 0.002804921466469133
503 0.001233934795826362
504 0.0011353534420436818
505 0.0013244826443327736
506 0.0012595512596381359
507 0.0005755223958501378
508 0.0005922967385408627
509 0.0014024607332345665
510 0.0007983015672272726
511 0.0008426296870410227
512 0.0008426296870410227