0 0.00012419781759445434
1 0.00009782275243664496
2 0.00011794730538676969
5 0.00013988916725104833
6 0.0001467383957865933
7 0.0001345454019413534
8 0.000230498281105941
13 0.000030777787483940904
14 0.0005180488295811783
26 0.00043801922943748593
33 0.0003281012370525588
34 0.00008348431274309984
36 0.0003468757052649962
38 0.000012233194463272731
39 0.00002315732918641887
40 0.000012233194463272731
41 0.000030777787483940904
42 0.0000639410308440091
43 0.0000595327090377308
45 0.00008241560098208883
46 0.0002007728318404258
47 0.0002618057511210246
49 0.0002037806488964886
52 0.000044525744481152654
56 0.00013988916725104833
58 0.0010764880539841982
59 0.0007499233863648502
60 0.0002756119639105608
63 0.000006870329625449715
64 0.00007506333130309098
65 0.00038794969581606347
66 0.00038491964666822163
67 0.0001412436639807968
85 0.00020625822270013306
97 0.00047159727675776246
102 0.0016950832045306327
107 0.000775071104253895
115 0.0027982106405305815
118 0.0036137919700032855
122 0.0007120135679988341
123 0.0003111316863753057
131 0.0008682461508527967
138 0.0006103147235040822
150 0.000775071104253895
154 0.0006865747669893828
165 0.000362668338628183
171 0.0002134626471120881
180 0.0002952696582040436
196 0.0009252453139777587
214 0.001554146488743535
221 0.0043412307542639835
222 0.0006741037496328182
245 0.0003765653514752408
251 0.0004513245782556835
255 0.0010880050158845493
263 0.0011510447917002756
267 0.0010360976591623566
272 0.0006865747669893828
277 0.0007049801885480433
286 0.0004769410420674574
287 0.0009874307695163648
294 0.0057089378103332
304 0.0004937153847581824
307 0.00047159727675776246
319 0.0009668275046354771
320 0.006158141508128982
321 0.0007440483332583423
352 0.00071361722629165
353 0.00071361722629165
356 0.01246145057459659
360 0.0007390351343274559
361 0.0010111556244492273
368 0.0005837649321194501
406 0.0008682461508527967
413 0.0003593147470569854
452 0.0005755223958501378
457 0.0006011388596619117
471 0.0007983015672272726
490 0.00071361722629165
491 0.0011510447917002756
497 0.000362668338628183
514 0.0007608226759490672
520 0.0006864148646263945
539 0.0008194567768041337
546 0.0007608226759490672
549 0.0007283569836017483
551 0.0006741037496328182
638 0.0007788406609122869
662 0.0008682461508527967
669 0.0006103147235040822
690 0.0009293486133572717
693 0.02950044396494881
746 0.0013994404268891842
767 0.0017937658420199057
770 0.0008968829210099529
779 0.0005755223958501378
826 0.0006865747669893828
866 0.0008426296870410227
881 0.0010111556244492273
899 0.0017364923017055933
988 0.0007788406609122869
1057 0.0010111556244492273
1078 0.0009293486133572717
1247 0.0009293486133572717
1271 0.0008426296870410227
1310 0.004635689255164708
1331 0.0008682461508527967
1368 0.0019336550092709543
1383 0.001233934795826362
1416 0.0009668275046354771
1472 0.0007983015672272726
1486 0.0027880458400718153
1492 0.002467869591652724
1493 0.0011353534420436818
1655 0.0011353534420436818
1843 0.0008682461508527967
2212 0.011105413162437256
2485 0.0019336550092709543
2534 0.0014024607332345665
2535 0.0010111556244492273
2536 0.002804921466469133
2537 0.004044622497796909
2538 0.0014024607332345665
2539 0.0014024607332345665
2540 0.002467869591652724
2541 0.001233934795826362
2542 0.0011353534420436818
2543 0.0014024607332345665
2544 0.007403608774958171
2545 0.0014024607332345665