0 0.00012419781759445434
1 0.00009782275243664496
2 0.00011794730538676969
5 0.00013988916725104833
6 0.0001467383957865933
7 0.0001345454019413534
13 0.00001846667249036454
26 0.00021900961471874297
34 0.00016696862548619968
38 0.0000061165972316363655
39 0.000007719109728806289
40 0.0000061165972316363655
41 0.00001231111499357636
43 0.000008504672719675828
49 0.0000679268829654962
52 0.000022262872240576327
55 0.0002246860951459229
56 0.00013988916725104833
63 0.0000045802197502998095
65 0.00012931656527202115
66 0.00019245982333411082
72 0.0008652258445074145
89 0.0001958367044818539
97 0.00047159727675776246
177 0.0010880050158845493
287 0.0004937153847581824
411 0.00028037940164174876
468 0.001463983136469883
484 0.0006997202134445921
485 0.001233934795826362
641 0.0006865747669893828
774 0.0011353534420436818
1084 0.0007983015672272726
1325 0.0014880966665166847
2115 0.0017364923017055933
2230 0.0011353534420436818
2546 0.001233934795826362
2547 0.0014024607332345665
2548 0.0014024607332345665
2549 0.0014024607332345665
2550 0.0014024607332345665
2551 0.0014024607332345665
2552 0.0014024607332345665
2553 0.0014024607332345665
2554 0.002804921466469133
2555 0.0011353534420436818
2556 0.0014024607332345665
2557 0.0014024607332345665
2558 0.0014024607332345665
2559 0.0014024607332345665
2560 0.0014024607332345665
2561 0.0014024607332345665
2562 0.0014024607332345665
2563 0.0014024607332345665
2564 0.0014024607332345665
2565 0.0014024607332345665
2566 0.0014024607332345665
2567 0.0014024607332345665
2568 0.001233934795826362