1 0.00019564550487328992
9 0.0010401970703351816
13 0.00001231111499357636
16 0.00043605908151394634
19 0.00036606883509663425
34 0.00008348431274309984
35 0.0006865747669893828
36 0.0003468757052649962
37 0.0018133416931409153
38 0.0000061165972316363655
39 0.000030876438915225156
40 0.000009174895847454548
41 0.00001846667249036454
42 0.0000639410308440091
43 0.000025514018159027487
44 0.0004976362107612556
45 0.00008241560098208883
46 0.00013384855456028387
47 0.00010472230044840982
52 0.000022262872240576327
55 0.0013481165708755375
56 0.00013988916725104833
60 0.0002756119639105608
61 0.00019112209487459625
63 0.000006870329625449715
64 0.00007506333130309098
67 0.0001412436639807968
72 0.0030282904557759507
75 0.006386412537818181
82 0.0010385029224423594
87 0.0023708041858530116
118 0.00027798399769256044
124 0.0003370518748164091
177 0.000362668338628183
180 0.0005905393164080872
197 0.0011351003118447
210 0.0005245327214076215
251 0.0004513245782556835
260 0.0006741037496328182
277 0.00017624504713701082
310 0.0005854475100053178
350 0.0008426296870410227
412 0.00036951756716372796
439 0.0028544689051666
441 0.0005837649321194501
468 0.001463983136469883
555 0.0005245327214076215
691 0.000640123214165967
813 0.004044622497796909
875 0.0007788406609122869
879 0.000650930839395929
898 0.0006103147235040822
979 0.0008194567768041337
1029 0.0015352001091642055
1058 0.0007788406609122869
1124 0.001233934795826362
1315 0.00071361722629165
1794 0.0010111556244492273
1843 0.0008682461508527967
1894 0.003033466873347682
1917 0.0011353534420436818
2111 0.001233934795826362
2569 0.0042073821997037
2570 0.0014024607332345665
2571 0.0014024607332345665