0 0.00012419781759445434
1 0.00009782275243664496
2 0.00011794730538676969
5 0.00013988916725104833
6 0.0001467383957865933
7 0.0001345454019413534
8 0.000230498281105941
13 0.00004308890247751726
16 0.0002907060543426309
20 0.0009252453139777587
34 0.0002504529382292995
36 0.0002601567789487472
38 0.000009174895847454548
39 0.00002315732918641887
40 0.000015291493079090914
41 0.00005540001747109362
42 0.0001278820616880182
43 0.00004252336359837915
45 0.00008241560098208883
46 0.0002007728318404258
47 0.0002618057511210246
48 0.00022854540687854879
49 0.0001358537659309924
51 0.0001670110942886723
52 0.00006678861672172898
58 0.0008611904431873585
59 0.0005624425397736376
60 0.0002756119639105608
61 0.00019112209487459625
63 0.0000022901098751499047
64 0.00007506333130309098
65 0.00038794969581606347
66 0.0007698392933364433
67 0.0001412436639807968
71 0.0004152389947112455
81 0.0021760100317690986
84 0.001324193288139576
85 0.0006187746681003992
100 0.0003370518748164091
105 0.00047159727675776246
110 0.0006741037496328182
123 0.0003111316863753057
130 0.00038382354820504417
160 0.00038382354820504417
171 0.0002134626471120881
176 0.0005837649321194501
196 0.0006168302093185058
219 0.01820080124008609
251 0.0004513245782556835
255 0.000725336677256366
267 0.001554146488743535
277 0.00035249009427402165
279 0.000446509935100765
286 0.0004769410420674574
307 0.00047159727675776246
352 0.00071361722629165
353 0.00214085167887495
411 0.0005607588032834975
437 0.0010360976591623566
468 0.00048799437882329435
479 0.0014272344525833
497 0.000362668338628183
520 0.0003432074323131972
531 0.0011353534420436818
550 0.0005922967385408627
551 0.0006741037496328182
572 0.00071361722629165
588 0.0010654088584181574
642 0.0007440483332583423
664 0.0006297756298190679
691 0.000640123214165967
717 0.0007788406609122869
765 0.0007283569836017483
771 0.0008194567768041337
786 0.0006741037496328182
815 0.0009668275046354771
858 0.000650930839395929
915 0.0013244826443327736
980 0.0013994404268891842
1062 0.0005598310461935439
1084 0.0007983015672272726
1396 0.0007608226759490672
1410 0.0009668275046354771
1416 0.0009668275046354771
1436 0.0032778271072165348
1566 0.0011353534420436818
1667 0.0010111556244492273
1742 0.0017937658420199057
1920 0.003033466873347682
2015 0.0010654088584181574
2298 0.0011353534420436818
2427 0.004541413768174727
2572 0.007012303666172833
2573 0.0014024607332345665
2574 0.001233934795826362
2575 0.0014024607332345665
2576 0.0014024607332345665
2577 0.001233934795826362
2578 0.022439371731753064
2579 0.001233934795826362
2580 0.0014024607332345665
2581 0.0014024607332345665
2582 0.001233934795826362