9 0.0008321576562681452
13 0.000030777787483940904
14 0.001554146488743535
15 0.0017512947963583504
16 0.0002907060543426309
20 0.0006168302093185058
29 0.0005180488295811783
30 0.001565220435141357
33 0.0003281012370525588
34 0.00016696862548619968
36 0.0002601567789487472
38 0.000009174895847454548
39 0.00002315732918641887
40 0.000009174895847454548
41 0.00001231111499357636
42 0.0001278820616880182
43 0.000008504672719675828
44 0.0002488181053806278
45 0.00008241560098208883
46 0.00013384855456028387
47 0.00010472230044840982
49 0.0000679268829654962
52 0.000022262872240576327
61 0.00009556104743729812
63 0.0000045802197502998095
66 0.00019245982333411082
67 0.0001412436639807968
68 0.00123324839670901
81 0.000725336677256366
89 0.0003916734089637078
100 0.0006741037496328182
102 0.00042377080113265817
127 0.002527889061123068
130 0.00038382354820504417
146 0.0004513245782556835
159 0.0010485686765189213
180 0.0002952696582040436
187 0.003196226575254472
198 0.0008194567768041337
253 0.000964809803975449
277 0.00017624504713701082
353 0.00071361722629165
411 0.0005607588032834975
468 0.0019519775152931774
538 0.0005117333697214018
633 0.0007608226759490672
649 0.0007440483332583423
772 0.0021247771041455503
826 0.0013731495339787657
859 0.0029004825139064315
1087 0.0009668275046354771
1300 0.0009293486133572717
1328 0.0029761933330333694
1436 0.0016389135536082674
1506 0.0009668275046354771
1636 0.0018586972267145435
1742 0.0017937658420199057
1894 0.004044622497796909
2434 0.01357328275408998
2532 0.0011353534420436818
2583 0.0084147643994074
2584 0.0014024607332345665