0 0.00012419781759445434
1 0.00019564550487328992
2 0.00023589461077353939
5 0.00013988916725104833
6 0.0001467383957865933
12 0.0020223112488984545
13 0.00004308890247751726
14 0.0005180488295811783
15 0.0005837649321194501
16 0.00014535302717131544
23 0.0010111556244492273
34 0.00016696862548619968
38 0.000009174895847454548
39 0.00003859554864403145
40 0.000012233194463272731
41 0.00002462222998715272
42 0.0000639410308440091
43 0.000017009345439351656
45 0.0002472468029462665
46 0.0002007728318404258
47 0.00031416690134522947
48 0.00022854540687854879
49 0.0002717075318619848
52 0.000022262872240576327
56 0.00013988916725104833
63 0.000006870329625449715
64 0.00007506333130309098
65 0.0002586331305440423
71 0.0004152389947112455
98 0.0008682461508527967
100 0.0003370518748164091
102 0.00042377080113265817
104 0.0007460318459501643
107 0.0003875355521269475
118 0.00027798399769256044
123 0.0003111316863753057
125 0.00048799437882329435
150 0.0003875355521269475
186 0.0005180488295811783
192 0.000650930839395929
196 0.0003084151046592529
214 0.001554146488743535
216 0.0022707068840873636
222 0.0006741037496328182
245 0.0007531307029504816
246 0.0007283569836017483
253 0.0004824049019877245
264 0.000999148518886197
270 0.00071361722629165
271 0.002441258894016329
274 0.0067134619585449045
275 0.0013244826443327736
279 0.000446509935100765
288 0.0022811824673998854
304 0.0009874307695163648
307 0.0009431945535155249
313 0.0007283569836017483
320 0.0022393241847741756
327 0.00437014190161049
328 0.0010111556244492273
348 0.0007283569836017483
357 0.0005837649321194501
375 0.00047159727675776246
412 0.00036951756716372796
413 0.0003593147470569854
430 0.00042815166801879435
431 0.0006865747669893828
438 0.0006011388596619117
457 0.0030056942983095586
497 0.000362668338628183
533 0.0008426296870410227
576 0.000619850515663888
585 0.0009293486133572717
622 0.0011196620923870878
647 0.002130817716836315
658 0.0008682461508527967
715 0.0008194567768041337
730 0.003033466873347682
752 0.0009293486133572717
753 0.000619850515663888
759 0.0034986010672229608
770 0.0008968829210099529
834 0.001233934795826362
837 0.001233934795826362
842 0.0015966031344545452
857 0.001233934795826362
875 0.0007788406609122869
879 0.000650930839395929
896 0.0010111556244492273
897 0.0009293486133572717
898 0.0006103147235040822
901 0.001233934795826362
993 0.0009668275046354771
1024 0.0009668275046354771
1058 0.0031153626436491474
1062 0.0005598310461935439
1112 0.0005922967385408627
1120 0.0013244826443327736
1133 0.0008682461508527967
1134 0.001233934795826362
1283 0.0027988808537783684
1284 0.001233934795826362
1343 0.0009293486133572717
1503 0.0010111556244492273
1528 0.0010111556244492273
1566 0.0011353534420436818
1629 0.0008968829210099529
1668 0.002130817716836315
1830 0.0008426296870410227
1849 0.0011353534420436818
2155 0.0010654088584181574
2406 0.0011353534420436818
2421 0.001233934795826362
2585 0.002130817716836315
2586 0.002804921466469133
2587 0.002804921466469133
2588 0.001233934795826362
2589 0.0014024607332345665
2590 0.0014024607332345665
2591 0.0014024607332345665
2592 0.0042073821997037
2593 0.001233934795826362
2594 0.0014024607332345665
2595 0.0014024607332345665
2596 0.0014024607332345665
2597 0.0014024607332345665
2598 0.001233934795826362
2599 0.0014024607332345665
2600 0.0010654088584181574
2601 0.0014024607332345665
2602 0.0042073821997037
2603 0.0014024607332345665
2604 0.0014024607332345665
2605 0.0022707068840873636
2606 0.0084147643994074
2607 0.001233934795826362
2608 0.009817225132641966
2609 0.0014024607332345665
2610 0.002804921466469133
2611 0.0014024607332345665
2612 0.012622146599111098
2613 0.001233934795826362
2614 0.0011353534420436818
2615 0.009817225132641966
2616 0.0014024607332345665
2617 0.0037018043874790857
2618 0.001233934795826362
2619 0.0014024607332345665
2620 0.0014024607332345665
2621 0.0014024607332345665
2622 0.001233934795826362
2623 0.0014024607332345665
2624 0.0022707068840873636
2625 0.0011353534420436818
2626 0.0014024607332345665