0 0.00012419781759445434
1 0.00009782275243664496
2 0.00011794730538676969
5 0.00013988916725104833
6 0.0001467383957865933
7 0.0001345454019413534
13 0.00002462222998715272
16 0.00014535302717131544
26 0.00021900961471874297
30 0.00039130510878533924
34 0.00016696862548619968
38 0.000009174895847454548
39 0.00002315732918641887
40 0.000012233194463272731
41 0.00001846667249036454
42 0.0000639410308440091
43 0.00004252336359837915
46 0.0004015456636808516
47 0.0002618057511210246
49 0.0000679268829654962
52 0.000022262872240576327
61 0.00019112209487459625
63 0.000006870329625449715
64 0.00007506333130309098
66 0.00038491964666822163
67 0.0001412436639807968
68 0.00041108279890300333
85 0.00020625822270013306
89 0.0003916734089637078
102 0.00042377080113265817
113 0.00026863163182146973
124 0.00016852593740820454
130 0.00038382354820504417
171 0.0002134626471120881
310 0.0005854475100053178
411 0.00028037940164174876
413 0.0003593147470569854
464 0.0007983015672272726
490 0.0014272344525833
491 0.0011510447917002756
492 0.004119448601936297
507 0.0005755223958501378
508 0.0005922967385408627
512 0.0008426296870410227
573 0.00056755015592235
609 0.0007608226759490672
669 0.0006103147235040822
682 0.0020597243009681486
709 0.0006297756298190679
772 0.0005311942760363876
868 0.00056755015592235
1024 0.0009668275046354771
1636 0.0009293486133572717
1910 0.0019336550092709543
2014 0.0008194567768041337
2115 0.0008682461508527967
2346 0.0011353534420436818
2627 0.0014024607332345665
2628 0.0011353534420436818
2629 0.0014024607332345665
2630 0.001233934795826362