0 0.00012419781759445434
1 0.00009782275243664496
2 0.00011794730538676969
3 0.00042377080113265817
4 0.00036951756716372796
5 0.00013988916725104833
6 0.0001467383957865933
7 0.0001345454019413534
8 0.000230498281105941
9 0.0010401970703351816
13 0.00001846667249036454
20 0.0006168302093185058
21 0.00035600678399941706
26 0.00021900961471874297
29 0.0005180488295811783
34 0.00016696862548619968
36 0.00008671892631624905
38 0.000009174895847454548
39 0.000007719109728806289
40 0.000012233194463272731
41 0.00002462222998715272
42 0.0000639410308440091
43 0.000051028036318054975
45 0.00016483120196417766
49 0.0000679268829654962
51 0.0001670110942886723
52 0.000044525744481152654
58 0.00021529761079683963
59 0.0005624425397736376
60 0.0002756119639105608
61 0.00019112209487459625
63 0.0000045802197502998095
64 0.00007506333130309098
67 0.0001412436639807968
68 0.00123324839670901
85 0.0006187746681003992
89 0.0001958367044818539
91 0.0013994404268891842
105 0.0009431945535155249
114 0.00037301592297508214
118 0.0008339519930776814
123 0.0003111316863753057
130 0.00038382354820504417
146 0.0004513245782556835
171 0.0002134626471120881
245 0.0007531307029504816
310 0.0005854475100053178
401 0.001859551546991664
411 0.0005607588032834975
439 0.0071361722629165
445 0.0004663684400884302
483 0.0008968829210099529
487 0.0027880458400718153
491 0.004028656770950965
492 0.004119448601936297
496 0.0005380435045719325
499 0.0010111556244492273
505 0.0013244826443327736
506 0.0012595512596381359
508 0.006515264123949489
510 0.0007983015672272726
868 0.00056755015592235
967 0.0009668275046354771
1024 0.0009668275046354771
1062 0.0005598310461935439
1070 0.0015576813218245737
1263 0.0008682461508527967
1391 0.0009668275046354771
1395 0.0009668275046354771
1442 0.0009668275046354771
1548 0.0009293486133572717
2365 0.0010654088584181574
2631 0.002690648763029859
2632 0.0014024607332345665
2633 0.0014024607332345665
2634 0.0011353534420436818