0 0.00012419781759445434
1 0.00009782275243664496
2 0.00011794730538676969
4 0.00036951756716372796
5 0.00013988916725104833
6 0.0001467383957865933
8 0.000230498281105941
9 0.001456275898469254
13 0.00002462222998715272
16 0.0002907060543426309
20 0.0006168302093185058
21 0.0014240271359976682
34 0.00008348431274309984
36 0.0003468757052649962
38 0.000012233194463272731
39 0.00002315732918641887
40 0.00002140809031072728
41 0.00004308890247751726
42 0.0001278820616880182
43 0.0000595327090377308
44 0.0004976362107612556
45 0.0002472468029462665
46 0.00033462138640070967
47 0.0002618057511210246
48 0.00022854540687854879
49 0.0002037806488964886
51 0.0001670110942886723
52 0.000022262872240576327
55 0.0004493721902918458
56 0.00027977833450209665
57 0.0007054864489460062
59 0.00018748084659121254
61 0.00019112209487459625
63 0.0000045802197502998095
66 0.00019245982333411082
67 0.0001412436639807968
69 0.0007788406609122869
71 0.0004152389947112455
76 0.00047159727675776246
82 0.0007788771918317696
85 0.0006187746681003992
89 0.0005875101134455617
95 0.0008682461508527967
105 0.00047159727675776246
110 0.0006741037496328182
118 0.0016679039861553628
180 0.0002952696582040436
183 0.0006297756298190679
193 0.001859551546991664
196 0.0009252453139777587
197 0.00056755015592235
245 0.0007531307029504816
286 0.0009538820841349148
287 0.0014811461542745472
307 0.00047159727675776246
309 0.0009759887576465887
357 0.0005837649321194501
359 0.0009668275046354771
391 0.0026964149985312727
475 0.0050382050385525436
495 0.0006622413221663868
506 0.001889326889457204
507 0.0005755223958501378
508 0.0005922967385408627
538 0.0010234667394428036
557 0.0007788406609122869
580 0.0009668275046354771
593 0.0008682461508527967
595 0.0007440483332583423
598 0.010762595052119435
646 0.0007440483332583423
670 0.0006865747669893828
671 0.0005598310461935439
725 0.005327044292090787
726 0.003370518748164091
765 0.0014567139672034967
769 0.0040972838840206685
782 0.000650930839395929
786 0.006741037496328182
788 0.0006622413221663868
895 0.0008426296870410227
1089 0.0010654088584181574
1093 0.0007983015672272726
1095 0.0007788406609122869
1668 0.0010654088584181574
1753 0.0007608226759490672
1843 0.0008682461508527967
2220 0.001233934795826362
2492 0.003196226575254472
2635 0.0014024607332345665
2636 0.0020223112488984545
2637 0.0011353534420436818
2638 0.0009293486133572717
2639 0.0014024607332345665
2640 0.0010654088584181574
2641 0.005609842932938266
2642 0.0014024607332345665
2643 0.0014024607332345665
2644 0.002804921466469133
2645 0.002804921466469133
2646 0.0014024607332345665
2647 0.0014024607332345665