13 0.00002462222998715272
16 0.00014535302717131544
26 0.00021900961471874297
34 0.00016696862548619968
35 0.0006865747669893828
36 0.0002601567789487472
38 0.000009174895847454548
39 0.00002315732918641887
40 0.000015291493079090914
41 0.00002462222998715272
42 0.0000639410308440091
43 0.00003401869087870331
46 0.0002007728318404258
47 0.00015708345067261473
57 0.0003527432244730031
61 0.00019112209487459625
63 0.000006870329625449715
65 0.00012931656527202115
67 0.0002824873279615936
82 0.0005192514612211797
84 0.000331048322034894
85 0.0004125164454002661
88 0.00040699645844193325
89 0.0001958367044818539
95 0.0008682461508527967
104 0.0007460318459501643
107 0.0003875355521269475
113 0.00026863163182146973
115 0.0004663684400884302
123 0.0003111316863753057
159 0.0003495228921729738
160 0.00038382354820504417
165 0.000725336677256366
171 0.0002134626471120881
177 0.000362668338628183
197 0.00056755015592235
198 0.009833481321649604
204 0.0010654088584181574
214 0.003626341807068248
222 0.0006741037496328182
245 0.0003765653514752408
255 0.0010880050158845493
261 0.0005180488295811783
263 0.0005755223958501378
277 0.0005287351414110325
293 0.0006741037496328182
307 0.00047159727675776246
313 0.0007283569836017483
327 0.019665638557247202
360 0.0011085527014911838
379 0.0006741037496328182
410 0.0010111556244492273
430 0.00042815166801879435
437 0.0005180488295811783
490 0.00071361722629165
538 0.0005117333697214018
580 0.0009668275046354771
590 0.0006622413221663868
591 0.0007283569836017483
594 0.00071361722629165
642 0.0007440483332583423
658 0.0008682461508527967
715 0.0008194567768041337
752 0.003717394453429087
759 0.0027988808537783684
760 0.006505440293500903
823 0.0007983015672272726
841 0.0006865747669893828
869 0.0011353534420436818
920 0.00437014190161049
961 0.001233934795826362
966 0.01475959474656786
969 0.002467869591652724
1037 0.0005755223958501378
1073 0.0008194567768041337
1074 0.0009668275046354771
1083 0.0011353534420436818
1120 0.0026489652886655473
1129 0.00616967397913181
1133 0.0008682461508527967
1138 0.0010654088584181574
1251 0.0019336550092709543
1285 0.0008194567768041337
1330 0.0006865747669893828
1376 0.0010111556244492273
1482 0.00426163543367263
1529 0.0011353534420436818
1551 0.0029004825139064315
1629 0.0008968829210099529
1713 0.0007983015672272726
1892 0.0019336550092709543
1981 0.003196226575254472
2108 0.0009668275046354771
2156 0.0009668275046354771
2342 0.0009668275046354771
2407 0.001233934795826362
2416 0.0011353534420436818
2509 0.001233934795826362
2648 0.007012303666172833
2649 0.007012303666172833
2650 0.001233934795826362
2651 0.0014024607332345665
2652 0.0014024607332345665
2653 0.0014024607332345665
2654 0.0022707068840873636
2655 0.0010654088584181574
2656 0.001233934795826362
2657 0.018231989532049363
2658 0.0014024607332345665
2659 0.0014024607332345665
2660 0.0014024607332345665
2661 0.0011353534420436818