0 0.00012419781759445434
1 0.00019564550487328992
2 0.00011794730538676969
5 0.00013988916725104833
6 0.0001467383957865933
7 0.0001345454019413534
8 0.000230498281105941
13 0.00001846667249036454
14 0.0005180488295811783
15 0.0005837649321194501
24 0.02024276830994499
26 0.00021900961471874297
27 0.000619850515663888
34 0.00016696862548619968
36 0.0005203135578974944
38 0.0000061165972316363655
39 0.000007719109728806289
40 0.000009174895847454548
41 0.00001231111499357636
42 0.0001278820616880182
43 0.00003401869087870331
45 0.00008241560098208883
47 0.00005236115022420491
49 0.0001358537659309924
52 0.000044525744481152654
58 0.0008611904431873585
59 0.0005624425397736376
60 0.0002756119639105608
61 0.00019112209487459625
63 0.000006870329625449715
64 0.00007506333130309098
65 0.00012931656527202115
84 0.000331048322034894
89 0.0001958367044818539
113 0.0005372632636429395
118 0.0027798399769256047
122 0.00035600678399941706
138 0.0006103147235040822
143 0.0005837649321194501
149 0.001280246428331934
158 0.0005755223958501378
165 0.0018133416931409153
171 0.0002134626471120881
186 0.0005180488295811783
197 0.00056755015592235
237 0.0029761933330333694
263 0.0017265671875504136
277 0.00035249009427402165
283 0.0009668275046354771
292 0.000640123214165967
305 0.0011353534420436818
307 0.00047159727675776246
324 0.003370518748164091
357 0.0005837649321194501
360 0.00036951756716372796
367 0.0006011388596619117
492 0.0006865747669893828
493 0.0011351003118447
494 0.0011046989712264975
508 0.005922967385408627
512 0.0016852593740820454
520 0.0003432074323131972
538 0.0010234667394428036
609 0.006086581407592538
671 0.0005598310461935439
682 0.0006865747669893828
708 0.0007440483332583423
746 0.0006997202134445921
823 0.0015966031344545452
825 0.0009668275046354771
858 0.0032546541969796458
891 0.0010111556244492273
899 0.0008682461508527967
1001 0.000640123214165967
1069 0.0010654088584181574
1120 0.0026489652886655473
1142 0.0010111556244492273
1285 0.0032778271072165348
1371 0.002130817716836315
1374 0.011659477973129388
1417 0.0016389135536082674
1496 0.0011353534420436818
1925 0.0011353534420436818
2129 0.0010654088584181574
2163 0.0020223112488984545
2180 0.0010111556244492273
2346 0.0011353534420436818
2420 0.001233934795826362
2487 0.001233934795826362
2662 0.0042073821997037
2663 0.001233934795826362
2664 0.001233934795826362
2665 0.002804921466469133
2666 0.0014024607332345665
2667 0.0042073821997037
2668 0.0014024607332345665
2669 0.0014024607332345665
2670 0.0014024607332345665
2671 0.0014024607332345665
2672 0.0014024607332345665
2673 0.005609842932938266
2674 0.005609842932938266
2675 0.0014024607332345665
2676 0.005609842932938266
2677 0.002804921466469133
2678 0.0014024607332345665