9 0.0008321576562681452
13 0.00000615555749678818
16 0.00014535302717131544
19 0.0007321376701932685
34 0.00033393725097239935
36 0.0002601567789487472
37 0.001450673354512732
38 0.0000061165972316363655
39 0.000015438219457612578
40 0.000009174895847454548
41 0.00001846667249036454
43 0.000017009345439351656
44 0.0002488181053806278
45 0.00008241560098208883
46 0.0004015456636808516
47 0.0004188892017936393
49 0.0002717075318619848
55 0.0002246860951459229
56 0.00013988916725104833
57 0.0003527432244730031
61 0.00019112209487459625
63 0.0000045802197502998095
64 0.00007506333130309098
66 0.0005773794700023325
67 0.0001412436639807968
72 0.0030282904557759507
73 0.000619850515663888
76 0.0009431945535155249
81 0.0010880050158845493
82 0.0007788771918317696
85 0.00020625822270013306
87 0.0003951340309755019
90 0.0006622413221663868
124 0.00016852593740820454
130 0.00038382354820504417
135 0.0007440483332583423
146 0.0004513245782556835
171 0.0002134626471120881
179 0.0052979305773310946
180 0.0002952696582040436
279 0.000446509935100765
289 0.0029761933330333694
296 0.0008194567768041337
309 0.0009759887576465887
310 0.0017563425300159536
391 0.0026964149985312727
396 0.0011845934770817253
401 0.001859551546991664
403 0.002394904701681818
438 0.004207972017633382
452 0.0005755223958501378
496 0.0005380435045719325
613 0.0005922967385408627
662 0.0008682461508527967
669 0.0006103147235040822
803 0.00071361722629165
902 0.000650930839395929
1015 0.0009293486133572717
1034 0.0008194567768041337
1057 0.0010111556244492273
1448 0.0009293486133572717
1781 0.0017364923017055933
2679 0.002804921466469133
2680 0.0014024607332345665
2681 0.0014024607332345665
2682 0.0014024607332345665
2683 0.0014024607332345665
2684 0.029451675397925897
2685 0.0168295287988148
2686 0.0014024607332345665
2687 0.0014024607332345665
2688 0.0010654088584181574
2689 0.0014024607332345665
2690 0.0042073821997037
2691 0.0042073821997037
2692 0.0042073821997037
2693 0.003196226575254472
2694 0.002804921466469133