9 0.0006241182422011089
13 0.00000615555749678818
36 0.00008671892631624905
38 0.000012233194463272731
39 0.000015438219457612578
40 0.000012233194463272731
41 0.00002462222998715272
42 0.0001278820616880182
43 0.00004252336359837915
44 0.0004976362107612556
45 0.00008241560098208883
46 0.0004684699409609935
47 0.00036652805156943435
48 0.00022854540687854879
49 0.0000679268829654962
51 0.0001670110942886723
52 0.000022262872240576327
55 0.0015728026660214603
56 0.00013988916725104833
57 0.0003527432244730031
61 0.00019112209487459625
63 0.0000045802197502998095
64 0.00007506333130309098
67 0.0001412436639807968
73 0.000619850515663888
79 0.0007608226759490672
80 0.0008968829210099529
81 0.000362668338628183
82 0.0028558830367164884
83 0.00071361722629165
85 0.00020625822270013306
88 0.0012209893753257998
90 0.0006622413221663868
102 0.00042377080113265817
118 0.0005559679953851209
123 0.0003111316863753057
124 0.0005055778122246136
130 0.0007676470964100883
136 0.0006622413221663868
146 0.0004513245782556835
159 0.0003495228921729738
180 0.0002952696582040436
309 0.0009759887576465887
411 0.0005607588032834975
442 0.0006103147235040822
471 0.0007983015672272726
472 0.0009668275046354771
484 0.0006997202134445921
650 0.0007608226759490672
1088 0.0009293486133572717
1276 0.0006622413221663868
1701 0.0010111556244492273
1873 0.0008968829210099529
2706 0.002804921466469133
2707 0.0014024607332345665
2708 0.0084147643994074
2709 0.0014024607332345665
2710 0.0014024607332345665
2711 0.0014024607332345665
2712 0.009817225132641966
2713 0.011219685865876532
2714 0.0084147643994074
2715 0.002804921466469133
2716 0.002804921466469133
2717 0.002804921466469133