9 0.0012482364844022178
12 0.0010111556244492273
13 0.00001231111499357636
14 0.0005180488295811783
15 0.0005837649321194501
17 0.00048799437882329435
19 0.001464275340386537
21 0.00035600678399941706
23 0.0005055778122246136
26 0.00021900961471874297
33 0.0003281012370525588
34 0.00016696862548619968
36 0.0001734378526324981
37 0.000725336677256366
38 0.000009174895847454548
39 0.000015438219457612578
40 0.00002140809031072728
41 0.00003693334498072908
42 0.0001278820616880182
43 0.00003401869087870331
44 0.0004976362107612556
45 0.00016483120196417766
46 0.0004684699409609935
47 0.00036652805156943435
48 0.00022854540687854879
49 0.0002037806488964886
51 0.0003340221885773446
52 0.000022262872240576327
55 0.0002246860951459229
56 0.00013988916725104833
57 0.0003527432244730031
61 0.00019112209487459625
63 0.0000045802197502998095
64 0.00007506333130309098
66 0.00038491964666822163
78 0.004213148435205114
81 0.000725336677256366
84 0.000662096644069788
85 0.0004125164454002661
99 0.0020223112488984545
102 0.00042377080113265817
113 0.00026863163182146973
118 0.0030578239746181647
124 0.00016852593740820454
136 0.0052979305773310946
144 0.0018249459739199082
159 0.0006990457843459476
171 0.0002134626471120881
180 0.0002952696582040436
192 0.000650930839395929
222 0.0006741037496328182
230 0.0014272344525833
270 0.0028544689051666
271 0.0012206294470081644
274 0.020750700599138795
279 0.000446509935100765
288 0.0009124729869599541
309 0.0009759887576465887
350 0.005055778122246136
357 0.0023350597284778002
360 0.00036951756716372796
393 0.0011351003118447
394 0.003370518748164091
412 0.00036951756716372796
461 0.0008426296870410227
468 0.00048799437882329435
479 0.0028544689051666
497 0.0018133416931409153
534 0.0008682461508527967
669 0.0012206294470081644
751 0.004916740660824802
753 0.000619850515663888
788 0.0006622413221663868
823 0.003991507836136363
915 0.0006622413221663868
980 0.0006997202134445921
1001 0.000640123214165967
1060 0.0005837649321194501
1397 0.006628193827358985
1417 0.0008194567768041337
1769 0.0029004825139064315
2085 0.0007788406609122869
2390 0.0020223112488984545
2718 0.011219685865876532
2719 0.0084147643994074
2720 0.007012303666172833
2721 0.007012303666172833
2722 0.0009293486133572717
2723 0.002467869591652724
2724 0.0014024607332345665
2725 0.0014024607332345665