0 0.00012419781759445434
1 0.00009782275243664496
2 0.00011794730538676969
7 0.0001345454019413534
13 0.00002462222998715272
16 0.0013081772445418388
17 0.004879943788232944
23 0.0005055778122246136
24 0.0010654088584181574
27 0.000619850515663888
38 0.000012233194463272731
39 0.000015438219457612578
40 0.000012233194463272731
41 0.00001846667249036454
42 0.0001278820616880182
43 0.000025514018159027487
45 0.00016483120196417766
46 0.0004015456636808516
47 0.0004188892017936393
48 0.00045709081375709757
49 0.0000679268829654962
51 0.0001670110942886723
52 0.000022262872240576327
56 0.00013988916725104833
58 0.0006458928323905189
59 0.0005624425397736376
61 0.00009556104743729812
63 0.000006870329625449715
64 0.00007506333130309098
65 0.00012931656527202115
67 0.0001412436639807968
89 0.0003916734089637078
118 0.0005559679953851209
139 0.0005311942760363876
150 0.0003875355521269475
171 0.0006403879413362643
176 0.0005837649321194501
192 0.000650930839395929
236 0.005327044292090787
243 0.00071361722629165
249 0.0053257587316434705
277 0.00017624504713701082
282 0.0005922967385408627
368 0.0005837649321194501
413 0.0003593147470569854
428 0.0009668275046354771
449 0.0007788406609122869
540 0.0006741037496328182
545 0.0007788406609122869
659 0.0010654088584181574
688 0.0010654088584181574
690 0.0009293486133572717
826 0.0013731495339787657
922 0.0010111556244492273
1063 0.0008968829210099529
1120 0.0006622413221663868
1301 0.0018586972267145435
1603 0.0017364923017055933
1769 0.0029004825139064315
2262 0.002130817716836315
2381 0.0009668275046354771
2613 0.001233934795826362
2726 0.0014024607332345665
2727 0.0014024607332345665
2728 0.0014024607332345665