13 0.00003693334498072908
26 0.00043801922943748593
30 0.00039130510878533924
34 0.00016696862548619968
37 0.000725336677256366
38 0.0000061165972316363655
39 0.000007719109728806289
40 0.000009174895847454548
41 0.00002462222998715272
43 0.00004252336359837915
45 0.0002472468029462665
47 0.00005236115022420491
52 0.000044525744481152654
56 0.00013988916725104833
58 0.0008611904431873585
59 0.0005624425397736376
60 0.0002756119639105608
63 0.000006870329625449715
64 0.00007506333130309098
65 0.0002586331305440423
66 0.00019245982333411082
74 0.0006865747669893828
100 0.0006741037496328182
107 0.000775071104253895
123 0.0003111316863753057
132 0.005207446715167432
159 0.0003495228921729738
165 0.000362668338628183
167 0.0014880966665166847
171 0.0002134626471120881
177 0.000362668338628183
180 0.0002952696582040436
192 0.000650930839395929
250 0.00041108279890300333
261 0.0005180488295811783
264 0.0014987227783292958
277 0.00017624504713701082
288 0.00045623649347997704
357 0.0011675298642389001
402 0.0020223112488984545
441 0.0005837649321194501
495 0.0006622413221663868
537 0.0007283569836017483
538 0.0015352001091642055
554 0.0008426296870410227
555 0.0005245327214076215
557 0.005451884626386008
679 0.005055778122246136
680 0.0010111556244492273
692 0.00426163543367263
701 0.0011353534420436818
782 0.0032546541969796458
786 0.004044622497796909
905 0.0009668275046354771
940 0.0020223112488984545
1073 0.0008194567768041337
1115 0.0008682461508527967
1397 0.0016570484568397463
1468 0.0009293486133572717
1650 0.0007608226759490672
1654 0.0017937658420199057
1855 0.0010654088584181574
2127 0.0010654088584181574
2729 0.017030301630655227
2730 0.002804921466469133
2731 0.0014024607332345665
2732 0.001233934795826362
2733 0.001233934795826362