0 0.0002483956351889087
1 0.00009782275243664496
2 0.00011794730538676969
7 0.0001345454019413534
13 0.00004924445997430544
26 0.00021900961471874297
30 0.0007826102175706785
33 0.0003281012370525588
34 0.00016696862548619968
36 0.00008671892631624905
38 0.000009174895847454548
39 0.00002315732918641887
40 0.000015291493079090914
41 0.000030777787483940904
42 0.0001278820616880182
43 0.000025514018159027487
45 0.00016483120196417766
46 0.00033462138640070967
47 0.0005236115022420492
48 0.00045709081375709757
49 0.0000679268829654962
52 0.000022262872240576327
56 0.00013988916725104833
63 0.000006870329625449715
64 0.00007506333130309098
65 0.0005172662610880846
68 0.00041108279890300333
89 0.0001958367044818539
104 0.0007460318459501643
123 0.0003111316863753057
124 0.0003370518748164091
138 0.0018309441705122468
146 0.0004513245782556835
177 0.000725336677256366
180 0.0002952696582040436
247 0.00056755015592235
309 0.00048799437882329435
310 0.0005854475100053178
404 0.0029004825139064315
430 0.00042815166801879435
441 0.0017512947963583504
442 0.0006103147235040822
487 0.012081531973644533
491 0.002877611979250689
493 0.00056755015592235
494 0.002209397942452995
496 0.0005380435045719325
497 0.0010880050158845493
508 0.005330670646867764
569 0.0008682461508527967
632 0.001233934795826362
672 0.0008426296870410227
709 0.004408429408733476
716 0.0005523494856132488
761 0.004935739183305448
762 0.0022707068840873636
772 0.0010623885520727751
787 0.0009293486133572717
852 0.0006997202134445921
917 0.0011353534420436818
940 0.0020223112488984545
1007 0.002527889061123068
1029 0.0010234667394428036
1085 0.0007440483332583423
1101 0.0008426296870410227
1196 0.0006741037496328182
1343 0.0018586972267145435
1397 0.002209397942452995
1548 0.0009293486133572717
1654 0.0017937658420199057
2631 0.005381297526059718
2734 0.008637543570784533
2735 0.0014024607332345665
2736 0.0014024607332345665
2737 0.0014024607332345665
2738 0.0014024607332345665
2739 0.0014024607332345665
2740 0.0014024607332345665