0 0.00012419781759445434
1 0.00009782275243664496
2 0.00011794730538676969
3 0.00042377080113265817
4 0.00036951756716372796
5 0.00013988916725104833
6 0.0001467383957865933
7 0.0001345454019413534
8 0.000230498281105941
9 0.0008321576562681452
13 0.00001231111499357636
20 0.0003084151046592529
21 0.0010680203519982513
26 0.0006570288441562289
30 0.00039130510878533924
34 0.00033393725097239935
36 0.00008671892631624905
38 0.0000061165972316363655
39 0.000015438219457612578
40 0.000018349791694909097
41 0.00003693334498072908
42 0.0001278820616880182
43 0.000051028036318054975
44 0.0004976362107612556
45 0.00016483120196417766
46 0.00026769710912056773
47 0.0002618057511210246
48 0.00022854540687854879
49 0.0000679268829654962
51 0.0001670110942886723
52 0.000044525744481152654
58 0.00043059522159367926
59 0.0003749616931824251
60 0.0002756119639105608
61 0.00019112209487459625
63 0.0000022901098751499047
64 0.00007506333130309098
65 0.00012931656527202115
66 0.00019245982333411082
85 0.0008250328908005323
91 0.0006997202134445921
100 0.0003370518748164091
107 0.0003875355521269475
113 0.00026863163182146973
120 0.0010111556244492273
121 0.0035875316840398115
122 0.00035600678399941706
123 0.0003111316863753057
124 0.00016852593740820454
125 0.00048799437882329435
128 0.0031153626436491474
139 0.0005311942760363876
143 0.0005837649321194501
150 0.000775071104253895
158 0.0005755223958501378
160 0.00038382354820504417
165 0.000362668338628183
167 0.0007440483332583423
171 0.0002134626471120881
179 0.0013244826443327736
186 0.0005180488295811783
335 0.0008426296870410227
366 0.0006997202134445921
376 0.000650930839395929
389 0.0023365219827368605
392 0.0015576813218245737
393 0.0022702006236894
410 0.0010111556244492273
437 0.0005180488295811783
505 0.0013244826443327736
506 0.0012595512596381359
507 0.002302089583400551
520 0.0006864148646263945
525 0.007947474094305773
535 0.005676767210218409
538 0.0005117333697214018
549 0.002185070950805245
555 0.0005245327214076215
557 0.004673043965473721
562 0.0010654088584181574
569 0.0008682461508527967
657 0.0010654088584181574
667 0.004198321280667553
782 0.000650930839395929
847 0.0009293486133572717
864 0.0008968829210099529
895 0.0008426296870410227
903 0.0011353534420436818
959 0.001233934795826362
1082 0.015469240074167634
1114 0.002467869591652724
1331 0.0008682461508527967
1542 0.00676779253244834
1635 0.001233934795826362
1672 0.0010111556244492273
1753 0.0038041133797453363
1822 0.001233934795826362
1827 0.0008968829210099529
2016 0.002467869591652724
2108 0.0009668275046354771
2429 0.001233934795826362
2446 0.001233934795826362
2447 0.0009293486133572717
2528 0.001233934795826362
2636 0.0020223112488984545
2638 0.003717394453429087
2733 0.001233934795826362
2741 0.0014024607332345665
2742 0.0014024607332345665
2743 0.0014024607332345665
2744 0.0014024607332345665
2745 0.0014024607332345665
2746 0.0009293486133572717
2747 0.001233934795826362
2748 0.0014024607332345665
2749 0.0014024607332345665
2750 0.00616967397913181
2751 0.0014024607332345665
2752 0.0014024607332345665
2753 0.0014024607332345665
2754 0.0014024607332345665
2755 0.0014024607332345665
2756 0.0014024607332345665
2757 0.0014024607332345665
2758 0.0014024607332345665