0 0.00012419781759445434
1 0.00009782275243664496
2 0.00011794730538676969
5 0.00013988916725104833
6 0.0001467383957865933
7 0.0001345454019413534
13 0.00004924445997430544
34 0.00016696862548619968
35 0.0006865747669893828
38 0.000009174895847454548
39 0.00003859554864403145
40 0.000009174895847454548
41 0.00001846667249036454
43 0.00003401869087870331
45 0.00016483120196417766
46 0.00026769710912056773
47 0.00020944460089681964
48 0.00022854540687854879
49 0.0002037806488964886
52 0.000022262872240576327
59 0.00018748084659121254
63 0.000009160439500599619
65 0.00012931656527202115
67 0.0002824873279615936
83 0.00071361722629165
89 0.0005875101134455617
98 0.0008682461508527967
104 0.00037301592297508214
129 0.0038673100185419086
177 0.000362668338628183
214 0.0010360976591623566
255 0.000362668338628183
272 0.0013731495339787657
286 0.0004769410420674574
288 0.0022811824673998854
320 0.0011196620923870878
324 0.0006741037496328182
327 0.005826855868813987
352 0.0014272344525833
366 0.0006997202134445921
375 0.00047159727675776246
393 0.00056755015592235
431 0.0006865747669893828
497 0.000362668338628183
544 0.0008426296870410227
576 0.000619850515663888
587 0.0009293486133572717
633 0.0007608226759490672
641 0.0020597243009681486
642 0.0014880966665166847
666 0.0006011388596619117
689 0.0007608226759490672
780 0.0006622413221663868
875 0.0023365219827368605
876 0.0014272344525833
920 0.002185070950805245
980 0.0013994404268891842
998 0.002467869591652724
1001 0.000640123214165967
1283 0.0006997202134445921
1319 0.0022707068840873636
1320 0.003033466873347682
1396 0.0038041133797453363
1425 0.0010654088584181574
1621 0.0010654088584181574
1834 0.010218180978393134
2027 0.0016852593740820454
2085 0.0007788406609122869
2115 0.00520947690511678
2202 0.0009668275046354771
2203 0.0010111556244492273
2759 0.0014024607332345665
2760 0.0010654088584181574
2761 0.0014024607332345665
2762 0.0014024607332345665