0 0.00012419781759445434
1 0.00009782275243664496
2 0.00011794730538676969
5 0.00013988916725104833
6 0.0001467383957865933
7 0.0001345454019413534
8 0.000230498281105941
12 0.0005055778122246136
13 0.00001846667249036454
19 0.00036606883509663425
20 0.0003084151046592529
26 0.00021900961471874297
30 0.00039130510878533924
34 0.00008348431274309984
36 0.0002601567789487472
38 0.000009174895847454548
39 0.00008491020701686918
40 0.000018349791694909097
41 0.00003693334498072908
42 0.0001918230925320273
43 0.00003401869087870331
45 0.0002472468029462665
46 0.00026769710912056773
47 0.0002618057511210246
48 0.00022854540687854879
49 0.0000679268829654962
51 0.0001670110942886723
52 0.000044525744481152654
58 0.0006458928323905189
60 0.0002756119639105608
61 0.00019112209487459625
63 0.0000022901098751499047
64 0.00007506333130309098
65 0.00012931656527202115
67 0.001271192975827171
71 0.0004152389947112455
82 0.0005192514612211797
84 0.000331048322034894
85 0.0004125164454002661
89 0.0001958367044818539
100 0.0003370518748164091
102 0.00042377080113265817
105 0.00047159727675776246
107 0.0003875355521269475
115 0.0004663684400884302
118 0.0011119359907702418
134 0.001301861678791858
160 0.00038382354820504417
175 0.0018586972267145435
176 0.0005837649321194501
177 0.000725336677256366
192 0.000650930839395929
196 0.0018504906279555174
197 0.00056755015592235
250 0.00041108279890300333
277 0.00017624504713701082
289 0.0007440483332583423
355 0.0009668275046354771
360 0.00036951756716372796
375 0.004244375490819862
379 0.0006741037496328182
437 0.0010360976591623566
537 0.0007283569836017483
538 0.0005117333697214018
555 0.0005245327214076215
556 0.0010111556244492273
557 0.0015576813218245737
558 0.0022824680278472017
559 0.001233934795826362
560 0.0336590575976296
561 0.001233934795826362
562 0.0351584923277992
563 0.005055778122246136
564 0.003196226575254472
565 0.0011353534420436818
566 0.002804921466469133
567 0.0014024607332345665
568 0.002804921466469133
569 0.0008682461508527967
570 0.004541413768174727
571 0.005609842932938266
572 0.00499532058404155
573 0.00056755015592235
574 0.001233934795826362
575 0.005609842932938266
576 0.000619850515663888
577 0.0008968829210099529
578 0.0008426296870410227
579 0.0008968829210099529
580 0.0009668275046354771
581 0.0014024607332345665
582 0.0014024607332345665
583 0.0042073821997037
584 0.007012303666172833
585 0.0009293486133572717
586 0.0014024607332345665
587 0.0009293486133572717
588 0.0010654088584181574
589 0.0008426296870410227
590 0.0006622413221663868
591 0.0007283569836017483