13 0.00001846667249036454
14 0.0005180488295811783
15 0.0005837649321194501
16 0.00014535302717131544
26 0.00021900961471874297
29 0.0005180488295811783
30 0.0007826102175706785
36 0.0002601567789487472
38 0.0000061165972316363655
39 0.000015438219457612578
40 0.00009174895847454549
41 0.00001846667249036454
42 0.0000639410308440091
43 0.00004252336359837915
46 0.00013384855456028387
47 0.00010472230044840982
49 0.0000679268829654962
52 0.000022262872240576327
63 0.0000045802197502998095
64 0.00007506333130309098
66 0.00038491964666822163
72 0.0008652258445074145
79 0.0007608226759490672
81 0.002901346709025464
82 0.00025962573061058986
102 0.00042377080113265817
110 0.0006741037496328182
111 0.0010654088584181574
124 0.00016852593740820454
146 0.0004513245782556835
150 0.0011626066563808425
151 0.000650930839395929
171 0.0006403879413362643
180 0.0002952696582040436
193 0.001239701031327776
196 0.0003084151046592529
210 0.0005245327214076215
223 0.0008194567768041337
245 0.0003765653514752408
246 0.0007283569836017483
251 0.0004513245782556835
263 0.0005755223958501378
277 0.00017624504713701082
286 0.0004769410420674574
287 0.008393161540889099
288 0.00045623649347997704
292 0.0019203696424979011
297 0.0007608226759490672
309 0.0009759887576465887
313 0.0007283569836017483
353 0.00071361722629165
376 0.000650930839395929
393 0.00283775077961175
406 0.0008682461508527967
430 0.0008563033360375887
437 0.0005180488295811783
452 0.0017265671875504136
457 0.0018034165789857352
467 0.0008968829210099529
468 0.00048799437882329435
527 0.011122711868941499
664 0.0006297756298190679
765 0.0007283569836017483
791 0.0010111556244492273
850 0.0006997202134445921
876 0.00071361722629165
1010 0.0008682461508527967
1062 0.0005598310461935439
1112 0.0005922967385408627
1271 0.0008426296870410227
1325 0.0007440483332583423
1356 0.0011353534420436818
1410 0.004834137523177386
1819 0.01357328275408998
1873 0.0008968829210099529
1920 0.004044622497796909
2012 0.003406060326131045
2013 0.003406060326131045
2381 0.0009668275046354771
2445 0.0010654088584181574
2763 0.0014024607332345665
2764 0.002804921466469133
2765 0.0084147643994074
2766 0.0014024607332345665
2767 0.0014024607332345665
2768 0.012622146599111098
2769 0.0010654088584181574
2770 0.002467869591652724
2771 0.0014024607332345665
2772 0.001233934795826362
2773 0.0014024607332345665
2774 0.001233934795826362