0 0.00012419781759445434
1 0.00009782275243664496
2 0.00011794730538676969
3 0.00042377080113265817
4 0.00036951756716372796
5 0.00013988916725104833
6 0.0001467383957865933
7 0.0001345454019413534
8 0.000230498281105941
9 0.0010401970703351816
13 0.00000615555749678818
16 0.00014535302717131544
26 0.00021900961471874297
29 0.0005180488295811783
34 0.0002504529382292995
36 0.0001734378526324981
38 0.000009174895847454548
39 0.000015438219457612578
40 0.000009174895847454548
41 0.00001846667249036454
42 0.0001278820616880182
43 0.000051028036318054975
45 0.00008241560098208883
51 0.0001670110942886723
52 0.000044525744481152654
58 0.00021529761079683963
59 0.0005624425397736376
60 0.0002756119639105608
61 0.00019112209487459625
63 0.0000045802197502998095
64 0.00007506333130309098
67 0.0001412436639807968
81 0.000362668338628183
85 0.00020625822270013306
89 0.0001958367044818539
91 0.0006997202134445921
104 0.00037301592297508214
105 0.00047159727675776246
118 0.0022238719815404835
124 0.00016852593740820454
144 0.0018249459739199082
146 0.0004513245782556835
157 0.0008968829210099529
159 0.0006990457843459476
171 0.0002134626471120881
179 0.0006622413221663868
193 0.000619850515663888
226 0.0004769410420674574
230 0.00071361722629165
255 0.000362668338628183
261 0.0005180488295811783
272 0.0006865747669893828
307 0.00047159727675776246
310 0.0008781712650079768
376 0.000650930839395929
379 0.0006741037496328182
391 0.0020223112488984545
411 0.0008411382049252463
475 0.004408429408733476
497 0.000362668338628183
520 0.0003432074323131972
550 0.0005922967385408627
573 0.00056755015592235
598 0.01255636089413934
604 0.00426163543367263
725 0.00426163543367263
726 0.0058984078092871595
841 0.0006865747669893828
916 0.0008682461508527967
1010 0.0008682461508527967
1200 0.0011353534420436818
1315 0.00214085167887495
1446 0.004541413768174727
1637 0.0009668275046354771
1934 0.0009668275046354771
1936 0.0022707068840873636
2204 0.0010111556244492273
2693 0.0010654088584181574
2775 0.0042073821997037
2776 0.0014024607332345665
2777 0.0014024607332345665