9 0.0016643153125362904
26 0.00021900961471874297
34 0.00033393725097239935
36 0.0003468757052649962
38 0.000009174895847454548
39 0.000007719109728806289
40 0.000009174895847454548
41 0.00001231111499357636
42 0.0000639410308440091
43 0.000025514018159027487
45 0.00016483120196417766
51 0.0001670110942886723
52 0.000022262872240576327
55 0.0004493721902918458
61 0.00009556104743729812
63 0.0000045802197502998095
64 0.00007506333130309098
84 0.000662096644069788
85 0.00020625822270013306
97 0.0009431945535155249
113 0.00026863163182146973
123 0.0003111316863753057
124 0.00016852593740820454
139 0.0005311942760363876
175 0.022304366720574523
191 0.0008194567768041337
255 0.000725336677256366
261 0.0005180488295811783
264 0.0014987227783292958
309 0.0009759887576465887
324 0.0006741037496328182
334 0.0009293486133572717
389 0.0015576813218245737
394 0.0020223112488984545
412 0.00036951756716372796
413 0.0003593147470569854
505 0.0019867239664991604
506 0.001889326889457204
507 0.0005755223958501378
510 0.0007983015672272726
544 0.0008426296870410227
550 0.0005922967385408627
552 0.0012595512596381359
553 0.0009293486133572717
576 0.000619850515663888
633 0.0007608226759490672
672 0.0008426296870410227
764 0.0029004825139064315
826 0.0006865747669893828
895 0.0008426296870410227
1093 0.0007983015672272726
1133 0.0017364923017055933
1162 0.000619850515663888
1397 0.0005523494856132488
1398 0.0010654088584181574
1412 0.0009668275046354771
1478 0.0009668275046354771
1511 0.0008968829210099529
1514 0.0010654088584181574
1630 0.0010111556244492273
1753 0.0015216453518981344
1837 0.0008968829210099529
2607 0.001233934795826362
2778 0.0014024607332345665
2779 0.0014024607332345665
2780 0.0014024607332345665
2781 0.0014024607332345665
2782 0.008637543570784533
2783 0.0014024607332345665
2784 0.0014024607332345665
2785 0.0010654088584181574
2786 0.017275087141569067
2787 0.0014024607332345665
2788 0.0014024607332345665
2789 0.009817225132641966
2790 0.0014024607332345665
2791 0.0014024607332345665
2792 0.007012303666172833
2793 0.0084147643994074
2794 0.0014024607332345665
2795 0.0011353534420436818
2796 0.0014024607332345665
2797 0.0014024607332345665
2798 0.0014024607332345665
2799 0.001233934795826362
2800 0.0037018043874790857
2801 0.0014024607332345665
2802 0.0014024607332345665
2803 0.001233934795826362
2804 0.0014024607332345665
2805 0.0014024607332345665
2806 0.0014024607332345665
2807 0.0014024607332345665