0 0.00012419781759445434
1 0.00009782275243664496
2 0.00011794730538676969
3 0.00042377080113265817
4 0.00036951756716372796
5 0.00013988916725104833
6 0.0001467383957865933
7 0.0001345454019413534
8 0.000230498281105941
9 0.0004160788281340726
13 0.00001231111499357636
16 0.0005814121086852618
17 0.00048799437882329435
30 0.0011739153263560177
38 0.000009174895847454548
39 0.000015438219457612578
40 0.000009174895847454548
41 0.00001846667249036454
42 0.0001278820616880182
43 0.00003401869087870331
44 0.0004976362107612556
45 0.00008241560098208883
46 0.0002007728318404258
47 0.0002618057511210246
48 0.00022854540687854879
49 0.0000679268829654962
51 0.0001670110942886723
52 0.000022262872240576327
61 0.00009556104743729812
63 0.0000022901098751499047
65 0.0005172662610880846
66 0.00038491964666822163
73 0.000619850515663888
76 0.0009431945535155249
79 0.0007608226759490672
80 0.0008968829210099529
81 0.000725336677256366
82 0.0007788771918317696
83 0.0028544689051666
85 0.00020625822270013306
113 0.00026863163182146973
124 0.0003370518748164091
136 0.0013244826443327736
144 0.0013687094804399312
160 0.0007676470964100883
177 0.000725336677256366
185 0.0007788406609122869
186 0.0005180488295811783
230 0.00071361722629165
247 0.00056755015592235
255 0.000725336677256366
365 0.0008194567768041337
401 0.000619850515663888
475 0.0006297756298190679
487 0.0018586972267145435
494 0.0005523494856132488
756 0.0011353534420436818
868 0.0017026504677670501
1062 0.0022393241847741756
1070 0.0007788406609122869
1548 0.0009293486133572717
2808 0.0014024607332345665
2809 0.0014024607332345665
2810 0.0014024607332345665