1 0.00009782275243664496
2 0.00011794730538676969
13 0.00005540001747109362
16 0.00014535302717131544
34 0.00033393725097239935
37 0.0018133416931409153
38 0.000009174895847454548
39 0.000015438219457612578
40 0.000015291493079090914
41 0.00001846667249036454
42 0.0001278820616880182
43 0.000017009345439351656
45 0.00008241560098208883
46 0.0004015456636808516
47 0.00031416690134522947
52 0.000044525744481152654
55 0.002022174856313306
56 0.00013988916725104833
61 0.00019112209487459625
63 0.0000045802197502998095
64 0.00015012666260618196
66 0.0005773794700023325
67 0.0002824873279615936
68 0.00041108279890300333
82 0.0005192514612211797
87 0.0007902680619510038
88 0.00040699645844193325
89 0.0005875101134455617
104 0.00037301592297508214
113 0.0005372632636429395
114 0.00037301592297508214
124 0.0003370518748164091
146 0.0004513245782556835
151 0.000650930839395929
180 0.0002952696582040436
225 0.0020597243009681486
277 0.0007049801885480433
290 0.0010654088584181574
307 0.00047159727675776246
324 0.0013482074992656363
406 0.0008682461508527967
412 0.00036951756716372796
413 0.0003593147470569854
428 0.0009668275046354771
445 0.0027982106405305815
486 0.009096362774779697
622 0.0011196620923870878
666 0.0006011388596619117
691 0.000640123214165967
721 0.0008194567768041337
780 0.0013244826443327736
803 0.00214085167887495
826 0.0006865747669893828
845 0.0007608226759490672
1030 0.0010654088584181574
1032 0.0009668275046354771
1062 0.0005598310461935439
1417 0.0008194567768041337
2085 0.0007788406609122869
2812 0.009817225132641966
2813 0.001233934795826362