0 0.00012419781759445434
1 0.00009782275243664496
2 0.00011794730538676969
3 0.00042377080113265817
4 0.00036951756716372796
5 0.00013988916725104833
6 0.0001467383957865933
7 0.0001345454019413534
8 0.000230498281105941
9 0.001456275898469254
13 0.00001231111499357636
16 0.00014535302717131544
17 0.0009759887576465887
19 0.00036606883509663425
20 0.0009252453139777587
21 0.0007120135679988341
22 0.00178603974040306
23 0.0005055778122246136
26 0.00021900961471874297
29 0.0005180488295811783
33 0.0003281012370525588
34 0.0004174215637154992
38 0.000009174895847454548
39 0.00002315732918641887
40 0.000018349791694909097
41 0.00003693334498072908
42 0.0001278820616880182
43 0.000051028036318054975
44 0.0004976362107612556
45 0.0002472468029462665
46 0.0004015456636808516
47 0.0004188892017936393
48 0.00022854540687854879
49 0.0002037806488964886
51 0.0001670110942886723
52 0.000022262872240576327
55 0.0004493721902918458
56 0.00027977833450209665
57 0.0007054864489460062
61 0.00019112209487459625
63 0.0000045802197502998095
64 0.00007506333130309098
65 0.0002586331305440423
81 0.0010880050158845493
82 0.0007788771918317696
85 0.0008250328908005323
89 0.0001958367044818539
149 0.000640123214165967
165 0.000362668338628183
179 0.0006622413221663868
212 0.00071361722629165
217 0.003043290703796269
307 0.00047159727675776246
367 0.0012022777193238235
368 0.0005837649321194501
391 0.0026964149985312727
401 0.001239701031327776
475 0.0025191025192762718
491 0.0011510447917002756
504 0.0011353534420436818
505 0.0013244826443327736
506 0.0012595512596381359
507 0.0011510447917002756
510 0.0007983015672272726
511 0.0008426296870410227
557 0.0023365219827368605
558 0.0007608226759490672
593 0.0008682461508527967
693 0.0008194567768041337
750 0.0019336550092709543
786 0.011459763743757907
852 0.0006997202134445921
1115 0.0008682461508527967
1162 0.000619850515663888
1178 0.004564936055694403
1188 0.0010654088584181574
1206 0.0011353534420436818
1214 0.0007788406609122869
1397 0.005523494856132488
1781 0.0017364923017055933
2638 0.0009293486133572717
2819 0.0014024607332345665
2820 0.0014024607332345665
2821 0.005327044292090787
2822 0.002804921466469133
2823 0.0042073821997037
2824 0.0014024607332345665
2825 0.0014024607332345665
2826 0.0014024607332345665
2827 0.001233934795826362
2828 0.0014024607332345665
2829 0.002467869591652724