0 0.00012419781759445434
1 0.00009782275243664496
2 0.00011794730538676969
3 0.00042377080113265817
4 0.00036951756716372796
5 0.00013988916725104833
6 0.0001467383957865933
7 0.0001345454019413534
8 0.000230498281105941
9 0.0006241182422011089
13 0.000030777787483940904
16 0.0002907060543426309
17 0.00048799437882329435
20 0.0003084151046592529
21 0.00035600678399941706
30 0.00039130510878533924
34 0.00008348431274309984
36 0.0001734378526324981
38 0.000009174895847454548
39 0.000015438219457612578
40 0.000012233194463272731
41 0.00002462222998715272
42 0.0001918230925320273
43 0.000051028036318054975
44 0.0004976362107612556
45 0.00008241560098208883
46 0.00033462138640070967
47 0.00036652805156943435
48 0.00022854540687854879
49 0.0000679268829654962
51 0.0001670110942886723
52 0.000044525744481152654
55 0.0002246860951459229
56 0.00027977833450209665
57 0.0003527432244730031
58 0.00043059522159367926
59 0.0003749616931824251
60 0.0002756119639105608
61 0.00019112209487459625
63 0.0000022901098751499047
65 0.0002586331305440423
66 0.0005773794700023325
67 0.0001412436639807968
79 0.0007608226759490672
81 0.0010880050158845493
82 0.0005192514612211797
83 0.0014272344525833
85 0.00020625822270013306
87 0.0003951340309755019
91 0.0006997202134445921
104 0.00037301592297508214
113 0.00026863163182146973
136 0.0006622413221663868
146 0.0004513245782556835
158 0.0005755223958501378
177 0.000362668338628183
179 0.0006622413221663868
180 0.0002952696582040436
185 0.0007788406609122869
230 0.00071361722629165
245 0.0003765653514752408
255 0.000362668338628183
438 0.002404555438647647
452 0.0005755223958501378
550 0.0005922967385408627
652 0.0010111556244492273
1010 0.0043412307542639835
1276 0.0006622413221663868
1289 0.001233934795826362
1321 0.0007788406609122869
1325 0.0029761933330333694
1400 0.0016389135536082674
1442 0.0029004825139064315
1922 0.0011353534420436818
2640 0.002130817716836315
2830 0.001233934795826362
2831 0.001233934795826362
2832 0.0014024607332345665
2833 0.0014024607332345665
2834 0.0014024607332345665
2835 0.0014024607332345665