0 0.00012419781759445434
1 0.00009782275243664496
2 0.00011794730538676969
5 0.00013988916725104833
7 0.0001345454019413534
8 0.000230498281105941
9 0.0008321576562681452
13 0.00003693334498072908
16 0.0002907060543426309
21 0.0007120135679988341
26 0.00021900961471874297
29 0.0005180488295811783
34 0.00016696862548619968
36 0.00008671892631624905
37 0.000725336677256366
38 0.0000061165972316363655
39 0.000015438219457612578
40 0.000012233194463272731
41 0.00002462222998715272
42 0.0001278820616880182
43 0.00003401869087870331
44 0.0004976362107612556
45 0.0002472468029462665
46 0.0004684699409609935
47 0.00036652805156943435
49 0.0000679268829654962
51 0.0001670110942886723
52 0.000044525744481152654
56 0.00013988916725104833
57 0.0003527432244730031
58 0.00043059522159367926
59 0.0003749616931824251
60 0.0002756119639105608
61 0.00019112209487459625
63 0.0000045802197502998095
64 0.00007506333130309098
84 0.000662096644069788
85 0.00020625822270013306
89 0.0005875101134455617
100 0.0006741037496328182
143 0.0046701194569556004
146 0.0013539737347670504
150 0.00155014220850779
245 0.0003765653514752408
253 0.000964809803975449
279 0.000446509935100765
292 0.0019203696424979011
309 0.0009759887576465887
310 0.0014636187750132947
391 0.0026964149985312727
394 0.0013482074992656363
430 0.00042815166801879435
475 0.001889326889457204
480 0.0016852593740820454
490 0.00214085167887495
491 0.010359403125302482
492 0.014418070106777042
505 0.0013244826443327736
506 0.0012595512596381359
508 0.0011845934770817253
550 0.0011845934770817253
552 0.0006297756298190679
590 0.0013244826443327736
628 0.005055778122246136
669 0.0006103147235040822
852 0.0013994404268891842
1328 0.007440483332583424
1397 0.0011046989712264975
1403 0.0019336550092709543
1519 0.005676767210218409
2836 0.002467869591652724
2837 0.0014024607332345665
2838 0.0014024607332345665
2839 0.0014024607332345665