13 0.00001231111499357636
26 0.00021900961471874297
34 0.00033393725097239935
36 0.00008671892631624905
37 0.000362668338628183
38 0.000009174895847454548
39 0.000015438219457612578
40 0.000009174895847454548
41 0.00001846667249036454
43 0.000025514018159027487
46 0.00013384855456028387
47 0.00020944460089681964
51 0.0001670110942886723
52 0.000022262872240576327
55 0.0004493721902918458
61 0.00019112209487459625
63 0.0000045802197502998095
64 0.00007506333130309098
65 0.0002586331305440423
81 0.000362668338628183
84 0.000662096644069788
100 0.0003370518748164091
102 0.0008475416022653163
118 0.0022238719815404835
123 0.0006222633727506114
124 0.0003370518748164091
171 0.0002134626471120881
180 0.0002952696582040436
197 0.00056755015592235
238 0.0009293486133572717
247 0.0011351003118447
250 0.00041108279890300333
310 0.0029272375500265894
315 0.0009668275046354771
347 0.0005117333697214018
413 0.0003593147470569854
437 0.0005180488295811783
441 0.0005837649321194501
457 0.0006011388596619117
497 0.001450673354512732
550 0.0005922967385408627
590 0.0006622413221663868
592 0.0014024607332345665
593 0.0008682461508527967
594 0.00071361722629165
595 0.0014880966665166847
596 0.0006741037496328182
597 0.0014024607332345665
598 0.007175063368079623
599 0.0009668275046354771
600 0.0011353534420436818
601 0.0014024607332345665
602 0.002804921466469133
603 0.0014024607332345665
604 0.005327044292090787
605 0.012622146599111098
606 0.0038673100185419086
607 0.005609842932938266
608 0.0014880966665166847
609 0.0015216453518981344
610 0.0014024607332345665
611 0.0022707068840873636
612 0.0014024607332345665
613 0.001776890215622588
614 0.0010654088584181574
615 0.0010654088584181574
616 0.001233934795826362
617 0.0014024607332345665
618 0.001233934795826362
619 0.0014024607332345665
620 0.0014024607332345665
621 0.0014024607332345665
622 0.0011196620923870878