0 0.00012419781759445434
1 0.00009782275243664496
2 0.00011794730538676969
5 0.00013988916725104833
6 0.0001467383957865933
7 0.0001345454019413534
8 0.000230498281105941
13 0.00001231111499357636
28 0.00043261292225370724
30 0.00039130510878533924
34 0.00008348431274309984
38 0.000009174895847454548
39 0.000015438219457612578
40 0.0000061165972316363655
41 0.00001231111499357636
43 0.000017009345439351656
46 0.00026769710912056773
47 0.00015708345067261473
49 0.0000679268829654962
51 0.0001670110942886723
52 0.000022262872240576327
58 0.0008611904431873585
59 0.0005624425397736376
60 0.0002756119639105608
63 0.0000045802197502998095
65 0.00012931656527202115
72 0.00043261292225370724
82 0.0005192514612211797
83 0.00071361722629165
88 0.00040699645844193325
89 0.0003916734089637078
102 0.00042377080113265817
124 0.00016852593740820454
130 0.00038382354820504417
411 0.0005607588032834975
412 0.00036951756716372796
413 0.0003593147470569854
739 0.0008682461508527967
1184 0.003406060326131045
1839 0.003033466873347682
2115 0.0008682461508527967
2204 0.0010111556244492273