13 0.00001231111499357636
16 0.0002907060543426309
26 0.00021900961471874297
28 0.00043261292225370724
34 0.00008348431274309984
37 0.000725336677256366
38 0.0000061165972316363655
39 0.000015438219457612578
40 0.000009174895847454548
41 0.00003693334498072908
42 0.0000639410308440091
43 0.000008504672719675828
46 0.00033462138640070967
47 0.00031416690134522947
52 0.000022262872240576327
55 0.0011234304757296147
56 0.0005595566690041933
63 0.000006870329625449715
64 0.00007506333130309098
65 0.0002586331305440423
66 0.00038491964666822163
67 0.0001412436639807968
84 0.000331048322034894
85 0.00020625822270013306
115 0.0018654737603537208
118 0.002501855979233044
124 0.00016852593740820454
132 0.001301861678791858
159 0.0003495228921729738
173 0.0008968829210099529
177 0.000725336677256366
180 0.0002952696582040436
277 0.0005287351414110325
279 0.000446509935100765
282 0.004146077169786039
304 0.0004937153847581824
310 0.0002927237550026589
352 0.00071361722629165
393 0.00283775077961175
411 0.00028037940164174876
413 0.0003593147470569854
431 0.0027462990679575313
501 0.002467869591652724
540 0.0006741037496328182
598 0.014350126736159246
600 0.0022707068840873636
604 0.02024276830994499
622 0.0005598310461935439
639 0.0019336550092709543
649 0.0007440483332583423
663 0.00676779253244834
665 0.0008682461508527967
667 0.0006997202134445921
703 0.0006865747669893828
708 0.0014880966665166847
811 0.0015966031344545452
823 0.0007983015672272726
842 0.007184714105045453
1301 0.0009293486133572717
1957 0.004044622497796909
2785 0.01704654173469052
2840 0.002804921466469133
2841 0.001233934795826362
2842 0.001233934795826362
2843 0.001233934795826362
2844 0.001233934795826362
2845 0.0014024607332345665
2846 0.0014024607332345665
2847 0.0014024607332345665
2848 0.0014024607332345665
2849 0.0014024607332345665
2850 0.009817225132641966
2851 0.009817225132641966
2852 0.0014024607332345665