9 0.0006241182422011089
13 0.00000615555749678818
16 0.00014535302717131544
19 0.00036606883509663425
33 0.0003281012370525588
34 0.00016696862548619968
36 0.0003468757052649962
37 0.000725336677256366
38 0.000012233194463272731
39 0.000015438219457612578
40 0.000018349791694909097
41 0.000030777787483940904
42 0.0000639410308440091
43 0.00004252336359837915
44 0.0004976362107612556
45 0.0002472468029462665
46 0.0004684699409609935
47 0.0004188892017936393
48 0.00022854540687854879
49 0.0000679268829654962
52 0.000022262872240576327
61 0.00019112209487459625
63 0.0000045802197502998095
64 0.00007506333130309098
67 0.0001412436639807968
71 0.0004152389947112455
72 0.00043261292225370724
73 0.000619850515663888
76 0.00047159727675776246
82 0.001817380114274129
85 0.0006187746681003992
87 0.0007902680619510038
88 0.00040699645844193325
124 0.00016852593740820454
125 0.001463983136469883
144 0.00045623649347997704
152 0.0007788406609122869
183 0.0006297756298190679
210 0.0005245327214076215
247 0.0022702006236894
255 0.000362668338628183
261 0.0005180488295811783
287 0.0004937153847581824
309 0.0009759887576465887
310 0.0005854475100053178
429 0.0011353534420436818
441 0.0005837649321194501
482 0.0008968829210099529
497 0.000362668338628183
664 0.003778653778914408
698 0.00260473845255839
1015 0.0009293486133572717
1016 0.0011353534420436818
1618 0.0011353534420436818
1774 0.001233934795826362
2853 0.0014024607332345665
2854 0.0014024607332345665
2855 0.0014024607332345665
2856 0.002467869591652724
2857 0.0014024607332345665
2858 0.002804921466469133
2859 0.0014024607332345665
2860 0.0014024607332345665