0 0.00012419781759445434
1 0.00009782275243664496
2 0.00011794730538676969
5 0.00013988916725104833
6 0.0001467383957865933
7 0.0001345454019413534
8 0.000230498281105941
13 0.00001846667249036454
15 0.0011675298642389001
16 0.00014535302717131544
19 0.00036606883509663425
21 0.00035600678399941706
26 0.00043801922943748593
34 0.00008348431274309984
37 0.001450673354512732
38 0.000015291493079090914
39 0.000007719109728806289
40 0.00002140809031072728
41 0.00001846667249036454
42 0.0000639410308440091
43 0.00003401869087870331
45 0.0002472468029462665
46 0.00006692427728014193
47 0.00005236115022420491
49 0.0002037806488964886
51 0.0001670110942886723
52 0.000044525744481152654
55 0.0002246860951459229
56 0.00027977833450209665
58 0.0006458928323905189
59 0.0007499233863648502
60 0.0002756119639105608
61 0.00009556104743729812
63 0.0000045802197502998095
64 0.00007506333130309098
65 0.00038794969581606347
66 0.0005773794700023325
102 0.00042377080113265817
118 0.002501855979233044
122 0.00035600678399941706
123 0.0003111316863753057
124 0.00016852593740820454
138 0.0012206294470081644
146 0.0004513245782556835
160 0.00038382354820504417
171 0.0004269252942241762
180 0.0002952696582040436
217 0.0015216453518981344
246 0.0014567139672034967
250 0.00041108279890300333
252 0.0007608226759490672
294 0.00071361722629165
296 0.0008194567768041337
360 0.00036951756716372796
376 0.000650930839395929
412 0.0007390351343274559
413 0.0007186294941139708
427 0.0008968829210099529
435 0.0017364923017055933
461 0.0008426296870410227
466 0.0010111556244492273
495 0.0013244826443327736
524 0.0022707068840873636
537 0.0007283569836017483
539 0.0008194567768041337
542 0.0007983015672272726
638 0.0007788406609122869
641 0.0013731495339787657
666 0.0006011388596619117
674 0.01917735945152683
703 0.0006865747669893828
708 0.0007440483332583423
709 0.0006297756298190679
776 0.0008968829210099529
788 0.0006622413221663868
820 0.0007983015672272726
832 0.0009668275046354771
841 0.0006865747669893828
850 0.0006997202134445921
870 0.0029004825139064315
1068 0.0029004825139064315
1072 0.002130817716836315
1112 0.0005922967385408627
1115 0.0008682461508527967
1178 0.0007608226759490672
1236 0.0009668275046354771
1320 0.010111556244492273
1371 0.0010654088584181574
1416 0.0009668275046354771
1425 0.0010654088584181574
1490 0.0011353534420436818
1526 0.0010654088584181574
1596 0.0008682461508527967
1716 0.004935739183305448
2042 0.003406060326131045
2061 0.0010654088584181574
2152 0.0011353534420436818
2164 0.001233934795826362
2165 0.007403608774958171
2385 0.0037018043874790857
2406 0.0011353534420436818
2427 0.0022707068840873636
2537 0.0010111556244492273
2540 0.001233934795826362
2861 0.002804921466469133
2862 0.0014024607332345665
2863 0.0011353534420436818
2864 0.002804921466469133
2865 0.002804921466469133
2866 0.0014024607332345665
2867 0.007012303666172833
2868 0.0084147643994074
2869 0.005609842932938266
2870 0.0014024607332345665