0 0.00012419781759445434
1 0.00009782275243664496
2 0.00011794730538676969
5 0.00013988916725104833
6 0.0001467383957865933
7 0.0001345454019413534
8 0.000230498281105941
13 0.00009233336245182272
34 0.00016696862548619968
36 0.0003468757052649962
38 0.000009174895847454548
39 0.000015438219457612578
40 0.000012233194463272731
41 0.00002462222998715272
42 0.0001918230925320273
43 0.00003401869087870331
45 0.0002472468029462665
46 0.00033462138640070967
47 0.0004188892017936393
48 0.00022854540687854879
49 0.0000679268829654962
52 0.000022262872240576327
55 0.0002246860951459229
56 0.00013988916725104833
63 0.000006870329625449715
64 0.00007506333130309098
65 0.0006465828263601058
66 0.00019245982333411082
67 0.0001412436639807968
82 0.00025962573061058986
85 0.00020625822270013306
100 0.0006741037496328182
102 0.00042377080113265817
113 0.00026863163182146973
123 0.0003111316863753057
124 0.00016852593740820454
138 0.0012206294470081644
165 0.000362668338628183
171 0.0004269252942241762
180 0.0002952696582040436
214 0.0005180488295811783
277 0.00017624504713701082
298 0.0011353534420436818
371 0.0005837649321194501
393 0.0017026504677670501
441 0.0017512947963583504
442 0.0012206294470081644
445 0.0004663684400884302
514 0.0007608226759490672
666 0.0006011388596619117
670 0.0006865747669893828
703 0.0006865747669893828
754 0.008089244995593818
769 0.0008194567768041337
820 0.0007983015672272726
823 0.003991507836136363
888 0.0011353534420436818
1120 0.0026489652886655473
1630 0.0010111556244492273
1653 0.00520947690511678
2007 0.0008968829210099529
2085 0.0023365219827368605
2203 0.004044622497796909
2242 0.001233934795826362
2871 0.007012303666172833
2872 0.0014024607332345665
2873 0.002804921466469133