9 0.0006241182422011089
10 0.0008968829210099529
13 0.000030777787483940904
21 0.00035600678399941706
22 0.001339529805302295
34 0.00008348431274309984
38 0.000009174895847454548
39 0.000015438219457612578
40 0.000012233194463272731
41 0.00001846667249036454
42 0.0001278820616880182
43 0.00003401869087870331
44 0.0004976362107612556
45 0.00016483120196417766
46 0.00026769710912056773
47 0.00020944460089681964
48 0.00022854540687854879
49 0.0000679268829654962
51 0.0001670110942886723
52 0.000022262872240576327
56 0.00013988916725104833
61 0.00009556104743729812
63 0.0000045802197502998095
66 0.00038491964666822163
67 0.0001412436639807968
68 0.0016443311956120133
84 0.000662096644069788
85 0.00020625822270013306
89 0.0001958367044818539
102 0.00042377080113265817
122 0.00035600678399941706
123 0.0003111316863753057
124 0.0003370518748164091
144 0.0009124729869599541
152 0.0007788406609122869
238 0.0009293486133572717
251 0.0004513245782556835
288 0.00045623649347997704
335 0.002527889061123068
357 0.0011675298642389001
411 0.0005607588032834975
412 0.00036951756716372796
413 0.0003593147470569854
437 0.0005180488295811783
451 0.0011353534420436818
464 0.0007983015672272726
538 0.0005117333697214018
553 0.0009293486133572717
622 0.0005598310461935439
829 0.001233934795826362
951 0.0008968829210099529
1154 0.0017937658420199057
1893 0.002130817716836315
2169 0.001233934795826362
2221 0.0011353534420436818
2600 0.0010654088584181574
2878 0.007012303666172833
2879 0.0011353534420436818
2880 0.0014024607332345665
2881 0.016041152345742705
2882 0.0084147643994074
2883 0.0014024607332345665
2884 0.0014024607332345665
2885 0.002130817716836315
2886 0.0014024607332345665
2887 0.0014024607332345665
2888 0.002804921466469133
2889 0.0014024607332345665
2890 0.0014024607332345665
2891 0.0014024607332345665
2892 0.0014024607332345665