13 0.00000615555749678818
16 0.0002907060543426309
26 0.00021900961471874297
38 0.0000061165972316363655
39 0.000030876438915225156
40 0.000009174895847454548
41 0.00000615555749678818
43 0.00004252336359837915
45 0.00016483120196417766
46 0.00026769710912056773
47 0.0002618057511210246
49 0.0000679268829654962
51 0.0003340221885773446
52 0.000022262872240576327
56 0.00013988916725104833
61 0.00019112209487459625
63 0.0000045802197502998095
64 0.00007506333130309098
89 0.0005875101134455617
118 0.0005559679953851209
122 0.0007120135679988341
123 0.0003111316863753057
124 0.00016852593740820454
130 0.00038382354820504417
139 0.0005311942760363876
146 0.0004513245782556835
222 0.0006741037496328182
250 0.00041108279890300333
294 0.00071361722629165
297 0.0007608226759490672
306 0.0032778271072165348
310 0.0011708950200106356
348 0.0007283569836017483
402 0.0013482074992656363
411 0.0005607588032834975
484 0.0020991606403337765
648 0.0006741037496328182
759 0.0013994404268891842
775 0.001233934795826362
847 0.0009293486133572717
1037 0.0011510447917002756
1120 0.0019867239664991604
1156 0.0020223112488984545
1172 0.0010111556244492273
1173 0.0008682461508527967
1400 0.0016389135536082674
1438 0.0010654088584181574
1622 0.0010111556244492273
2893 0.0014024607332345665
2894 0.0014024607332345665
2895 0.0014024607332345665
2896 0.005609842932938266
2897 0.0014024607332345665
2898 0.01963445026528393
2899 0.0037018043874790857
2900 0.0014024607332345665
2901 0.0014024607332345665
2902 0.002804921466469133
2903 0.0014024607332345665
2904 0.0014024607332345665
2905 0.0014024607332345665