9 0.0004160788281340726
13 0.00002462222998715272
26 0.0006570288441562289
29 0.0005180488295811783
30 0.0007826102175706785
34 0.00008348431274309984
38 0.000009174895847454548
39 0.000007719109728806289
40 0.000018349791694909097
41 0.00002462222998715272
42 0.0001278820616880182
43 0.000017009345439351656
52 0.000022262872240576327
56 0.00013988916725104833
59 0.00018748084659121254
61 0.00019112209487459625
63 0.000006870329625449715
101 0.0010654088584181574
108 0.0011353534420436818
113 0.00026863163182146973
115 0.0004663684400884302
123 0.0009333950591259171
132 0.001301861678791858
160 0.00038382354820504417
171 0.0004269252942241762
177 0.000362668338628183
180 0.0008858089746121308
223 0.0065556542144330696
237 0.0007440483332583423
277 0.00017624504713701082
279 0.000446509935100765
304 0.0004937153847581824
321 0.0007440483332583423
338 0.0010111556244492273
339 0.001233934795826362
347 0.0015352001091642055
396 0.0011845934770817253
397 0.0019336550092709543
406 0.0008682461508527967
412 0.0007390351343274559
413 0.0003593147470569854
540 0.0013482074992656363
542 0.0007983015672272726
638 0.0015576813218245737
648 0.0006741037496328182
666 0.0006011388596619117
786 0.0006741037496328182
878 0.0010654088584181574
891 0.0010111556244492273
980 0.0006997202134445921
1148 0.0010654088584181574
1236 0.0009668275046354771
1410 0.004834137523177386
1412 0.0009668275046354771
1709 0.001233934795826362
2031 0.001233934795826362
2040 0.001233934795826362
2044 0.001233934795826362
2054 0.0009293486133572717
2577 0.001233934795826362
2906 0.001233934795826362
2907 0.0014024607332345665
2908 0.0014024607332345665
2909 0.001233934795826362
2910 0.0014024607332345665
2911 0.0011353534420436818
2912 0.001233934795826362
2913 0.0014024607332345665
2914 0.001233934795826362
2915 0.0014024607332345665
2916 0.0014024607332345665
2917 0.0042073821997037
2918 0.007012303666172833
2919 0.0014024607332345665
2920 0.005609842932938266
2921 0.0014024607332345665
2922 0.001233934795826362
2923 0.001233934795826362
2924 0.001233934795826362
2925 0.0014024607332345665
2926 0.0014024607332345665
2927 0.0014024607332345665
2928 0.0014024607332345665
2929 0.0014024607332345665