0 0.00012419781759445434
1 0.00009782275243664496
2 0.00011794730538676969
3 0.00042377080113265817
4 0.00036951756716372796
5 0.00013988916725104833
6 0.0001467383957865933
7 0.0001345454019413534
8 0.000230498281105941
9 0.0006241182422011089
13 0.00001846667249036454
20 0.0006168302093185058
21 0.0007120135679988341
22 0.000446509935100765
34 0.00008348431274309984
36 0.0003468757052649962
38 0.000009174895847454548
39 0.000015438219457612578
40 0.000012233194463272731
41 0.00002462222998715272
42 0.0001918230925320273
43 0.00003401869087870331
44 0.0004976362107612556
45 0.00008241560098208883
46 0.0004015456636808516
47 0.00047125035201784417
48 0.00022854540687854879
49 0.0000679268829654962
51 0.0001670110942886723
52 0.000044525744481152654
55 0.0004493721902918458
56 0.00027977833450209665
57 0.0007054864489460062
58 0.0006458928323905189
59 0.0003749616931824251
60 0.0002756119639105608
61 0.00019112209487459625
63 0.0000022901098751499047
64 0.00007506333130309098
65 0.00038794969581606347
67 0.0001412436639807968
73 0.000619850515663888
76 0.0009431945535155249
81 0.0039893517249100134
82 0.0028558830367164884
85 0.00020625822270013306
86 0.0010654088584181574
87 0.0023708041858530116
88 0.00040699645844193325
89 0.0001958367044818539
90 0.0006622413221663868
99 0.0026964149985312727
100 0.0003370518748164091
102 0.0008475416022653163
114 0.00037301592297508214
118 0.0008339519930776814
122 0.00035600678399941706
149 0.000640123214165967
150 0.000775071104253895
160 0.00038382354820504417
184 0.0008194567768041337
230 0.0014272344525833
267 0.0005180488295811783
279 0.000446509935100765
286 0.0004769410420674574
288 0.00045623649347997704
296 0.0016389135536082674
360 0.0007390351343274559
493 0.00056755015592235
494 0.0033140969136794926
496 0.0005380435045719325
497 0.000725336677256366
550 0.0005922967385408627
648 0.004044622497796909
650 0.0007608226759490672
753 0.000619850515663888
858 0.000650930839395929
1276 0.0013244826443327736
1283 0.0006997202134445921
2816 0.001233934795826362
2930 0.0014024607332345665