13 0.00002462222998715272
16 0.00014535302717131544
26 0.00021900961471874297
28 0.0008652258445074145
34 0.00016696862548619968
36 0.0001734378526324981
38 0.000012233194463272731
39 0.00002315732918641887
40 0.000009174895847454548
41 0.00001231111499357636
42 0.0000639410308440091
43 0.000017009345439351656
44 0.0007464543161418835
45 0.00016483120196417766
46 0.00013384855456028387
47 0.00020944460089681964
49 0.0002717075318619848
52 0.000022262872240576327
56 0.00013988916725104833
59 0.0009374042329560627
61 0.00019112209487459625
63 0.000011450549375749525
64 0.00015012666260618196
65 0.0002586331305440423
68 0.0020554139945150166
71 0.0004152389947112455
84 0.000993144966104682
89 0.0001958367044818539
104 0.00037301592297508214
105 0.00047159727675776246
123 0.0003111316863753057
130 0.00038382354820504417
151 0.0019527925181877872
160 0.00038382354820504417
171 0.0002134626471120881
196 0.0003084151046592529
210 0.001049065442815243
214 0.001554146488743535
253 0.0004824049019877245
277 0.00035249009427402165
282 0.005330670646867764
293 0.0006741037496328182
309 0.00048799437882329435
320 0.0016794931385806316
324 0.0006741037496328182
340 0.008701447541719294
341 0.006066933746695364
401 0.002479402062655552
520 0.0003432074323131972
623 0.002804921466469133
624 0.0008968829210099529
625 0.0010654088584181574
626 0.0014024607332345665
627 0.0014024607332345665
628 0.0010111556244492273
629 0.0011353534420436818
630 0.005609842932938266
631 0.007012303666172833
632 0.001233934795826362
633 0.0022824680278472017
634 0.0017937658420199057
635 0.018231989532049363
636 0.01233934795826362
637 0.0010654088584181574
638 0.0007788406609122869
639 0.0019336550092709543
640 0.0014024607332345665
641 0.0006865747669893828
642 0.0007440483332583423
643 0.0009293486133572717
644 0.0010111556244492273
645 0.0010654088584181574
646 0.0007440483332583423