0 0.00012419781759445434
1 0.00009782275243664496
2 0.00011794730538676969
7 0.0001345454019413534
13 0.00001846667249036454
16 0.00014535302717131544
26 0.0008760384588749719
34 0.00016696862548619968
36 0.0001734378526324981
38 0.0000061165972316363655
39 0.000007719109728806289
40 0.00003669958338981819
41 0.000030777787483940904
42 0.0001278820616880182
43 0.000025514018159027487
45 0.0002472468029462665
47 0.00005236115022420491
52 0.000022262872240576327
61 0.00019112209487459625
63 0.000009160439500599619
64 0.00007506333130309098
65 0.00012931656527202115
81 0.000362668338628183
82 0.0005192514612211797
87 0.0011854020929265058
89 0.0003916734089637078
100 0.0006741037496328182
104 0.00037301592297508214
107 0.0003875355521269475
114 0.0007460318459501643
118 0.005281695956158648
130 0.00038382354820504417
165 0.000362668338628183
171 0.0002134626471120881
264 0.0004995742594430985
324 0.0006741037496328182
411 0.00028037940164174876
412 0.00036951756716372796
445 0.0013991053202652907
475 0.001889326889457204
552 0.0025191025192762718
646 0.0007440483332583423
670 0.0006865747669893828
771 0.0008194567768041337
827 0.006392453150508944
866 0.0008426296870410227
1037 0.0005755223958501378
1086 0.0008968829210099529
1123 0.01362424130452418
1659 0.002467869591652724
1917 0.0011353534420436818
2180 0.0010111556244492273
2412 0.0010654088584181574
2697 0.001233934795826362
2931 0.002130817716836315
2932 0.0011353534420436818