1 0.00009782275243664496
13 0.00008617780495503452
17 0.00341596065176306
19 0.00036606883509663425
36 0.0001734378526324981
38 0.000015291493079090914
39 0.000007719109728806289
40 0.000009174895847454548
41 0.00001231111499357636
42 0.0000639410308440091
43 0.000017009345439351656
49 0.0000679268829654962
52 0.000022262872240576327
63 0.000011450549375749525
65 0.00012931656527202115
96 0.0010111556244492273
113 0.0008058948954644093
118 0.0008339519930776814
138 0.0018309441705122468
146 0.0004513245782556835
154 0.0006865747669893828
158 0.0005755223958501378
165 0.000362668338628183
176 0.0005837649321194501
226 0.0004769410420674574
249 0.0007608226759490672
253 0.0004824049019877245
277 0.00035249009427402165
307 0.00047159727675776246
352 0.00071361722629165
609 0.0007608226759490672
689 0.0015216453518981344
716 0.0005523494856132488
780 0.003973447932998321
1037 0.0005755223958501378
1049 0.0011353534420436818
1101 0.0008426296870410227
1178 0.003043290703796269
1251 0.0009668275046354771
1330 0.0006865747669893828
1368 0.0009668275046354771
1487 0.001233934795826362
1596 0.0008682461508527967
2197 0.001233934795826362
2395 0.001233934795826362
2933 0.0014024607332345665
2934 0.0014024607332345665
2935 0.0014024607332345665