0 0.00012419781759445434
1 0.00009782275243664496
2 0.00011794730538676969
3 0.00042377080113265817
4 0.00036951756716372796
5 0.00013988916725104833
6 0.0001467383957865933
7 0.0001345454019413534
8 0.000230498281105941
9 0.0010401970703351816
13 0.00001846667249036454
20 0.0006168302093185058
21 0.0017800339199970856
28 0.0021630646112685364
33 0.0003281012370525588
34 0.00016696862548619968
36 0.00008671892631624905
37 0.000725336677256366
38 0.000009174895847454548
39 0.00002315732918641887
40 0.000018349791694909097
41 0.000030777787483940904
42 0.0001278820616880182
43 0.000051028036318054975
44 0.0004976362107612556
45 0.0002472468029462665
46 0.0006023184955212773
47 0.0005236115022420492
48 0.00022854540687854879
49 0.0001358537659309924
51 0.0001670110942886723
52 0.000044525744481152654
55 0.0011234304757296147
56 0.0015387808397615316
57 0.0017637161223650157
58 0.0010764880539841982
59 0.0007499233863648502
60 0.0002756119639105608
61 0.00019112209487459625
63 0.0000045802197502998095
64 0.00007506333130309098
65 0.00012931656527202115
67 0.0001412436639807968
84 0.000331048322034894
85 0.0006187746681003992
104 0.00037301592297508214
105 0.00047159727675776246
107 0.00155014220850779
113 0.00026863163182146973
114 0.0007460318459501643
123 0.0003111316863753057
130 0.00038382354820504417
144 0.0013687094804399312
152 0.0007788406609122869
160 0.00038382354820504417
165 0.000362668338628183
171 0.0004269252942241762
180 0.0002952696582040436
183 0.0006297756298190679
186 0.001554146488743535
191 0.002458370330412401
196 0.0003084151046592529
243 0.00071361722629165
245 0.0003765653514752408
251 0.001805298313022734
277 0.0007049801885480433
288 0.0009124729869599541
304 0.0004937153847581824
311 0.0009293486133572717
355 0.0038673100185419086
368 0.0005837649321194501
393 0.0017026504677670501
396 0.003553780431245176
399 0.0020991606403337765
411 0.0005607588032834975
445 0.0004663684400884302
455 0.0008682461508527967
495 0.0013244826443327736
497 0.000725336677256366
505 0.0006622413221663868
506 0.0006297756298190679
507 0.0005755223958501378
542 0.028738856420181813
554 0.0008426296870410227
578 0.0008426296870410227
664 0.001889326889457204
667 0.004198321280667553
711 0.0009293486133572717
751 0.005736197437628936
771 0.0008194567768041337
782 0.0019527925181877872
809 0.0011353534420436818
811 0.009579618806727272
823 0.002394904701681818
843 0.0010654088584181574
912 0.0029004825139064315
979 0.0008194567768041337
1037 0.0005755223958501378
1112 0.0011845934770817253
1115 0.0008682461508527967
1150 0.003196226575254472
1361 0.014807217549916343
1409 0.0009668275046354771
1629 0.0008968829210099529
1794 0.0010111556244492273
1806 0.001233934795826362
1824 0.001233934795826362
2054 0.008364137520215446
2223 0.001233934795826362
2347 0.002467869591652724
2371 0.001233934795826362
2401 0.0037018043874790857
2535 0.0010111556244492273
2943 0.0011353534420436818
2944 0.0014024607332345665
2945 0.0014024607332345665
2946 0.011219685865876532
2947 0.0014024607332345665
2948 0.005609842932938266
2949 0.005609842932938266
2950 0.005609842932938266
2951 0.002804921466469133
2952 0.002804921466469133
2953 0.002804921466469133
2954 0.0014024607332345665
2955 0.0037018043874790857
2956 0.0014024607332345665
2957 0.001233934795826362
2958 0.002804921466469133
2959 0.0014024607332345665
2960 0.0014024607332345665