9 0.0004160788281340726
13 0.00000615555749678818
16 0.0005814121086852618
26 0.00021900961471874297
29 0.0005180488295811783
34 0.00016696862548619968
35 0.0006865747669893828
36 0.0003468757052649962
37 0.001450673354512732
38 0.000009174895847454548
39 0.000015438219457612578
40 0.000015291493079090914
41 0.00001846667249036454
43 0.000008504672719675828
45 0.00008241560098208883
46 0.00006692427728014193
47 0.00005236115022420491
49 0.0001358537659309924
55 0.0006740582854377687
61 0.0003822441897491925
63 0.000006870329625449715
66 0.00019245982333411082
68 0.0008221655978060067
72 0.003460903378029658
75 0.0015966031344545452
102 0.00042377080113265817
103 0.0008682461508527967
104 0.0007460318459501643
117 0.0008968829210099529
171 0.0002134626471120881
180 0.0002952696582040436
184 0.0008194567768041337
196 0.0003084151046592529
211 0.0011353534420436818
253 0.0004824049019877245
277 0.0005287351414110325
296 0.0008194567768041337
304 0.0009874307695163648
310 0.0011708950200106356
363 0.0008426296870410227
375 0.00047159727675776246
399 0.0006997202134445921
412 0.00036951756716372796
452 0.0011510447917002756
497 0.0018133416931409153
515 0.0017364923017055933
533 0.0008426296870410227
538 0.0005117333697214018
546 0.0007608226759490672
577 0.0008968829210099529
633 0.0015216453518981344
666 0.0006011388596619117
667 0.0020991606403337765
703 0.0006865747669893828
751 0.008194567768041337
942 0.0009668275046354771
980 0.0006997202134445921
1036 0.0015216453518981344
1058 0.0023365219827368605
1060 0.0005837649321194501
1084 0.0007983015672272726
1112 0.0005922967385408627
1119 0.0009293486133572717
1153 0.0009668275046354771
1310 0.0006622413221663868
1358 0.0010111556244492273
1526 0.0010654088584181574
1586 0.0009668275046354771
1630 0.0010111556244492273
1656 0.0010654088584181574
1725 0.0011353534420436818
2098 0.001233934795826362
2912 0.001233934795826362
2961 0.011219685865876532
2962 0.0014024607332345665
2963 0.002804921466469133
2964 0.0014024607332345665
2965 0.0014024607332345665
2966 0.0014024607332345665
2967 0.0014024607332345665
2968 0.0014024607332345665
2969 0.0014024607332345665
2970 0.0014024607332345665
2971 0.0014024607332345665
2972 0.0014024607332345665
2973 0.0014024607332345665
2974 0.0014024607332345665
2975 0.0014024607332345665
2976 0.0014024607332345665
2977 0.0014024607332345665
2978 0.0014024607332345665
2979 0.0014024607332345665
2980 0.0014024607332345665
2981 0.0014024607332345665
2982 0.0014024607332345665
2983 0.001233934795826362