0 0.00012419781759445434
1 0.00009782275243664496
2 0.00011794730538676969
3 0.00042377080113265817
4 0.00036951756716372796
5 0.00013988916725104833
6 0.0001467383957865933
7 0.0001345454019413534
8 0.000230498281105941
9 0.002080394140670363
12 0.004550200310021522
13 0.000030777787483940904
14 0.0005180488295811783
15 0.0005837649321194501
17 0.001463983136469883
19 0.0007321376701932685
20 0.0015420755232962646
21 0.0010680203519982513
22 0.00267905961060459
23 0.0005055778122246136
27 0.001859551546991664
34 0.00016696862548619968
36 0.0002601567789487472
38 0.000012233194463272731
39 0.000030876438915225156
40 0.000018349791694909097
41 0.00004308890247751726
42 0.0001278820616880182
43 0.000025514018159027487
44 0.0004976362107612556
45 0.00016483120196417766
46 0.00033462138640070967
47 0.00036652805156943435
48 0.00022854540687854879
49 0.0002037806488964886
51 0.0001670110942886723
52 0.000022262872240576327
55 0.0002246860951459229
56 0.00041966750175314503
57 0.0003527432244730031
61 0.00019112209487459625
63 0.0000045802197502998095
64 0.00007506333130309098
65 0.0002586331305440423
66 0.00038491964666822163
67 0.0001412436639807968
81 0.000725336677256366
100 0.0006741037496328182
114 0.0007460318459501643
118 0.0011119359907702418
122 0.0007120135679988341
124 0.0003370518748164091
125 0.00048799437882329435
135 0.0007440483332583423
154 0.0006865747669893828
158 0.0005755223958501378
159 0.0003495228921729738
171 0.0006403879413362643
179 0.0013244826443327736
196 0.0003084151046592529
197 0.0017026504677670501
210 0.0005245327214076215
222 0.0006741037496328182
245 0.0003765653514752408
255 0.000362668338628183
270 0.0085634067154998
271 0.0036618883410244937
274 0.002441258894016329
279 0.00089301987020153
286 0.0004769410420674574
288 0.00045623649347997704
292 0.000640123214165967
307 0.0009431945535155249
309 0.00048799437882329435
367 0.0006011388596619117
401 0.000619850515663888
430 0.00042815166801879435
461 0.0008426296870410227
493 0.0022702006236894
494 0.002761747428066244
495 0.0006622413221663868
496 0.0005380435045719325
497 0.000362668338628183
518 0.005676767210218409
552 0.0012595512596381359
555 0.0005245327214076215
573 0.00056755015592235
590 0.0013244826443327736
613 0.0005922967385408627
697 0.0008682461508527967
709 0.0006297756298190679
715 0.0008194567768041337
746 0.0006997202134445921
927 0.003196226575254472
934 0.001233934795826362
1060 0.0005837649321194501
1085 0.0014880966665166847
1236 0.0009668275046354771
1280 0.0020223112488984545
1424 0.003196226575254472
1617 0.0019336550092709543
1647 0.0022707068840873636
2035 0.0011353534420436818
2129 0.003196226575254472
2148 0.0011353534420436818
2166 0.0010654088584181574
2909 0.001233934795826362
2984 0.0014024607332345665
2985 0.0084147643994074
2986 0.0014024607332345665
2987 0.002804921466469133
2988 0.0014024607332345665
2989 0.007012303666172833
2990 0.0014024607332345665
2991 0.0014024607332345665