9 0.0008321576562681452
13 0.00000615555749678818
14 0.0005180488295811783
16 0.00014535302717131544
18 0.0020597243009681486
26 0.00021900961471874297
27 0.000619850515663888
34 0.00016696862548619968
38 0.0000061165972316363655
39 0.000030876438915225156
40 0.000015291493079090914
41 0.00003693334498072908
43 0.0000850467271967583
44 0.0002488181053806278
45 0.0002472468029462665
46 0.0002007728318404258
47 0.00015708345067261473
49 0.0000679268829654962
52 0.000022262872240576327
55 0.0002246860951459229
56 0.00013988916725104833
57 0.0003527432244730031
61 0.00019112209487459625
63 0.000006870329625449715
64 0.00007506333130309098
65 0.00012931656527202115
76 0.00047159727675776246
82 0.0010385029224423594
83 0.0014272344525833
84 0.000331048322034894
87 0.0007902680619510038
104 0.00037301592297508214
107 0.0003875355521269475
113 0.00026863163182146973
115 0.0004663684400884302
118 0.0022238719815404835
125 0.00048799437882329435
127 0.0008426296870410227
136 0.0013244826443327736
139 0.0005311942760363876
144 0.0013687094804399312
179 0.0013244826443327736
186 0.001554146488743535
214 0.0010360976591623566
221 0.00520947690511678
222 0.0013482074992656363
225 0.0006865747669893828
251 0.000902649156511367
255 0.000362668338628183
261 0.0005180488295811783
277 0.00017624504713701082
282 0.003553780431245176
286 0.0004769410420674574
288 0.0009124729869599541
310 0.0002927237550026589
320 0.003918817323354807
327 0.00437014190161049
365 0.002458370330412401
368 0.0005837649321194501
375 0.0009431945535155249
401 0.001239701031327776
412 0.0011085527014911838
413 0.0014372589882279416
419 0.0010654088584181574
430 0.00042815166801879435
445 0.0027982106405305815
468 0.001463983136469883
511 0.0008426296870410227
550 0.0005922967385408627
576 0.000619850515663888
596 0.0006741037496328182
633 0.0007608226759490672
669 0.0006103147235040822
691 0.002560492856663868
752 0.0009293486133572717
759 0.0027988808537783684
933 0.0010111556244492273
951 0.0008968829210099529
988 0.0007788406609122869
1043 0.001233934795826362
1044 0.0011353534420436818
1070 0.0007788406609122869
1162 0.000619850515663888
1208 0.0010654088584181574
1283 0.0006997202134445921
1304 0.0010111556244492273
1396 0.003043290703796269
1472 0.0007983015672272726
1493 0.004541413768174727
1532 0.0010654088584181574
1551 0.0029004825139064315
2099 0.001233934795826362
2414 0.0010111556244492273
2542 0.0011353534420436818
2994 0.007012303666172833
2995 0.0014024607332345665
2996 0.012622146599111098
2997 0.0014024607332345665
2998 0.002804921466469133
2999 0.001233934795826362
3000 0.0014024607332345665