0 0.00012419781759445434
1 0.00009782275243664496
2 0.00011794730538676969
5 0.00013988916725104833
6 0.0001467383957865933
7 0.0001345454019413534
13 0.00001231111499357636
16 0.00014535302717131544
17 0.001463983136469883
19 0.0007321376701932685
24 0.002130817716836315
27 0.000619850515663888
33 0.0006562024741051176
34 0.0004174215637154992
36 0.00008671892631624905
38 0.000009174895847454548
39 0.000015438219457612578
40 0.000015291493079090914
41 0.00005540001747109362
42 0.0000639410308440091
43 0.000017009345439351656
45 0.00008241560098208883
46 0.00033462138640070967
47 0.00036652805156943435
48 0.00022854540687854879
49 0.0000679268829654962
52 0.000022262872240576327
56 0.00027977833450209665
63 0.000006870329625449715
64 0.00007506333130309098
65 0.0002586331305440423
66 0.00019245982333411082
67 0.0001412436639807968
71 0.0004152389947112455
89 0.0005875101134455617
100 0.0003370518748164091
102 0.00042377080113265817
124 0.00016852593740820454
130 0.00038382354820504417
173 0.0017937658420199057
174 0.006392453150508944
180 0.0005905393164080872
183 0.0006297756298190679
249 0.0007608226759490672
259 0.00437014190161049
263 0.0011510447917002756
277 0.0007049801885480433
297 0.0007608226759490672
303 0.0009293486133572717
304 0.0004937153847581824
347 0.0005117333697214018
367 0.004809110877295294
377 0.00071361722629165
411 0.0005607588032834975
444 0.0020223112488984545
449 0.0015576813218245737
642 0.0007440483332583423
670 0.0013731495339787657
738 0.0011353534420436818
739 0.0008682461508527967
772 0.0005311942760363876
873 0.0007983015672272726
1120 0.003311206610831934
1263 0.0008682461508527967
1310 0.0006622413221663868
1603 0.0017364923017055933
1874 0.005676767210218409
2004 0.002467869591652724
2005 0.001233934795826362
2128 0.0020223112488984545
2370 0.005676767210218409
2497 0.004935739183305448
2533 0.001233934795826362
3001 0.002804921466469133
3002 0.0014024607332345665
3003 0.0014024607332345665
3004 0.0011353534420436818
3005 0.0014024607332345665
3006 0.0014024607332345665
3007 0.0010654088584181574