0 0.00012419781759445434
1 0.00009782275243664496
2 0.00011794730538676969
3 0.00042377080113265817
4 0.00036951756716372796
5 0.00013988916725104833
6 0.0001467383957865933
7 0.0001345454019413534
8 0.000230498281105941
9 0.001456275898469254
13 0.00001846667249036454
20 0.0003084151046592529
21 0.004272081407993005
22 0.00089301987020153
26 0.00021900961471874297
34 0.00016696862548619968
36 0.0002601567789487472
38 0.000009174895847454548
39 0.000015438219457612578
40 0.000015291493079090914
41 0.000030777787483940904
42 0.0001278820616880182
43 0.000051028036318054975
44 0.0004976362107612556
45 0.00016483120196417766
46 0.00026769710912056773
47 0.00031416690134522947
48 0.00022854540687854879
49 0.0000679268829654962
51 0.0001670110942886723
52 0.000044525744481152654
55 0.0002246860951459229
56 0.0006994458362552417
58 0.0006458928323905189
59 0.00018748084659121254
60 0.0002756119639105608
61 0.00019112209487459625
63 0.0000045802197502998095
64 0.00007506333130309098
65 0.0002586331305440423
66 0.00038491964666822163
67 0.0001412436639807968
84 0.000993144966104682
85 0.0006187746681003992
100 0.0010111556244492273
104 0.00037301592297508214
107 0.0003875355521269475
113 0.00026863163182146973
114 0.002611111460825575
122 0.00035600678399941706
123 0.0003111316863753057
124 0.00016852593740820454
128 0.0023365219827368605
135 0.0014880966665166847
139 0.0010623885520727751
143 0.0035025895927167008
144 0.00045623649347997704
150 0.000775071104253895
152 0.0007788406609122869
159 0.003145706029556764
160 0.00038382354820504417
167 0.0007440483332583423
171 0.0002134626471120881
186 0.0010360976591623566
191 0.0016389135536082674
212 0.00071361722629165
255 0.000362668338628183
277 0.00017624504713701082
288 0.00045623649347997704
310 0.0020490662850186124
366 0.0006997202134445921
375 0.00047159727675776246
389 0.0007788406609122869
393 0.0011351003118447
399 0.0013994404268891842
401 0.002479402062655552
495 0.0013244826443327736
497 0.000362668338628183
505 0.0013244826443327736
506 0.00314887814909534
507 0.002302089583400551
514 0.0007608226759490672
546 0.0007608226759490672
549 0.002185070950805245
552 0.0006297756298190679
554 0.0008426296870410227
555 0.001049065442815243
557 0.0015576813218245737
558 0.0007608226759490672
569 0.0008682461508527967
570 0.011353534420436818
573 0.00056755015592235
667 0.0020991606403337765
753 0.000619850515663888
776 0.002690648763029859
779 0.0005755223958501378
782 0.000650930839395929
786 0.01887490498971891
788 0.0006622413221663868
811 0.002394904701681818
890 0.005676767210218409
895 0.0016852593740820454
1078 0.0009293486133572717
1150 0.006392453150508944
1214 0.0015576813218245737
1310 0.008609137188163028
1317 0.0010111556244492273
1331 0.0008682461508527967
1397 0.0005523494856132488
1669 0.016041152345742705
1670 0.002130817716836315
1675 0.02714656550817996
1753 0.003043290703796269
2007 0.0008968829210099529
2127 0.0010654088584181574
3008 0.014024607332345666
3009 0.007012303666172833
3010 0.009817225132641966
3011 0.0014024607332345665
3012 0.0014024607332345665
3013 0.0014024607332345665
3014 0.0014024607332345665
3015 0.0014024607332345665
3016 0.0014024607332345665
3017 0.0014024607332345665
3018 0.0042073821997037