0 0.00012419781759445434
1 0.00009782275243664496
2 0.00011794730538676969
5 0.00013988916725104833
6 0.0001467383957865933
7 0.0001345454019413534
9 0.0004160788281340726
13 0.00001846667249036454
16 0.00014535302717131544
20 0.0003084151046592529
38 0.000009174895847454548
39 0.000015438219457612578
40 0.000012233194463272731
41 0.00001846667249036454
42 0.0001918230925320273
43 0.00003401869087870331
44 0.0004976362107612556
45 0.0002472468029462665
46 0.00026769710912056773
47 0.00031416690134522947
48 0.00022854540687854879
49 0.0000679268829654962
52 0.000044525744481152654
58 0.00043059522159367926
59 0.0005624425397736376
60 0.0002756119639105608
61 0.00019112209487459625
63 0.000006870329625449715
64 0.00007506333130309098
65 0.0002586331305440423
67 0.0001412436639807968
72 0.001730451689014829
73 0.000619850515663888
74 0.0013731495339787657
75 0.005588110970590908
76 0.0018863891070310499
77 0.0035875316840398115
78 0.003370518748164091
79 0.0007608226759490672
80 0.0008968829210099529
81 0.000362668338628183
82 0.0028558830367164884
83 0.0028544689051666
84 0.000331048322034894
85 0.00020625822270013306
86 0.0010654088584181574
87 0.0003951340309755019
88 0.00040699645844193325
89 0.0001958367044818539
90 0.0006622413221663868
91 0.0013994404268891842
92 0.0014024607332345665
93 0.0014024607332345665
94 0.0008426296870410227