0 0.00012419781759445434
1 0.00009782275243664496
2 0.00011794730538676969
3 0.00042377080113265817
4 0.00036951756716372796
5 0.00013988916725104833
6 0.0001467383957865933
7 0.0001345454019413534
8 0.000230498281105941
9 0.0006241182422011089
13 0.00003693334498072908
16 0.00014535302717131544
19 0.001464275340386537
20 0.0003084151046592529
21 0.00035600678399941706
34 0.00016696862548619968
36 0.00008671892631624905
38 0.000009174895847454548
39 0.000007719109728806289
40 0.000009174895847454548
41 0.000030777787483940904
42 0.0000639410308440091
43 0.000025514018159027487
51 0.0001670110942886723
52 0.000044525744481152654
56 0.00027977833450209665
58 0.0006458928323905189
59 0.0003749616931824251
60 0.0002756119639105608
61 0.00019112209487459625
63 0.0000022901098751499047
64 0.00007506333130309098
67 0.0001412436639807968
73 0.001239701031327776
76 0.00047159727675776246
81 0.0010880050158845493
82 0.00025962573061058986
85 0.0004125164454002661
89 0.0001958367044818539
94 0.0008426296870410227
105 0.00047159727675776246
118 0.0005559679953851209
123 0.0003111316863753057
124 0.0003370518748164091
130 0.00038382354820504417
144 0.0009124729869599541
152 0.0007788406609122869
165 0.000362668338628183
255 0.000362668338628183
261 0.0005180488295811783
411 0.0005607588032834975
438 0.005410249736957205
452 0.0005755223958501378
647 0.0010654088584181574
648 0.005392829997062545
649 0.0007440483332583423
650 0.0007608226759490672
651 0.001233934795826362
652 0.0010111556244492273