0 0.00012419781759445434
1 0.00009782275243664496
2 0.00011794730538676969
5 0.00013988916725104833
6 0.0001467383957865933
7 0.0001345454019413534
8 0.000230498281105941
9 0.0008321576562681452
12 0.0005055778122246136
13 0.00003693334498072908
16 0.0002907060543426309
19 0.0007321376701932685
26 0.0006570288441562289
34 0.00033393725097239935
36 0.0003468757052649962
37 0.000725336677256366
38 0.0000061165972316363655
39 0.000015438219457612578
40 0.000018349791694909097
41 0.00006155557496788181
42 0.0000639410308440091
43 0.00004252336359837915
44 0.0004976362107612556
46 0.0004015456636808516
47 0.00015708345067261473
48 0.00045709081375709757
49 0.0001358537659309924
52 0.000022262872240576327
55 0.0002246860951459229
58 0.00021529761079683963
59 0.0007499233863648502
61 0.00009556104743729812
63 0.000006870329625449715
64 0.00007506333130309098
66 0.00019245982333411082
67 0.0001412436639807968
81 0.000362668338628183
85 0.00020625822270013306
89 0.0003916734089637078
102 0.0012713124033979744
107 0.0027127488648886326
118 0.00027798399769256044
136 0.0006622413221663868
159 0.001747614460864869
160 0.00038382354820504417
162 0.0008426296870410227
165 0.000362668338628183
177 0.000725336677256366
180 0.0002952696582040436
192 0.000650930839395929
196 0.0006168302093185058
197 0.00056755015592235
214 0.0010360976591623566
271 0.0006103147235040822
274 0.0061031472350408225
277 0.001057470282822065
287 0.0004937153847581824
288 0.00045623649347997704
310 0.00263451379502393
313 0.0014567139672034967
320 0.0022393241847741756
327 0.0029134279344069933
347 0.0010234667394428036
357 0.0005837649321194501
371 0.0005837649321194501
392 0.0015576813218245737
399 0.0013994404268891842
412 0.00036951756716372796
413 0.0003593147470569854
493 0.00056755015592235
520 0.0003432074323131972
555 0.0005245327214076215
573 0.00056755015592235
729 0.0018586972267145435
772 0.0005311942760363876
782 0.001301861678791858
823 0.0007983015672272726
898 0.0006103147235040822
908 0.0008194567768041337
1247 0.0009293486133572717
1283 0.0006997202134445921
1388 0.0020223112488984545
1397 0.004971145370519239
1499 0.0007983015672272726
1502 0.001233934795826362
1538 0.0018586972267145435
1859 0.004935739183305448
1993 0.004935739183305448
3049 0.002467869591652724
3052 0.011219685865876532
3053 0.0014024607332345665
3054 0.00616967397913181
3055 0.001233934795826362
3056 0.018231989532049363
3057 0.0014024607332345665
3058 0.0014024607332345665
3059 0.0014024607332345665
3060 0.0014024607332345665
3061 0.005609842932938266
3062 0.0014024607332345665
3063 0.0014024607332345665
3064 0.0014024607332345665
3065 0.0014024607332345665
3066 0.0014024607332345665
3067 0.0014024607332345665
3068 0.0014024607332345665
3069 0.0014024607332345665
3070 0.0014024607332345665
3071 0.0014024607332345665
3072 0.0014024607332345665
3073 0.0042073821997037
3074 0.0014024607332345665