0 0.00012419781759445434
1 0.00009782275243664496
2 0.00011794730538676969
5 0.00013988916725104833
6 0.0001467383957865933
7 0.0001345454019413534
9 0.0004160788281340726
13 0.00001846667249036454
16 0.00014535302717131544
20 0.0003084151046592529
26 0.00021900961471874297
28 0.00043261292225370724
34 0.0002504529382292995
36 0.00008671892631624905
38 0.000009174895847454548
39 0.000015438219457612578
40 0.000012233194463272731
41 0.00002462222998715272
42 0.0000639410308440091
43 0.000051028036318054975
45 0.00008241560098208883
49 0.0001358537659309924
52 0.000022262872240576327
63 0.000006870329625449715
64 0.00007506333130309098
65 0.0002586331305440423
67 0.0002824873279615936
81 0.000725336677256366
253 0.0004824049019877245
307 0.0014147918302732875
309 0.00048799437882329435
391 0.0020223112488984545
392 0.0007788406609122869
475 0.004408429408733476
572 0.0014272344525833
772 0.0005311942760363876
1037 0.0005755223958501378
1070 0.0015576813218245737
1263 0.0017364923017055933
1391 0.0019336550092709543
1450 0.0008968829210099529
1788 0.0011353534420436818
1937 0.003196226575254472
2365 0.0010654088584181574
3085 0.002467869591652724
3086 0.0014024607332345665
3087 0.0014024607332345665
3088 0.002804921466469133
3089 0.0014024607332345665
3090 0.001233934795826362
3091 0.0014024607332345665
3092 0.001233934795826362