0 0.00012419781759445434
1 0.00009782275243664496
2 0.00011794730538676969
5 0.00013988916725104833
6 0.0001467383957865933
7 0.0001345454019413534
8 0.000230498281105941
13 0.00004308890247751726
20 0.0006168302093185058
21 0.00035600678399941706
22 0.000446509935100765
34 0.00008348431274309984
36 0.0001734378526324981
38 0.000009174895847454548
39 0.000007719109728806289
40 0.000009174895847454548
41 0.00001846667249036454
42 0.0000639410308440091
43 0.000025514018159027487
45 0.00016483120196417766
49 0.0000679268829654962
51 0.0001670110942886723
52 0.000044525744481152654
56 0.00027977833450209665
58 0.0006458928323905189
59 0.0003749616931824251
60 0.0002756119639105608
63 0.0000045802197502998095
64 0.00007506333130309098
65 0.0002586331305440423
66 0.00019245982333411082
68 0.00041108279890300333
81 0.0010880050158845493
84 0.000662096644069788
85 0.0004125164454002661
105 0.00047159727675776246
114 0.00037301592297508214
118 0.0019458879838479231
139 0.0005311942760363876
177 0.000362668338628183
179 0.0013244826443327736
183 0.0006297756298190679
186 0.001554146488743535
196 0.0006168302093185058
212 0.00214085167887495
243 0.00071361722629165
251 0.0004513245782556835
255 0.001450673354512732
275 0.0006622413221663868
277 0.0005287351414110325
286 0.0004769410420674574
287 0.0004937153847581824
368 0.0005837649321194501
389 0.0007788406609122869
391 0.0013482074992656363
396 0.0023691869541634506
399 0.0013994404268891842
411 0.0005607588032834975
422 0.0009668275046354771
464 0.0007983015672272726
493 0.0011351003118447
520 0.0003432074323131972
537 0.0007283569836017483
569 0.0008682461508527967
585 0.0009293486133572717
646 0.0007440483332583423
647 0.0010654088584181574
648 0.007415141245961
670 0.0006865747669893828
716 0.0005523494856132488
746 0.0006997202134445921
749 0.0008968829210099529
1001 0.000640123214165967
1081 0.0010654088584181574
1112 0.0005922967385408627
1117 0.0010111556244492273
1162 0.000619850515663888
1186 0.0011353534420436818
1209 0.002467869591652724
1214 0.0007788406609122869
1310 0.0006622413221663868
1403 0.0019336550092709543
1594 0.0010111556244492273
1674 0.0008968829210099529
1758 0.001233934795826362
1935 0.0010111556244492273
2015 0.0010654088584181574
2027 0.003370518748164091
2061 0.0010654088584181574
2408 0.001233934795826362
2585 0.0010654088584181574
2746 0.01022283474692999
3101 0.0014024607332345665
3102 0.0014024607332345665
3103 0.0011353534420436818
3104 0.011219685865876532
3105 0.002804921466469133
3106 0.026646753931456765
3107 0.007012303666172833
3108 0.005609842932938266
3109 0.005609842932938266
3110 0.0014024607332345665
3111 0.0014024607332345665
3112 0.009817225132641966
3113 0.0011353534420436818
3114 0.0042073821997037
3115 0.012622146599111098
3116 0.0014024607332345665
3117 0.001233934795826362
3118 0.0014024607332345665
3119 0.0014024607332345665
3120 0.0014024607332345665
3121 0.002467869591652724
3122 0.0014024607332345665
3123 0.0014024607332345665