0 0.00012419781759445434
1 0.00009782275243664496
2 0.00011794730538676969
5 0.00013988916725104833
6 0.0001467383957865933
7 0.0001345454019413534
8 0.000230498281105941
13 0.00004924445997430544
30 0.0007826102175706785
36 0.0003468757052649962
38 0.000009174895847454548
39 0.00002315732918641887
40 0.000015291493079090914
41 0.00002462222998715272
42 0.0000639410308440091
43 0.000051028036318054975
45 0.0004120780049104442
46 0.0004015456636808516
47 0.0002618057511210246
48 0.00022854540687854879
49 0.0002037806488964886
52 0.00006678861672172898
58 0.0010764880539841982
59 0.0005624425397736376
63 0.000006870329625449715
64 0.00007506333130309098
65 0.0002586331305440423
67 0.00042373099194239035
71 0.000830477989422491
82 0.0007788771918317696
83 0.00214085167887495
84 0.000331048322034894
85 0.00020625822270013306
97 0.00047159727675776246
107 0.0003875355521269475
113 0.00026863163182146973
122 0.0007120135679988341
125 0.00048799437882329435
128 0.006230725287298295
140 0.0010111556244492273
143 0.0029188246605972505
154 0.0006865747669893828
165 0.000725336677256366
171 0.0002134626471120881
196 0.0003084151046592529
226 0.0009538820841349148
265 0.0008426296870410227
279 0.001339529805302295
292 0.000640123214165967
371 0.0011675298642389001
377 0.00071361722629165
393 0.0017026504677670501
395 0.0022707068840873636
402 0.0013482074992656363
413 0.0014372589882279416
445 0.004663684400884303
471 0.0007983015672272726
482 0.0008968829210099529
518 0.0011353534420436818
520 0.0003432074323131972
532 0.0017937658420199057
538 0.0005117333697214018
539 0.0008194567768041337
549 0.0014567139672034967
554 0.0008426296870410227
555 0.0005245327214076215
637 0.0010654088584181574
667 0.0013994404268891842
765 0.0014567139672034967
776 0.0008968829210099529
782 0.001301861678791858
794 0.0009668275046354771
805 0.0008682461508527967
811 0.002394904701681818
864 0.0008968829210099529
869 0.0022707068840873636
1069 0.0010654088584181574
1144 0.002467869591652724
1321 0.0007788406609122869
1410 0.0009668275046354771
1484 0.005676767210218409
1489 0.001233934795826362
1880 0.0019336550092709543
2445 0.0010654088584181574
2481 0.007403608774958171
3124 0.02714656550817996
3125 0.0014024607332345665
3126 0.002804921466469133
3127 0.0010654088584181574