1 0.00009782275243664496
9 0.0010401970703351816
13 0.00000615555749678818
28 0.00043261292225370724
34 0.00016696862548619968
36 0.0002601567789487472
38 0.000009174895847454548
39 0.00002315732918641887
40 0.000015291493079090914
41 0.00002462222998715272
42 0.0001278820616880182
43 0.00003401869087870331
44 0.0004976362107612556
45 0.00016483120196417766
46 0.00033462138640070967
47 0.0002618057511210246
48 0.00022854540687854879
49 0.0001358537659309924
52 0.000022262872240576327
55 0.0002246860951459229
56 0.00027977833450209665
57 0.0003527432244730031
61 0.00019112209487459625
63 0.000006870329625449715
64 0.00007506333130309098
67 0.0001412436639807968
73 0.000619850515663888
82 0.0005192514612211797
89 0.0003916734089637078
98 0.0008682461508527967
107 0.000775071104253895
110 0.0006741037496328182
123 0.0003111316863753057
139 0.0005311942760363876
144 0.00045623649347997704
152 0.0007788406609122869
171 0.0004269252942241762
242 0.0010111556244492273
251 0.0013539737347670504
260 0.0006741037496328182
267 0.0005180488295811783
277 0.0008812252356850542
282 0.005330670646867764
287 0.0004937153847581824
288 0.004562364934799771
292 0.000640123214165967
309 0.0009759887576465887
310 0.0008781712650079768
320 0.004478648369548351
357 0.0005837649321194501
376 0.000650930839395929
394 0.0006741037496328182
401 0.001239701031327776
412 0.0011085527014911838
413 0.0010779442411709562
441 0.0005837649321194501
468 0.001463983136469883
490 0.0028544689051666
491 0.0005755223958501378
492 0.010298621504840743
508 0.0005922967385408627
579 0.0008968829210099529
594 0.00071361722629165
608 0.0007440483332583423
622 0.0011196620923870878
654 0.005576091680143631
669 0.0006103147235040822
875 0.0023365219827368605
1015 0.0009293486133572717
1075 0.0009668275046354771
1138 0.002130817716836315
1416 0.0009668275046354771
1422 0.004935739183305448
1653 0.008682461508527967
1781 0.0017364923017055933
1833 0.0010654088584181574
2319 0.002527889061123068
2342 0.0009668275046354771
2345 0.0022707068840873636
2829 0.001233934795826362
2885 0.003196226575254472
2999 0.001233934795826362
3128 0.008637543570784533
3129 0.0014024607332345665
3130 0.0014024607332345665
3131 0.0014024607332345665
3132 0.0014024607332345665