13 0.00004924445997430544
16 0.00014535302717131544
28 0.00043261292225370724
38 0.0000061165972316363655
39 0.00002315732918641887
40 0.000012233194463272731
41 0.00002462222998715272
42 0.0001918230925320273
43 0.00003401869087870331
46 0.0002007728318404258
47 0.00031416690134522947
49 0.0002037806488964886
51 0.0001670110942886723
56 0.00041966750175314503
61 0.00019112209487459625
63 0.0000045802197502998095
66 0.00019245982333411082
67 0.0001412436639807968
71 0.0004152389947112455
81 0.000725336677256366
97 0.00047159727675776246
104 0.0011190477689252464
107 0.000775071104253895
114 0.00037301592297508214
123 0.0003111316863753057
150 0.0003875355521269475
171 0.0002134626471120881
196 0.0027757359419332763
218 0.0010111556244492273
226 0.0004769410420674574
247 0.0022702006236894
251 0.0004513245782556835
275 0.0019867239664991604
277 0.00035249009427402165
292 0.001280246428331934
304 0.0004937153847581824
412 0.00036951756716372796
445 0.0004663684400884302
520 0.0006864148646263945
538 0.002558666848607009
546 0.003043290703796269
595 0.0007440483332583423
615 0.0010654088584181574
724 0.002130817716836315
768 0.0035875316840398115
772 0.0005311942760363876
897 0.0046467430667863595
975 0.002130817716836315
981 0.0010654088584181574
1142 0.0010111556244492273
1310 0.0019867239664991604
1330 0.0006865747669893828
1333 0.001233934795826362
1335 0.0010111556244492273
1382 0.002467869591652724
1436 0.0008194567768041337
1538 0.0018586972267145435
1542 0.0038673100185419086
2090 0.0011353534420436818
2091 0.0010654088584181574
2194 0.007947474094305773
2248 0.0011353534420436818
2386 0.001233934795826362
2729 0.0011353534420436818
2863 0.003406060326131045
3133 0.005609842932938266
3134 0.0014024607332345665
3135 0.01917735945152683
3136 0.018231989532049363
3137 0.0014024607332345665
3138 0.005609842932938266
3139 0.0010654088584181574
3140 0.0014024607332345665
3141 0.0014024607332345665
3142 0.0011353534420436818
3143 0.001233934795826362