0 0.00012419781759445434
1 0.00009782275243664496
2 0.00011794730538676969
5 0.00013988916725104833
6 0.0001467383957865933
7 0.0001345454019413534
34 0.00016696862548619968
36 0.00008671892631624905
37 0.000725336677256366
38 0.0000061165972316363655
39 0.00002315732918641887
40 0.000009174895847454548
41 0.00001846667249036454
42 0.0000639410308440091
43 0.000051028036318054975
46 0.00006692427728014193
51 0.0001670110942886723
52 0.000044525744481152654
54 0.001233934795826362
59 0.0005624425397736376
61 0.00019112209487459625
63 0.0000045802197502998095
64 0.00007506333130309098
66 0.00019245982333411082
67 0.0001412436639807968
71 0.0004152389947112455
82 0.0007788771918317696
84 0.000662096644069788
100 0.0006741037496328182
114 0.00037301592297508214
124 0.00016852593740820454
160 0.0007676470964100883
177 0.000362668338628183
196 0.0003084151046592529
225 0.0006865747669893828
250 0.00123324839670901
277 0.0005287351414110325
279 0.000446509935100765
304 0.0004937153847581824
347 0.0015352001091642055
393 0.0011351003118447
406 0.0008682461508527967
437 0.0010360976591623566
441 0.0005837649321194501
442 0.0006103147235040822
516 0.002130817716836315
520 0.003432074323131973
539 0.0008194567768041337
540 0.0013482074992656363
543 0.0007283569836017483
572 0.00071361722629165
653 0.007012303666172833
654 0.0046467430667863595
655 0.0014024607332345665
656 0.0014024607332345665
657 0.002130817716836315
658 0.0008682461508527967
659 0.006392453150508944
660 0.0037018043874790857
661 0.0011353534420436818
662 0.0008682461508527967
663 0.0019336550092709543
664 0.001889326889457204
665 0.0008682461508527967
666 0.0006011388596619117
667 0.0020991606403337765
668 0.0014024607332345665
669 0.0006103147235040822
670 0.0006865747669893828
671 0.0005598310461935439
672 0.0008426296870410227