0 0.00012419781759445434
16 0.00014535302717131544
26 0.00021900961471874297
38 0.0000061165972316363655
39 0.000007719109728806289
40 0.0000061165972316363655
41 0.00001846667249036454
43 0.000008504672719675828
52 0.000044525744481152654
58 0.00021529761079683963
59 0.0003749616931824251
60 0.0002756119639105608
61 0.00019112209487459625
63 0.0000045802197502998095
68 0.00123324839670901
76 0.00047159727675776246
84 0.000662096644069788
89 0.0003916734089637078
104 0.00037301592297508214
113 0.0005372632636429395
124 0.00016852593740820454
144 0.0009124729869599541
171 0.0002134626471120881
183 0.0006297756298190679
197 0.00056755015592235
217 0.0015216453518981344
222 0.0020223112488984545
227 0.0022707068840873636
255 0.000725336677256366
277 0.00017624504713701082
286 0.0004769410420674574
310 0.0005854475100053178
323 0.0010111556244492273
353 0.00214085167887495
357 0.0011675298642389001
375 0.00047159727675776246
399 0.0006997202134445921
411 0.0005607588032834975
412 0.00036951756716372796
413 0.0003593147470569854
437 0.0005180488295811783
596 0.0006741037496328182
622 0.0005598310461935439
1419 0.0010654088584181574
1472 0.0007983015672272726
1753 0.0007608226759490672
1773 0.002130817716836315
2221 0.0011353534420436818
2441 0.004935739183305448
2628 0.0011353534420436818
3144 0.002804921466469133
3145 0.0014024607332345665
3146 0.0014024607332345665
3147 0.0014024607332345665
3148 0.0014024607332345665
3149 0.0014024607332345665
3150 0.0014024607332345665