1 0.00009782275243664496
2 0.00011794730538676969
13 0.00000615555749678818
16 0.00014535302717131544
26 0.00021900961471874297
32 0.0010111556244492273
34 0.00008348431274309984
36 0.00008671892631624905
37 0.000362668338628183
38 0.000009174895847454548
39 0.000015438219457612578
40 0.000009174895847454548
41 0.00001846667249036454
42 0.0001278820616880182
43 0.00004252336359837915
45 0.00016483120196417766
46 0.00026769710912056773
47 0.00020944460089681964
49 0.0000679268829654962
52 0.000022262872240576327
55 0.0006740582854377687
63 0.0000045802197502998095
64 0.00007506333130309098
65 0.00012931656527202115
66 0.00019245982333411082
72 0.0008652258445074145
82 0.00025962573061058986
87 0.0011854020929265058
143 0.0005837649321194501
150 0.0011626066563808425
171 0.0002134626471120881
226 0.0004769410420674574
245 0.0007531307029504816
255 0.000362668338628183
277 0.00035249009427402165
292 0.000640123214165967
310 0.0002927237550026589
371 0.0005837649321194501
412 0.0007390351343274559
413 0.0007186294941139708
479 0.0042817033577499
482 0.002690648763029859
486 0.0020991606403337765
539 0.0008194567768041337
596 0.0006741037496328182
606 0.0009668275046354771
611 0.0011353534420436818
613 0.0011845934770817253
841 0.0006865747669893828
868 0.00056755015592235
1035 0.0010111556244492273
1062 0.0005598310461935439
1250 0.0010654088584181574
1298 0.0009668275046354771
1317 0.0020223112488984545
1400 0.002458370330412401
1693 0.0008968829210099529
2325 0.0011353534420436818
3151 0.0014024607332345665
3152 0.0014024607332345665
3153 0.0014024607332345665
3154 0.0011353534420436818
3155 0.0014024607332345665
3156 0.0014024607332345665