13 0.00002462222998715272
16 0.00014535302717131544
26 0.00021900961471874297
36 0.00008671892631624905
38 0.0000061165972316363655
39 0.000007719109728806289
40 0.0000061165972316363655
41 0.00001231111499357636
43 0.000008504672719675828
45 0.00008241560098208883
46 0.00006692427728014193
47 0.00005236115022420491
51 0.000501033282866017
56 0.00013988916725104833
61 0.00019112209487459625
63 0.0000045802197502998095
66 0.00019245982333411082
122 0.00035600678399941706
150 0.000775071104253895
177 0.000362668338628183
279 0.000446509935100765
288 0.0013687094804399312
289 0.0007440483332583423
309 0.0009759887576465887
357 0.0005837649321194501
368 0.0005837649321194501
437 0.0005180488295811783
550 0.0005922967385408627
1026 0.0011353534420436818
3157 0.0014024607332345665