0 0.0002483956351889087
1 0.0002934682573099349
2 0.00035384191616030905
5 0.00013988916725104833
6 0.0001467383957865933
7 0.0001345454019413534
13 0.00002462222998715272
16 0.00014535302717131544
34 0.00033393725097239935
36 0.0006937514105299924
38 0.0000061165972316363655
39 0.00002315732918641887
40 0.000012233194463272731
41 0.00002462222998715272
42 0.0001918230925320273
43 0.000051028036318054975
45 0.00008241560098208883
46 0.0004015456636808516
47 0.0004188892017936393
48 0.00022854540687854879
49 0.0002037806488964886
52 0.000022262872240576327
55 0.0011234304757296147
56 0.00013988916725104833
63 0.0000045802197502998095
64 0.00007506333130309098
65 0.0006465828263601058
67 0.00042373099194239035
68 0.00041108279890300333
71 0.0004152389947112455
81 0.000362668338628183
82 0.0005192514612211797
87 0.0003951340309755019
89 0.0001958367044818539
96 0.0010111556244492273
100 0.0016852593740820454
104 0.00037301592297508214
118 0.0005559679953851209
124 0.00016852593740820454
160 0.0007676470964100883
161 0.0008426296870410227
165 0.000362668338628183
171 0.0002134626471120881
177 0.0010880050158845493
196 0.0006168302093185058
210 0.0005245327214076215
226 0.0009538820841349148
261 0.001554146488743535
264 0.000999148518886197
332 0.015167334366738408
360 0.00036951756716372796
411 0.0005607588032834975
442 0.0006103147235040822
480 0.0008426296870410227
484 0.0013994404268891842
588 0.0010654088584181574
594 0.0014272344525833
609 0.012933985491134142
669 0.0006103147235040822
670 0.0006865747669893828
771 0.0008194567768041337
876 0.0014272344525833
1001 0.000640123214165967
1037 0.0005755223958501378
1088 0.0009293486133572717
1700 0.0010654088584181574
2319 0.0008426296870410227
2932 0.0011353534420436818
3158 0.0014024607332345665
3159 0.0011353534420436818
3160 0.0014024607332345665
3161 0.004935739183305448
3162 0.0014024607332345665
3163 0.007947474094305773
3164 0.0014024607332345665
3165 0.001233934795826362
3166 0.0014024607332345665