0 0.00012419781759445434
1 0.00009782275243664496
2 0.00011794730538676969
3 0.00042377080113265817
4 0.00036951756716372796
5 0.00013988916725104833
6 0.0001467383957865933
7 0.0001345454019413534
8 0.000230498281105941
9 0.0016643153125362904
13 0.00001231111499357636
16 0.00014535302717131544
20 0.0006168302093185058
21 0.0007120135679988341
22 0.000446509935100765
34 0.00016696862548619968
36 0.0001734378526324981
37 0.000725336677256366
38 0.000009174895847454548
39 0.000015438219457612578
40 0.000015291493079090914
41 0.000030777787483940904
42 0.0001278820616880182
43 0.0000595327090377308
44 0.0004976362107612556
45 0.00016483120196417766
46 0.0004684699409609935
47 0.0004188892017936393
48 0.00022854540687854879
49 0.0002037806488964886
51 0.0001670110942886723
52 0.000044525744481152654
55 0.0006740582854377687
56 0.0006994458362552417
57 0.0010582296734190093
58 0.0006458928323905189
59 0.0003749616931824251
60 0.0002756119639105608
61 0.00019112209487459625
63 0.0000045802197502998095
64 0.00007506333130309098
65 0.00012931656527202115
66 0.00038491964666822163
67 0.0001412436639807968
73 0.000619850515663888
81 0.000725336677256366
82 0.00025962573061058986
85 0.0006187746681003992
99 0.0006741037496328182
107 0.0003875355521269475
114 0.0011190477689252464
139 0.0005311942760363876
144 0.0009124729869599541
152 0.0007788406609122869
186 0.0005180488295811783
193 0.001239701031327776
196 0.0003084151046592529
230 0.00071361722629165
238 0.003717394453429087
251 0.0004513245782556835
264 0.0004995742594430985
282 0.0023691869541634506
286 0.0004769410420674574
288 0.0036498919478398163
310 0.0005854475100053178
491 0.0011510447917002756
493 0.00056755015592235
494 0.002209397942452995
497 0.000725336677256366
504 0.0011353534420436818
505 0.0013244826443327736
506 0.0012595512596381359
507 0.0005755223958501378
508 0.0005922967385408627
534 0.0008682461508527967
572 0.0014272344525833
574 0.001233934795826362
585 0.0009293486133572717
613 0.0005922967385408627
682 0.0006865747669893828
709 0.0025191025192762718
891 0.0020223112488984545
1078 0.0009293486133572717
1271 0.0008426296870410227
1283 0.0013994404268891842
1325 0.0007440483332583423
1833 0.0010654088584181574
2014 0.007375110991237202
2127 0.0010654088584181574
3167 0.0014024607332345665
3168 0.0014024607332345665
3169 0.002804921466469133
3170 0.0014024607332345665
3171 0.001233934795826362
3172 0.001233934795826362
3173 0.0014024607332345665
3174 0.0014024607332345665
3175 0.0014024607332345665