0 0.00012419781759445434
1 0.00019564550487328992
2 0.00011794730538676969
5 0.00013988916725104833
6 0.0001467383957865933
7 0.0001345454019413534
8 0.000230498281105941
13 0.00002462222998715272
16 0.00043605908151394634
20 0.0003084151046592529
36 0.0001734378526324981
38 0.000009174895847454548
39 0.000015438219457612578
40 0.000012233194463272731
41 0.00002462222998715272
42 0.0001918230925320273
43 0.00004252336359837915
45 0.00016483120196417766
46 0.0002007728318404258
47 0.00020944460089681964
48 0.00022854540687854879
49 0.0002037806488964886
51 0.0001670110942886723
52 0.000022262872240576327
56 0.00013988916725104833
61 0.00019112209487459625
63 0.0000022901098751499047
64 0.00007506333130309098
65 0.00012931656527202115
67 0.0002824873279615936
70 0.0009668275046354771
72 0.003460903378029658
82 0.0005192514612211797
85 0.00020625822270013306
87 0.0003951340309755019
88 0.00040699645844193325
150 0.000775071104253895
230 0.0014272344525833
243 0.00071361722629165
267 0.0005180488295811783
291 0.0007608226759490672
308 0.0007283569836017483
416 0.0006997202134445921
493 0.00056755015592235
494 0.0016570484568397463
495 0.0006622413221663868
496 0.0005380435045719325
497 0.000362668338628183
550 0.0005922967385408627
552 0.0006297756298190679
847 0.006505440293500903
898 0.0006103147235040822
919 0.0011353534420436818
1062 0.0005598310461935439
1100 0.0017937658420199057
1271 0.0008426296870410227
1330 0.0006865747669893828
1693 0.0008968829210099529
2064 0.0009668275046354771
2485 0.0009668275046354771
3190 0.0014024607332345665
3191 0.0014024607332345665
3192 0.001233934795826362
3193 0.0014024607332345665
3194 0.0014024607332345665
3195 0.0014024607332345665