2 0.00011794730538676969
9 0.0010401970703351816
13 0.00003693334498072908
16 0.00014535302717131544
36 0.0001734378526324981
38 0.000009174895847454548
39 0.000015438219457612578
40 0.000012233194463272731
41 0.00002462222998715272
42 0.0001278820616880182
43 0.000025514018159027487
44 0.0004976362107612556
45 0.00016483120196417766
46 0.0004015456636808516
47 0.00031416690134522947
48 0.00022854540687854879
49 0.0000679268829654962
51 0.0003340221885773446
52 0.000022262872240576327
61 0.00019112209487459625
63 0.0000045802197502998095
64 0.00007506333130309098
67 0.0001412436639807968
68 0.0016443311956120133
70 0.0009668275046354771
72 0.00043261292225370724
76 0.0018863891070310499
78 0.0016852593740820454
79 0.0015216453518981344
80 0.0008968829210099529
82 0.001817380114274129
83 0.0028544689051666
85 0.00020625822270013306
87 0.0007902680619510038
89 0.0001958367044818539
90 0.0006622413221663868
96 0.0020223112488984545
102 0.00042377080113265817
107 0.0003875355521269475
110 0.0006741037496328182
113 0.0005372632636429395
115 0.0013991053202652907
130 0.00038382354820504417
165 0.000362668338628183
171 0.0002134626471120881
183 0.0006297756298190679
251 0.0004513245782556835
261 0.0005180488295811783
304 0.0014811461542745472
307 0.00047159727675776246
309 0.0009759887576465887
320 0.0011196620923870878
327 0.009468640786822727
334 0.0009293486133572717
375 0.00047159727675776246
394 0.0026964149985312727
411 0.0005607588032834975
511 0.0008426296870410227
538 0.0005117333697214018
540 0.0006741037496328182
669 0.0006103147235040822
671 0.0005598310461935439
691 0.0038407392849958023
753 0.000619850515663888
760 0.0009293486133572717
809 0.0011353534420436818
810 0.0010654088584181574
826 0.0006865747669893828
1112 0.0005922967385408627
1196 0.0006741037496328182
1274 0.002467869591652724
1388 0.0010111556244492273
1892 0.0009668275046354771
2390 0.0010111556244492273
2876 0.001233934795826362
3139 0.0010654088584181574
3196 0.0014024607332345665
3197 0.0014024607332345665
3198 0.014024607332345666
3199 0.0014024607332345665
3200 0.005609842932938266
3201 0.0022707068840873636
3202 0.0014024607332345665
3203 0.0014024607332345665