9 0.0006241182422011089
13 0.00001231111499357636
16 0.00014535302717131544
18 0.004119448601936297
22 0.000446509935100765
36 0.0002601567789487472
38 0.0000061165972316363655
39 0.000015438219457612578
40 0.000009174895847454548
41 0.00001846667249036454
42 0.0000639410308440091
43 0.000025514018159027487
44 0.0002488181053806278
45 0.00016483120196417766
46 0.0005353942182411355
47 0.0004188892017936393
49 0.0002037806488964886
52 0.000022262872240576327
55 0.0006740582854377687
56 0.00013988916725104833
57 0.0003527432244730031
61 0.00019112209487459625
63 0.000006870329625449715
64 0.00007506333130309098
65 0.00012931656527202115
67 0.0001412436639807968
68 0.0008221655978060067
72 0.0030282904557759507
73 0.000619850515663888
75 0.0031932062689090904
76 0.0037727782140620997
82 0.00025962573061058986
85 0.00020625822270013306
87 0.0011854020929265058
89 0.0003916734089637078
90 0.0006622413221663868
98 0.0008682461508527967
114 0.00037301592297508214
124 0.00016852593740820454
130 0.00038382354820504417
180 0.0002952696582040436
255 0.000362668338628183
264 0.0004995742594430985
279 0.000446509935100765
309 0.0009759887576465887
367 0.0006011388596619117
411 0.0005607588032834975
479 0.0014272344525833
779 0.0017265671875504136
781 0.0029004825139064315
902 0.000650930839395929
1015 0.0009293486133572717
1036 0.0007608226759490672
1058 0.0007788406609122869
1331 0.0008682461508527967
1400 0.005736197437628936
1442 0.0009668275046354771
2688 0.0010654088584181574
3204 0.0014024607332345665
3205 0.0014024607332345665
3206 0.0014024607332345665