0 0.00012419781759445434
1 0.00009782275243664496
2 0.00011794730538676969
3 0.00042377080113265817
4 0.00036951756716372796
5 0.00013988916725104833
6 0.0001467383957865933
7 0.0001345454019413534
8 0.000230498281105941
9 0.0010401970703351816
12 0.006572511558919977
13 0.00004308890247751726
16 0.00014535302717131544
17 0.00048799437882329435
19 0.00036606883509663425
20 0.0003084151046592529
21 0.00035600678399941706
22 0.000446509935100765
23 0.0005055778122246136
28 0.00043261292225370724
34 0.00016696862548619968
36 0.0003468757052649962
38 0.000009174895847454548
39 0.000015438219457612578
40 0.000009174895847454548
41 0.00001846667249036454
42 0.0000639410308440091
43 0.00003401869087870331
49 0.0000679268829654962
51 0.0001670110942886723
52 0.000044525744481152654
56 0.00027977833450209665
58 0.00043059522159367926
59 0.0005624425397736376
60 0.0005512239278211216
61 0.00019112209487459625
63 0.0000045802197502998095
64 0.00007506333130309098
66 0.00019245982333411082
68 0.00123324839670901
70 0.0009668275046354771
71 0.0004152389947112455
85 0.00020625822270013306
89 0.0001958367044818539
100 0.0003370518748164091
104 0.0007460318459501643
105 0.00047159727675776246
107 0.0003875355521269475
113 0.00026863163182146973
114 0.00037301592297508214
118 0.00027798399769256044
123 0.0003111316863753057
124 0.00016852593740820454
139 0.0005311942760363876
160 0.00038382354820504417
217 0.0007608226759490672
222 0.0013482074992656363
251 0.0004513245782556835
253 0.0004824049019877245
264 0.0004995742594430985
270 0.0042817033577499
271 0.0036618883410244937
274 0.009154720852561235
279 0.000446509935100765
286 0.0004769410420674574
287 0.0004937153847581824
288 0.0027374189608798624
307 0.0009431945535155249
309 0.00048799437882329435
359 0.0009668275046354771
360 0.00036951756716372796
391 0.0013482074992656363
411 0.0005607588032834975
416 0.0006997202134445921
439 0.00071361722629165
452 0.0011510447917002756
455 0.0008682461508527967
475 0.0050382050385525436
476 0.0008194567768041337
540 0.0006741037496328182
551 0.0006741037496328182
578 0.0008426296870410227
593 0.00260473845255839
608 0.0029761933330333694
715 0.0016389135536082674
782 0.000650930839395929
786 0.003370518748164091
858 0.001301861678791858
859 0.0029004825139064315
1073 0.0008194567768041337
1087 0.0009668275046354771
1321 0.0023365219827368605
1397 0.004971145370519239
1450 0.0008968829210099529
1650 0.0007608226759490672
1827 0.0008968829210099529
1857 0.0011353534420436818
1880 0.0009668275046354771
2042 0.0011353534420436818
2195 0.0011353534420436818
2542 0.004541413768174727
2827 0.001233934795826362
2899 0.001233934795826362
3207 0.0014024607332345665
3208 0.00426163543367263
3209 0.002804921466469133
3210 0.0014024607332345665
3211 0.002804921466469133
3212 0.0014024607332345665
3213 0.0014024607332345665
3214 0.0014024607332345665
3215 0.0014024607332345665
3216 0.0014024607332345665
3217 0.0014024607332345665
3218 0.0014024607332345665
3219 0.002804921466469133
3220 0.0014024607332345665
3221 0.0014024607332345665