1 0.0017608095438596092
2 0.00011794730538676969
13 0.00004308890247751726
26 0.00021900961471874297
34 0.00008348431274309984
37 0.000362668338628183
38 0.0000030582986158181828
39 0.000007719109728806289
40 0.0000061165972316363655
41 0.00001231111499357636
42 0.0000639410308440091
43 0.00003401869087870331
45 0.00008241560098208883
47 0.00005236115022420491
52 0.000044525744481152654
56 0.00027977833450209665
57 0.0007054864489460062
58 0.0010764880539841982
59 0.0007499233863648502
60 0.0002756119639105608
63 0.000006870329625449715
64 0.00007506333130309098
65 0.0002586331305440423
66 0.00019245982333411082
68 0.0016443311956120133
89 0.0001958367044818539
104 0.0011190477689252464
124 0.00016852593740820454
125 0.00048799437882329435
134 0.000650930839395929
150 0.000775071104253895
171 0.0004269252942241762
176 0.0005837649321194501
226 0.0009538820841349148
277 0.00035249009427402165
306 0.004916740660824802
310 0.0002927237550026589
316 0.0009668275046354771
360 0.00036951756716372796
379 0.0006741037496328182
445 0.0004663684400884302
457 0.0006011388596619117
489 0.0011353534420436818
497 0.0010880050158845493
589 0.0016852593740820454
590 0.0006622413221663868
591 0.0014567139672034967
606 0.0019336550092709543
634 0.0008968829210099529
671 0.0011196620923870878
673 0.003406060326131045
674 0.0010654088584181574
675 0.001233934795826362
676 0.0014024607332345665
677 0.0014024607332345665
678 0.002130817716836315
679 0.003033466873347682
680 0.0010111556244492273
681 0.0014024607332345665
682 0.0006865747669893828
683 0.003406060326131045
684 0.0022707068840873636
685 0.0009668275046354771
686 0.002130817716836315
687 0.001233934795826362
688 0.002130817716836315
689 0.0007608226759490672
690 0.0009293486133572717
691 0.000640123214165967
692 0.0010654088584181574
693 0.0008194567768041337
694 0.0008194567768041337
695 0.001233934795826362
696 0.0010654088584181574
697 0.0008682461508527967
698 0.0008682461508527967