0 0.00012419781759445434
1 0.00009782275243664496
2 0.00011794730538676969
4 0.00036951756716372796
5 0.00013988916725104833
6 0.0001467383957865933
7 0.0001345454019413534
8 0.000230498281105941
9 0.0006241182422011089
13 0.000030777787483940904
14 0.0005180488295811783
20 0.0003084151046592529
21 0.0028480542719953364
22 0.000446509935100765
34 0.00008348431274309984
36 0.00043359463158124535
38 0.000009174895847454548
39 0.000030876438915225156
40 0.000009174895847454548
41 0.00001846667249036454
42 0.0001918230925320273
43 0.000051028036318054975
44 0.0004976362107612556
45 0.0002472468029462665
46 0.00026769710912056773
47 0.00036652805156943435
48 0.00022854540687854879
49 0.0001358537659309924
51 0.0001670110942886723
52 0.000022262872240576327
56 0.00013988916725104833
63 0.0000045802197502998095
64 0.00007506333130309098
65 0.0005172662610880846
89 0.0003916734089637078
104 0.00037301592297508214
105 0.00047159727675776246
107 0.0011626066563808425
118 0.00027798399769256044
124 0.00016852593740820454
132 0.000650930839395929
177 0.000362668338628183
179 0.009933619832495803
180 0.0002952696582040436
193 0.000619850515663888
214 0.0010360976591623566
226 0.0004769410420674574
230 0.00071361722629165
245 0.0011296960544257225
251 0.0004513245782556835
272 0.0006865747669893828
277 0.00017624504713701082
287 0.0004937153847581824
310 0.0002927237550026589
320 0.011196620923870878
327 0.01675221062284021
348 0.0007283569836017483
375 0.004715972767577625
391 0.0026964149985312727
401 0.002479402062655552
411 0.001401897008208744
455 0.0034729846034111866
497 0.001450673354512732
572 0.00071361722629165
573 0.00056755015592235
576 0.000619850515663888
594 0.00071361722629165
698 0.0008682461508527967
716 0.0005523494856132488
717 0.0007788406609122869
753 0.000619850515663888
760 0.017657623653788163
868 0.00056755015592235
898 0.0006103147235040822
899 0.0008682461508527967
915 0.0006622413221663868
916 0.0008682461508527967
920 0.0007283569836017483
1010 0.0008682461508527967
1075 0.0009668275046354771
1093 0.0007983015672272726
1112 0.0005922967385408627
1315 0.0014272344525833
1396 0.0007608226759490672
1624 0.0011353534420436818
1785 0.0010111556244492273
1934 0.0009668275046354771
1935 0.003033466873347682
1936 0.0011353534420436818
2398 0.005676767210218409
2655 0.01171949744259973
2656 0.001233934795826362
2937 0.001233934795826362
3222 0.0014024607332345665
3223 0.0014024607332345665
3224 0.001233934795826362
3225 0.0014024607332345665
3226 0.0037018043874790857
3227 0.0014024607332345665