0 0.00012419781759445434
1 0.00009782275243664496
2 0.00011794730538676969
4 0.00036951756716372796
5 0.00013988916725104833
7 0.0001345454019413534
8 0.000230498281105941
9 0.0006241182422011089
13 0.000030777787483940904
16 0.00043605908151394634
20 0.0003084151046592529
21 0.00035600678399941706
26 0.00021900961471874297
34 0.00008348431274309984
36 0.00008671892631624905
38 0.0000061165972316363655
39 0.00002315732918641887
40 0.000009174895847454548
41 0.00001846667249036454
42 0.0000639410308440091
43 0.00004252336359837915
44 0.0004976362107612556
45 0.00008241560098208883
46 0.0004015456636808516
47 0.00031416690134522947
49 0.0000679268829654962
52 0.000044525744481152654
55 0.0004493721902918458
56 0.00027977833450209665
57 0.0007054864489460062
58 0.0008611904431873585
59 0.0005624425397736376
60 0.0002756119639105608
61 0.00019112209487459625
63 0.000006870329625449715
64 0.00007506333130309098
67 0.0001412436639807968
84 0.0016552416101744702
88 0.0008139929168838665
110 0.0006741037496328182
124 0.00016852593740820454
144 0.0013687094804399312
150 0.000775071104253895
255 0.000725336677256366
279 0.000446509935100765
287 0.002468576923790912
307 0.00047159727675776246
313 0.0014567139672034967
430 0.00042815166801879435
468 0.00048799437882329435
490 0.0014272344525833
491 0.006330746354351516
492 0.010298621504840743
494 0.005523494856132488
499 0.006066933746695364
666 0.0006011388596619117
691 0.000640123214165967
850 0.0006997202134445921
851 0.003406060326131045
852 0.0006997202134445921
988 0.0007788406609122869
1328 0.008928579999100107
1397 0.0005523494856132488
1910 0.0009668275046354771
1922 0.0011353534420436818
2398 0.0011353534420436818
3033 0.003406060326131045
3228 0.001233934795826362
3229 0.0014024607332345665
3230 0.0014024607332345665
3231 0.0014024607332345665