9 0.0006241182422011089
13 0.00002462222998715272
16 0.00014535302717131544
20 0.0003084151046592529
21 0.00035600678399941706
26 0.00021900961471874297
37 0.000725336677256366
38 0.000009174895847454548
39 0.000015438219457612578
40 0.000012233194463272731
41 0.00002462222998715272
42 0.0001278820616880182
43 0.000025514018159027487
44 0.0004976362107612556
45 0.00016483120196417766
46 0.0002007728318404258
47 0.00020944460089681964
48 0.00022854540687854879
49 0.0000679268829654962
52 0.000044525744481152654
58 0.00021529761079683963
59 0.0003749616931824251
60 0.0002756119639105608
61 0.00019112209487459625
63 0.000006870329625449715
67 0.0001412436639807968
73 0.000619850515663888
82 0.00025962573061058986
85 0.00020625822270013306
89 0.0001958367044818539
90 0.0006622413221663868
115 0.0004663684400884302
122 0.00035600678399941706
124 0.00016852593740820454
149 0.000640123214165967
171 0.0002134626471120881
196 0.0009252453139777587
222 0.0006741037496328182
243 0.00071361722629165
263 0.0011510447917002756
389 0.004673043965473721
394 0.0006741037496328182
457 0.0006011388596619117
468 0.00048799437882329435
470 0.0008426296870410227
497 0.000362668338628183
520 0.0003432074323131972
596 0.0006741037496328182
746 0.0006997202134445921
786 0.0013482074992656363
805 0.0008682461508527967
823 0.0007983015672272726
826 0.0006865747669893828
839 0.0009668275046354771
865 0.0009668275046354771
1276 0.0006622413221663868
1310 0.003973447932998321
1315 0.00214085167887495
1348 0.0011353534420436818
1374 0.0017937658420199057
1629 0.002690648763029859
1636 0.006505440293500903
1637 0.0009668275046354771
1647 0.0011353534420436818
1650 0.0015216453518981344
2514 0.001233934795826362
3232 0.005609842932938266
3233 0.0014024607332345665
3234 0.00616967397913181
3235 0.0014024607332345665
3236 0.0014024607332345665
3237 0.007403608774958171
3238 0.0014024607332345665
3239 0.002804921466469133
3240 0.0014024607332345665
3241 0.0014024607332345665