0 0.00012419781759445434
1 0.00009782275243664496
2 0.00023589461077353939
5 0.00013988916725104833
6 0.0001467383957865933
7 0.0001345454019413534
13 0.00001846667249036454
29 0.0005180488295811783
33 0.0003281012370525588
34 0.00016696862548619968
36 0.0001734378526324981
38 0.0000061165972316363655
39 0.00002315732918641887
40 0.000009174895847454548
41 0.00002462222998715272
42 0.0000639410308440091
43 0.00003401869087870331
45 0.00008241560098208883
46 0.00006692427728014193
47 0.00015708345067261473
48 0.00022854540687854879
49 0.0002037806488964886
52 0.000022262872240576327
63 0.000006870329625449715
65 0.00012931656527202115
66 0.00038491964666822163
72 0.0012978387667611218
82 0.0005192514612211797
87 0.0011854020929265058
89 0.0001958367044818539
100 0.0003370518748164091
113 0.0008058948954644093
122 0.00035600678399941706
125 0.00048799437882329435
134 0.001301861678791858
159 0.0003495228921729738
277 0.00035249009427402165
278 0.0007788406609122869
291 0.0007608226759490672
292 0.0019203696424979011
310 0.0011708950200106356
314 0.0010111556244492273
348 0.0007283569836017483
360 0.00036951756716372796
379 0.0006741037496328182
412 0.00036951756716372796
413 0.0003593147470569854
430 0.00042815166801879435
468 0.0009759887576465887
484 0.0013994404268891842
493 0.00056755015592235
494 0.0005523494856132488
520 0.0006864148646263945
878 0.0010654088584181574
958 0.0010654088584181574
1100 0.0017937658420199057
1162 0.000619850515663888
1305 0.0008968829210099529
1315 0.00214085167887495
1325 0.0007440483332583423
1949 0.003196226575254472
2115 0.00260473845255839
2297 0.0011353534420436818
3242 0.0014024607332345665
3243 0.0014024607332345665