13 0.00004308890247751726
26 0.00043801922943748593
34 0.0002504529382292995
36 0.0001734378526324981
38 0.0000061165972316363655
39 0.000015438219457612578
40 0.000015291493079090914
41 0.00002462222998715272
43 0.000017009345439351656
45 0.00008241560098208883
47 0.00005236115022420491
49 0.0002037806488964886
51 0.0001670110942886723
52 0.000044525744481152654
58 0.0006458928323905189
59 0.0005624425397736376
60 0.0002756119639105608
63 0.0000045802197502998095
64 0.00007506333130309098
65 0.0002586331305440423
72 0.0008652258445074145
84 0.000331048322034894
87 0.0015805361239020076
88 0.00040699645844193325
89 0.0005875101134455617
104 0.00037301592297508214
114 0.00037301592297508214
122 0.00035600678399941706
146 0.000902649156511367
160 0.00038382354820504417
260 0.0013482074992656363
267 0.0005180488295811783
275 0.0006622413221663868
287 0.0004937153847581824
307 0.00047159727675776246
310 0.0011708950200106356
361 0.0010111556244492273
412 0.00036951756716372796
413 0.0003593147470569854
416 0.0013994404268891842
445 0.0009327368801768604
475 0.00629775629819068
479 0.00071361722629165
483 0.0008968829210099529
545 0.0007788406609122869
609 0.0022824680278472017
646 0.0007440483332583423
670 0.0020597243009681486
691 0.0032006160708298354
868 0.0011351003118447
1028 0.0035875316840398115
1081 0.0010654088584181574
1154 0.002690648763029859
1298 0.010635102550990249
1330 0.0006865747669893828
1883 0.001233934795826362
1960 0.003196226575254472
2200 0.002467869591652724
2269 0.0011353534420436818
2336 0.005327044292090787
2412 0.0010654088584181574
3244 0.0014024607332345665
3245 0.0014024607332345665
3246 0.002804921466469133
3247 0.0014024607332345665
3248 0.0014024607332345665
3249 0.0014024607332345665
3250 0.0014024607332345665
3251 0.0014024607332345665