9 0.0004160788281340726
13 0.00001231111499357636
16 0.00014535302717131544
26 0.00043801922943748593
29 0.0010360976591623566
30 0.00039130510878533924
34 0.00008348431274309984
36 0.0002601567789487472
38 0.0000061165972316363655
39 0.000007719109728806289
40 0.0000061165972316363655
41 0.00001231111499357636
43 0.000017009345439351656
45 0.00016483120196417766
49 0.0000679268829654962
51 0.0003340221885773446
52 0.000022262872240576327
61 0.00019112209487459625
63 0.0000022901098751499047
64 0.00007506333130309098
66 0.00019245982333411082
67 0.0001412436639807968
72 0.0008652258445074145
76 0.00047159727675776246
82 0.00025962573061058986
84 0.000662096644069788
87 0.0003951340309755019
115 0.0004663684400884302
122 0.00035600678399941706
124 0.00016852593740820454
135 0.0007440483332583423
136 0.0006622413221663868
144 0.00045623649347997704
176 0.0011675298642389001
247 0.0011351003118447
255 0.000362668338628183
277 0.0008812252356850542
294 0.0028544689051666
310 0.0020490662850186124
334 0.0009293486133572717
347 0.0005117333697214018
353 0.00071361722629165
356 0.0007788406609122869
391 0.0013482074992656363
394 0.0006741037496328182
411 0.00028037940164174876
435 0.0008682461508527967
464 0.0015966031344545452
520 0.0006864148646263945
644 0.0020223112488984545
651 0.001233934795826362
682 0.0006865747669893828
753 0.001239701031327776
788 0.0006622413221663868
810 0.0010654088584181574
814 0.0011353534420436818
876 0.007849789489208149
916 0.0008682461508527967
920 0.0029134279344069933
1010 0.0008682461508527967
1031 0.0008426296870410227
1060 0.0005837649321194501
1085 0.0007440483332583423
1247 0.0009293486133572717
1305 0.0017937658420199057
1511 0.0008968829210099529
1934 0.0019336550092709543
1935 0.003033466873347682
2298 0.0011353534420436818
2299 0.001233934795826362
2319 0.0008426296870410227
2336 0.007457862008927101
2390 0.0010111556244492273
2447 0.0009293486133572717
2688 0.0010654088584181574
3033 0.0011353534420436818
3252 0.005609842932938266
3253 0.0014024607332345665
3254 0.0084147643994074
3255 0.03085413613116046
3256 0.0014024607332345665
3257 0.001233934795826362
3258 0.007012303666172833
3259 0.001233934795826362