0 0.00012419781759445434
1 0.00009782275243664496
2 0.00011794730538676969
3 0.00042377080113265817
4 0.00036951756716372796
5 0.00013988916725104833
6 0.0001467383957865933
7 0.0001345454019413534
8 0.000230498281105941
9 0.001456275898469254
13 0.00002462222998715272
20 0.0009252453139777587
21 0.00035600678399941706
22 0.001339529805302295
30 0.00039130510878533924
34 0.00016696862548619968
36 0.0003468757052649962
38 0.000009174895847454548
39 0.000030876438915225156
40 0.000012233194463272731
41 0.00002462222998715272
42 0.0001278820616880182
43 0.00004252336359837915
44 0.0004976362107612556
45 0.00008241560098208883
46 0.0004015456636808516
47 0.00047125035201784417
48 0.00022854540687854879
49 0.0000679268829654962
51 0.0001670110942886723
52 0.000044525744481152654
55 0.0006740582854377687
56 0.00041966750175314503
57 0.0007054864489460062
58 0.0008611904431873585
59 0.0005624425397736376
60 0.0002756119639105608
61 0.00019112209487459625
63 0.0000022901098751499047
64 0.00007506333130309098
65 0.00038794969581606347
66 0.00019245982333411082
67 0.0001412436639807968
82 0.0010385029224423594
85 0.0004125164454002661
88 0.00040699645844193325
97 0.00047159727675776246
107 0.0011626066563808425
113 0.00026863163182146973
118 0.0027798399769256047
122 0.00035600678399941706
124 0.00016852593740820454
140 0.0010111556244492273
154 0.0013731495339787657
160 0.00038382354820504417
162 0.0008426296870410227
171 0.0002134626471120881
186 0.0005180488295811783
196 0.0003084151046592529
214 0.0005180488295811783
230 0.00071361722629165
277 0.00017624504713701082
320 0.0022393241847741756
334 0.0009293486133572717
375 0.00047159727675776246
401 0.001239701031327776
455 0.0008682461508527967
520 0.0006864148646263945
550 0.0005922967385408627
650 0.0007608226759490672
716 0.0005523494856132488
759 0.005597761707556737
1031 0.0008426296870410227
1100 0.005381297526059718
1396 0.0007608226759490672
1781 0.0008682461508527967
1834 0.01362424130452418
2027 0.0008426296870410227
2447 0.0009293486133572717
2485 0.0009668275046354771
3113 0.0022707068840873636
3260 0.0014024607332345665
3261 0.002804921466469133
3262 0.0014024607332345665
3263 0.0014024607332345665
3264 0.0014024607332345665
3265 0.0014024607332345665