0 0.00012419781759445434
1 0.00009782275243664496
2 0.00011794730538676969
5 0.00013988916725104833
6 0.0001467383957865933
7 0.0001345454019413534
8 0.000230498281105941
13 0.00001846667249036454
14 0.0005180488295811783
15 0.0005837649321194501
16 0.00014535302717131544
26 0.00021900961471874297
34 0.00016696862548619968
38 0.000009174895847454548
39 0.000007719109728806289
40 0.000009174895847454548
41 0.00001231111499357636
42 0.0000639410308440091
43 0.00003401869087870331
45 0.0002472468029462665
46 0.00013384855456028387
47 0.00015708345067261473
49 0.0002037806488964886
51 0.0001670110942886723
52 0.000022262872240576327
55 0.0006740582854377687
56 0.00013988916725104833
58 0.0006458928323905189
59 0.0003749616931824251
61 0.00019112209487459625
63 0.0000045802197502998095
64 0.00007506333130309098
65 0.00012931656527202115
72 0.00043261292225370724
74 0.0006865747669893828
83 0.0014272344525833
89 0.0003916734089637078
104 0.00037301592297508214
118 0.00027798399769256044
124 0.00016852593740820454
130 0.00038382354820504417
146 0.000902649156511367
245 0.0003765653514752408
252 0.0007608226759490672
267 0.0005180488295811783
277 0.00017624504713701082
310 0.0005854475100053178
411 0.00028037940164174876
412 0.00036951756716372796
413 0.0007186294941139708
430 0.00042815166801879435
431 0.0006865747669893828
445 0.0013991053202652907
545 0.0007788406609122869
608 0.0007440483332583423
689 0.0007608226759490672
743 0.0010111556244492273
772 0.0005311942760363876
780 0.0013244826443327736
1020 0.0010654088584181574
1101 0.0008426296870410227
1330 0.0006865747669893828
3266 0.007012303666172833
3267 0.0014024607332345665
3268 0.0014024607332345665
3269 0.0014024607332345665
3270 0.004935739183305448
3271 0.0037018043874790857
3272 0.002804921466469133
3273 0.007012303666172833
3274 0.0014024607332345665