9 0.0004160788281340726
13 0.00000615555749678818
34 0.00008348431274309984
38 0.0000030582986158181828
40 0.000009174895847454548
41 0.00002462222998715272
42 0.0000639410308440091
43 0.000025514018159027487
45 0.00016483120196417766
51 0.0001670110942886723
61 0.00019112209487459625
63 0.0000045802197502998095
82 0.0007788771918317696
84 0.000331048322034894
100 0.0003370518748164091
102 0.00042377080113265817
115 0.0013991053202652907
122 0.0007120135679988341
143 0.0017512947963583504
144 0.00045623649347997704
150 0.000775071104253895
210 0.0005245327214076215
212 0.0014272344525833
250 0.00041108279890300333
251 0.0004513245782556835
277 0.00017624504713701082
286 0.0004769410420674574
293 0.0013482074992656363
304 0.0009874307695163648
355 0.0009668275046354771
359 0.0019336550092709543
412 0.0007390351343274559
452 0.0017265671875504136
457 0.0012022777193238235
524 0.0011353534420436818
525 0.007947474094305773
526 0.0037018043874790857
528 0.001233934795826362
530 0.0010654088584181574
533 0.0016852593740820454
535 0.0011353534420436818
544 0.0008426296870410227
547 0.001233934795826362
642 0.0014880966665166847
667 0.0013994404268891842
753 0.001239701031327776
782 0.001301861678791858
785 0.0009293486133572717
842 0.0007983015672272726
979 0.0008194567768041337
1112 0.0005922967385408627
1143 0.002130817716836315
1304 0.0010111556244492273
1465 0.0011353534420436818
1469 0.0011353534420436818
1532 0.0010654088584181574
1637 0.0009668275046354771
1672 0.0010111556244492273
2063 0.0009668275046354771
2191 0.0010654088584181574
2492 0.0010654088584181574
2574 0.001233934795826362
2638 0.0027880458400718153
2746 0.0009293486133572717
2750 0.0037018043874790857
2785 0.005327044292090787
3275 0.0014024607332345665
3276 0.002804921466469133
3277 0.001233934795826362
3278 0.0037018043874790857
3279 0.0014024607332345665
3280 0.002804921466469133
3281 0.001233934795826362
3282 0.001233934795826362
3283 0.0014024607332345665
3284 0.0014024607332345665
3285 0.0014024607332345665
3286 0.0014024607332345665
3287 0.0014024607332345665
3288 0.001233934795826362
3289 0.0014024607332345665