0 0.00012419781759445434
1 0.00019564550487328992
2 0.00011794730538676969
5 0.00013988916725104833
6 0.0001467383957865933
7 0.0001345454019413534
12 0.0005055778122246136
13 0.00001231111499357636
19 0.00036606883509663425
26 0.00021900961471874297
28 0.00043261292225370724
34 0.0002504529382292995
36 0.00043359463158124535
38 0.000009174895847454548
39 0.000007719109728806289
40 0.0000061165972316363655
41 0.00000615555749678818
43 0.00003401869087870331
45 0.00016483120196417766
46 0.00026769710912056773
47 0.0002618057511210246
49 0.0001358537659309924
52 0.000044525744481152654
55 0.0002246860951459229
58 0.00043059522159367926
59 0.0003749616931824251
61 0.00019112209487459625
63 0.0000045802197502998095
64 0.00015012666260618196
65 0.00012931656527202115
66 0.00038491964666822163
67 0.0001412436639807968
88 0.00040699645844193325
107 0.000775071104253895
113 0.001074526527285879
118 0.0013899199884628024
122 0.0014240271359976682
124 0.00016852593740820454
125 0.00048799437882329435
130 0.00038382354820504417
134 0.000650930839395929
150 0.0011626066563808425
156 0.0009293486133572717
165 0.000362668338628183
193 0.000619850515663888
217 0.0038041133797453363
220 0.0019336550092709543
223 0.002458370330412401
247 0.00056755015592235
250 0.00123324839670901
260 0.0006741037496328182
267 0.0005180488295811783
271 0.0036618883410244937
274 0.009154720852561235
277 0.00035249009427402165
286 0.0004769410420674574
307 0.00047159727675776246
350 0.002527889061123068
366 0.0013994404268891842
376 0.000650930839395929
389 0.0007788406609122869
393 0.00056755015592235
415 0.0010111556244492273
430 0.0008563033360375887
439 0.00071361722629165
442 0.0006103147235040822
451 0.0011353534420436818
452 0.0005755223958501378
476 0.0016389135536082674
483 0.0008968829210099529
537 0.0007283569836017483
549 0.002185070950805245
558 0.0007608226759490672
594 0.00071361722629165
598 0.0008968829210099529
628 0.0010111556244492273
638 0.0031153626436491474
699 0.0014024607332345665
700 0.0011353534420436818
701 0.0011353534420436818
702 0.0042073821997037
703 0.0013731495339787657
704 0.0011353534420436818
705 0.007012303666172833
706 0.0011353534420436818
707 0.0011353534420436818
708 0.0007440483332583423
709 0.0012595512596381359
710 0.009817225132641966
711 0.0009293486133572717
712 0.004935739183305448
713 0.002804921466469133
714 0.002804921466469133
715 0.0008194567768041337
716 0.0005523494856132488
717 0.0015576813218245737
718 0.0022707068840873636
719 0.0020223112488984545
720 0.005609842932938266
721 0.0008194567768041337
722 0.004044622497796909
723 0.001233934795826362
724 0.0010654088584181574
725 0.0010654088584181574
726 0.0008426296870410227
727 0.0014024607332345665
728 0.0010654088584181574
729 0.0009293486133572717
730 0.0010111556244492273
731 0.0014024607332345665
732 0.0014024607332345665