13 0.00001846667249036454
14 0.0005180488295811783
26 0.00021900961471874297
34 0.0002504529382292995
36 0.00008671892631624905
37 0.000362668338628183
38 0.0000061165972316363655
39 0.000015438219457612578
40 0.000015291493079090914
41 0.000030777787483940904
42 0.0001278820616880182
43 0.00003401869087870331
46 0.0002007728318404258
47 0.00015708345067261473
52 0.000022262872240576327
55 0.0002246860951459229
61 0.00009556104743729812
63 0.000006870329625449715
66 0.00038491964666822163
67 0.0001412436639807968
84 0.000331048322034894
89 0.0001958367044818539
114 0.00037301592297508214
118 0.00027798399769256044
149 0.000640123214165967
159 0.0003495228921729738
162 0.0008426296870410227
185 0.0007788406609122869
196 0.0006168302093185058
251 0.0004513245782556835
253 0.0004824049019877245
267 0.0005180488295811783
277 0.00017624504713701082
282 0.0029614836927043136
287 0.0004937153847581824
310 0.0005854475100053178
347 0.0020469334788856073
431 0.0006865747669893828
442 0.0006103147235040822
471 0.0007983015672272726
491 0.002877611979250689
492 0.0006865747669893828
493 0.0011351003118447
507 0.0005755223958501378
508 0.001776890215622588
539 0.0008194567768041337
703 0.0006865747669893828
709 0.001889326889457204
967 0.0009668275046354771
1029 0.0005117333697214018
1034 0.0008194567768041337
1038 0.001233934795826362
1417 0.0008194567768041337
1650 0.0007608226759490672
1882 0.0010654088584181574
2014 0.0016389135536082674
2319 0.0008426296870410227
2440 0.0010111556244492273
2598 0.0037018043874790857
3290 0.005609842932938266
3291 0.0014024607332345665
3292 0.0014024607332345665
3293 0.0042073821997037
3294 0.001233934795826362
3295 0.0014024607332345665
3296 0.0014024607332345665
3297 0.0014024607332345665
3298 0.0014024607332345665