0 0.00012419781759445434
1 0.00009782275243664496
2 0.00011794730538676969
3 0.00042377080113265817
4 0.00036951756716372796
5 0.00013988916725104833
7 0.0001345454019413534
8 0.000230498281105941
9 0.0010401970703351816
13 0.00002462222998715272
20 0.0015420755232962646
21 0.0007120135679988341
22 0.00089301987020153
26 0.00043801922943748593
28 0.00043261292225370724
30 0.00039130510878533924
34 0.00016696862548619968
36 0.0001734378526324981
38 0.000009174895847454548
39 0.000015438219457612578
40 0.00002140809031072728
41 0.00003693334498072908
42 0.0001918230925320273
43 0.000051028036318054975
44 0.0004976362107612556
45 0.00016483120196417766
46 0.0008030913273617032
47 0.0006283338026904589
48 0.00022854540687854879
49 0.0002037806488964886
51 0.0001670110942886723
52 0.000044525744481152654
55 0.0017974887611673831
56 0.0011191133380083866
57 0.002821945795784025
58 0.0006458928323905189
59 0.00018748084659121254
60 0.0002756119639105608
61 0.00019112209487459625
63 0.0000045802197502998095
67 0.00042373099194239035
81 0.000362668338628183
85 0.0006187746681003992
99 0.0006741037496328182
100 0.0003370518748164091
105 0.00047159727675776246
114 0.00037301592297508214
115 0.0009327368801768604
144 0.0018249459739199082
149 0.000640123214165967
159 0.0003495228921729738
160 0.00038382354820504417
171 0.0002134626471120881
193 0.002479402062655552
237 0.0007440483332583423
255 0.000362668338628183
286 0.0004769410420674574
288 0.00045623649347997704
357 0.0005837649321194501
387 0.002467869591652724
391 0.0020223112488984545
395 0.0011353534420436818
396 0.0029614836927043136
411 0.0005607588032834975
505 0.0013244826443327736
506 0.0012595512596381359
507 0.0011510447917002756
511 0.0008426296870410227
557 0.0038942033045614344
648 0.0006741037496328182
671 0.0005598310461935439
786 0.009437452494859454
868 0.0011351003118447
895 0.0008426296870410227
1062 0.0005598310461935439
1078 0.0009293486133572717
1188 0.0010654088584181574
1200 0.0011353534420436818
1230 0.0011353534420436818
1395 0.0019336550092709543
1403 0.0019336550092709543
2108 0.0009668275046354771
2311 0.001233934795826362
2638 0.003717394453429087
2856 0.001233934795826362
3299 0.0014024607332345665
3300 0.007012303666172833
3301 0.0014024607332345665
3302 0.0014024607332345665
3303 0.0014024607332345665
3304 0.0014024607332345665
3305 0.0014024607332345665
3306 0.0014024607332345665
3307 0.0014024607332345665
3308 0.0014024607332345665
3309 0.0014024607332345665
3310 0.0014024607332345665