0 0.00012419781759445434
1 0.00019564550487328992
2 0.00011794730538676969
3 0.00042377080113265817
4 0.00036951756716372796
5 0.00013988916725104833
6 0.0001467383957865933
7 0.0001345454019413534
8 0.000230498281105941
9 0.0004160788281340726
13 0.00000615555749678818
16 0.00014535302717131544
20 0.0003084151046592529
22 0.000446509935100765
36 0.0001734378526324981
37 0.0010880050158845493
38 0.000009174895847454548
39 0.000015438219457612578
40 0.000012233194463272731
41 0.00002462222998715272
42 0.0001918230925320273
43 0.0000595327090377308
44 0.0004976362107612556
45 0.00016483120196417766
46 0.00033462138640070967
47 0.00036652805156943435
48 0.00022854540687854879
49 0.0001358537659309924
51 0.0001670110942886723
52 0.000022262872240576327
55 0.0008987443805836916
56 0.00013988916725104833
57 0.0003527432244730031
61 0.00019112209487459625
63 0.0000022901098751499047
64 0.00007506333130309098
65 0.0002586331305440423
66 0.0005773794700023325
67 0.0001412436639807968
73 0.000619850515663888
76 0.00047159727675776246
81 0.001450673354512732
85 0.00020625822270013306
87 0.0003951340309755019
90 0.0006622413221663868
102 0.00042377080113265817
124 0.00016852593740820454
125 0.0009759887576465887
171 0.0002134626471120881
245 0.0003765653514752408
310 0.0011708950200106356
401 0.000619850515663888
494 0.0005523494856132488
511 0.0008426296870410227
520 0.0006864148646263945
552 0.0006297756298190679
649 0.0007440483332583423
650 0.0007608226759490672
769 0.0008194567768041337
879 0.000650930839395929
1029 0.0005117333697214018
1111 0.0009668275046354771
1276 0.0006622413221663868
1524 0.001233934795826362
1548 0.003717394453429087
1907 0.002467869591652724
2722 0.0009293486133572717
2770 0.001233934795826362
2830 0.001233934795826362
3311 0.002804921466469133
3312 0.002804921466469133
3313 0.0014024607332345665
3314 0.002804921466469133
3315 0.002804921466469133
3316 0.0014024607332345665
3317 0.0014024607332345665
3318 0.0014024607332345665
3319 0.0014024607332345665