9 0.0006241182422011089
13 0.00001846667249036454
34 0.00016696862548619968
36 0.00008671892631624905
37 0.000362668338628183
38 0.000012233194463272731
39 0.000007719109728806289
40 0.000009174895847454548
41 0.00001231111499357636
42 0.0000639410308440091
43 0.000025514018159027487
44 0.0002488181053806278
46 0.00033462138640070967
47 0.0002618057511210246
49 0.0001358537659309924
52 0.000022262872240576327
61 0.00019112209487459625
63 0.000009160439500599619
64 0.00007506333130309098
66 0.00019245982333411082
68 0.00041108279890300333
85 0.00020625822270013306
89 0.0001958367044818539
97 0.00047159727675776246
100 0.0010111556244492273
104 0.00037301592297508214
113 0.00026863163182146973
114 0.00037301592297508214
122 0.00035600678399941706
130 0.00038382354820504417
159 0.0003495228921729738
176 0.0005837649321194501
180 0.0002952696582040436
226 0.0004769410420674574
255 0.000362668338628183
293 0.0006741037496328182
309 0.0009759887576465887
310 0.00263451379502393
396 0.0011845934770817253
411 0.0005607588032834975
416 0.0006997202134445921
442 0.0006103147235040822
470 0.0008426296870410227
490 0.00071361722629165
491 0.003453134375100827
492 0.006179172902904446
646 0.0014880966665166847
648 0.0013482074992656363
669 0.0006103147235040822
682 0.004119448601936297
693 0.0016389135536082674
779 0.0005755223958501378
781 0.0009668275046354771
787 0.0009293486133572717
868 0.00056755015592235
1007 0.002527889061123068
1066 0.0010654088584181574
1504 0.003406060326131045
1910 0.0009668275046354771
2011 0.001233934795826362
3320 0.002804921466469133
3321 0.0014024607332345665
3322 0.0014024607332345665
3323 0.0014024607332345665
3324 0.0014024607332345665