0 0.00012419781759445434
1 0.00009782275243664496
2 0.00011794730538676969
5 0.00013988916725104833
6 0.0001467383957865933
7 0.0001345454019413534
11 0.0008194567768041337
13 0.00002462222998715272
21 0.00035600678399941706
26 0.00021900961471874297
30 0.00039130510878533924
33 0.0003281012370525588
34 0.00008348431274309984
36 0.0002601567789487472
38 0.000009174895847454548
39 0.000007719109728806289
40 0.000012233194463272731
41 0.00001846667249036454
43 0.000025514018159027487
45 0.00008241560098208883
46 0.00013384855456028387
47 0.00010472230044840982
52 0.000022262872240576327
55 0.0004493721902918458
56 0.00027977833450209665
57 0.0003527432244730031
58 0.0008611904431873585
59 0.0007499233863648502
63 0.0000045802197502998095
65 0.00012931656527202115
66 0.00019245982333411082
84 0.000331048322034894
100 0.0003370518748164091
115 0.0004663684400884302
117 0.0008968829210099529
123 0.0003111316863753057
124 0.00016852593740820454
132 0.0032546541969796458
134 0.000650930839395929
149 0.000640123214165967
165 0.000362668338628183
180 0.0002952696582040436
196 0.0003084151046592529
255 0.000362668338628183
263 0.0011510447917002756
274 0.004272203064528576
277 0.0007049801885480433
286 0.0004769410420674574
292 0.001280246428331934
335 0.0008426296870410227
347 0.0005117333697214018
359 0.0009668275046354771
367 0.0006011388596619117
419 0.0010654088584181574
508 0.0005922967385408627
538 0.0010234667394428036
646 0.0007440483332583423
666 0.0006011388596619117
690 0.0009293486133572717
772 0.0005311942760363876
845 0.0007608226759490672
908 0.0040972838840206685
1136 0.0011353534420436818
1156 0.0010111556244492273
1162 0.000619850515663888
1411 0.003033466873347682
1468 0.003717394453429087
2156 0.0009668275046354771
2199 0.0008426296870410227
2224 0.002130817716836315
2367 0.002467869591652724
2388 0.0010654088584181574
2734 0.001233934795826362
3103 0.0011353534420436818
3135 0.0010654088584181574
3333 0.0042073821997037
3334 0.011219685865876532
3335 0.0014024607332345665
3336 0.0014024607332345665
3337 0.0014024607332345665
3338 0.0014024607332345665
3339 0.002804921466469133
3340 0.0014024607332345665