12 0.0010111556244492273
13 0.00002462222998715272
23 0.0010111556244492273
26 0.00021900961471874297
34 0.00016696862548619968
37 0.000362668338628183
38 0.000009174895847454548
39 0.000007719109728806289
40 0.0000061165972316363655
41 0.000030777787483940904
42 0.0000639410308440091
43 0.000025514018159027487
45 0.0003296624039283553
47 0.00005236115022420491
52 0.000044525744481152654
58 0.0008611904431873585
59 0.0005624425397736376
60 0.0002756119639105608
63 0.000006870329625449715
64 0.00007506333130309098
65 0.0002586331305440423
97 0.00047159727675776246
123 0.0003111316863753057
150 0.0003875355521269475
196 0.0003084151046592529
197 0.00056755015592235
253 0.0004824049019877245
264 0.0004995742594430985
270 0.00356808613145825
271 0.0006103147235040822
279 0.000446509935100765
340 0.0009668275046354771
375 0.00047159727675776246
430 0.00042815166801879435
679 0.0010111556244492273
680 0.0010111556244492273
716 0.0005523494856132488
861 0.0010654088584181574
988 0.0007788406609122869
1095 0.0007788406609122869
1178 0.003043290703796269
1283 0.0006997202134445921
1376 0.0010111556244492273
2782 0.008637543570784533
3341 0.009817225132641966
3342 0.0014024607332345665