0 0.00012419781759445434
1 0.00009782275243664496
2 0.00011794730538676969
5 0.00013988916725104833
6 0.0001467383957865933
7 0.0001345454019413534
13 0.00000615555749678818
16 0.0002907060543426309
38 0.000009174895847454548
39 0.00002315732918641887
40 0.000018349791694909097
41 0.00002462222998715272
43 0.000008504672719675828
46 0.0004015456636808516
47 0.0002618057511210246
49 0.0000679268829654962
52 0.000022262872240576327
55 0.0004493721902918458
61 0.00009556104743729812
63 0.000006870329625449715
64 0.00007506333130309098
88 0.00040699645844193325
89 0.0001958367044818539
124 0.00016852593740820454
146 0.0004513245782556835
253 0.0004824049019877245
309 0.0009759887576465887
310 0.0005854475100053178
412 0.00036951756716372796
413 0.0003593147470569854
484 0.0006997202134445921
553 0.0009293486133572717
1448 0.0009293486133572717
3343 0.0014024607332345665
3344 0.0014024607332345665
3345 0.0014024607332345665