0 0.00012419781759445434
1 0.00009782275243664496
2 0.00011794730538676969
3 0.00042377080113265817
4 0.00036951756716372796
5 0.00013988916725104833
7 0.0001345454019413534
8 0.000230498281105941
9 0.0006241182422011089
13 0.00001846667249036454
16 0.00014535302717131544
20 0.0003084151046592529
22 0.000446509935100765
36 0.0001734378526324981
38 0.000009174895847454548
39 0.000015438219457612578
40 0.000012233194463272731
41 0.00003693334498072908
42 0.0001918230925320273
43 0.000051028036318054975
44 0.0004976362107612556
45 0.00008241560098208883
46 0.0004015456636808516
47 0.00031416690134522947
48 0.00022854540687854879
49 0.0000679268829654962
51 0.0001670110942886723
52 0.000044525744481152654
55 0.0004493721902918458
56 0.0005595566690041933
57 0.0007054864489460062
58 0.0006458928323905189
59 0.0003749616931824251
60 0.0002756119639105608
61 0.00019112209487459625
63 0.0000022901098751499047
66 0.00019245982333411082
67 0.0001412436639807968
72 0.0021630646112685364
73 0.000619850515663888
82 0.00025962573061058986
85 0.00020625822270013306
87 0.0023708041858530116
88 0.00040699645844193325
90 0.0006622413221663868
94 0.0008426296870410227
97 0.00047159727675776246
104 0.00037301592297508214
124 0.00016852593740820454
150 0.000775071104253895
161 0.002527889061123068
245 0.0003765653514752408
251 0.0004513245782556835
255 0.000725336677256366
352 0.00071361722629165
439 0.0014272344525833
452 0.0005755223958501378
493 0.00056755015592235
495 0.0006622413221663868
496 0.0005380435045719325
555 0.0005245327214076215
650 0.0007608226759490672
898 0.0006103147235040822
902 0.000650930839395929
1029 0.0010234667394428036
1060 0.0005837649321194501
1271 0.0008426296870410227
1276 0.0013244826443327736
1325 0.0007440483332583423
1350 0.0037018043874790857
1400 0.0016389135536082674
1450 0.0017937658420199057
1499 0.0007983015672272726
2007 0.0008968829210099529
3163 0.0011353534420436818