9 0.0004160788281340726
13 0.00001846667249036454
16 0.00014535302717131544
26 0.00021900961471874297
38 0.0000061165972316363655
39 0.000007719109728806289
40 0.0000061165972316363655
41 0.00001231111499357636
43 0.000017009345439351656
44 0.0007464543161418835
47 0.00010472230044840982
61 0.00019112209487459625
63 0.000006870329625449715
68 0.0008221655978060067
107 0.000775071104253895
124 0.00016852593740820454
277 0.00035249009427402165
357 0.0011675298642389001
358 0.0010111556244492273
468 0.0009759887576465887
879 0.000650930839395929
3346 0.005609842932938266
3347 0.002804921466469133
3348 0.002804921466469133
3349 0.0014024607332345665