0 0.00012419781759445434
1 0.00009782275243664496
2 0.00011794730538676969
5 0.00013988916725104833
6 0.0001467383957865933
7 0.0001345454019413534
8 0.000230498281105941
13 0.00001846667249036454
16 0.00014535302717131544
17 0.003903955030586355
19 0.001464275340386537
20 0.0003084151046592529
23 0.002527889061123068
33 0.0006562024741051176
34 0.0002504529382292995
36 0.0002601567789487472
38 0.0000061165972316363655
39 0.000015438219457612578
40 0.000015291493079090914
41 0.000030777787483940904
42 0.0002557641233760364
43 0.000025514018159027487
45 0.00008241560098208883
46 0.0004015456636808516
47 0.00036652805156943435
48 0.00022854540687854879
49 0.0000679268829654962
51 0.0001670110942886723
52 0.000022262872240576327
55 0.0004493721902918458
58 0.0008611904431873585
59 0.0005624425397736376
60 0.0002756119639105608
61 0.00019112209487459625
63 0.0000022901098751499047
64 0.00007506333130309098
65 0.00012931656527202115
66 0.0005773794700023325
67 0.0001412436639807968
71 0.0004152389947112455
77 0.0008968829210099529
85 0.00020625822270013306
89 0.0001958367044818539
94 0.0008426296870410227
110 0.0006741037496328182
134 0.000650930839395929
146 0.0004513245782556835
148 0.0010654088584181574
150 0.0011626066563808425
177 0.000362668338628183
245 0.0003765653514752408
247 0.00056755015592235
259 0.0007283569836017483
278 0.0007788406609122869
279 0.000446509935100765
310 0.0005854475100053178
350 0.0008426296870410227
367 0.0006011388596619117
430 0.00042815166801879435
449 0.0007788406609122869
479 0.0014272344525833
484 0.0006997202134445921
497 0.000362668338628183
520 0.0010296222969395918
662 0.0008682461508527967
694 0.0016389135536082674
733 0.002804921466469133
734 0.0011353534420436818
735 0.0008194567768041337
736 0.0014024607332345665
737 0.0014024607332345665
738 0.0011353534420436818
739 0.0008682461508527967
740 0.0014024607332345665
741 0.0008968829210099529
742 0.0014024607332345665
743 0.0010111556244492273
744 0.0014024607332345665