9 0.0012482364844022178
13 0.00002462222998715272
16 0.0002907060543426309
20 0.0003084151046592529
33 0.0003281012370525588
34 0.0002504529382292995
38 0.000009174895847454548
39 0.000015438219457612578
40 0.000015291493079090914
41 0.00001846667249036454
42 0.0001278820616880182
43 0.000025514018159027487
44 0.0004976362107612556
45 0.0002472468029462665
46 0.0004684699409609935
47 0.00031416690134522947
48 0.00022854540687854879
49 0.0002037806488964886
51 0.0001670110942886723
52 0.000044525744481152654
55 0.0008987443805836916
56 0.00013988916725104833
57 0.0003527432244730031
61 0.00019112209487459625
63 0.000006870329625449715
64 0.00007506333130309098
84 0.000331048322034894
85 0.00020625822270013306
88 0.00040699645844193325
113 0.0005372632636429395
124 0.00016852593740820454
175 0.0027880458400718153
177 0.000362668338628183
180 0.0002952696582040436
221 0.00260473845255839
254 0.0010654088584181574
297 0.0022824680278472017
309 0.0009759887576465887
360 0.00036951756716372796
394 0.0006741037496328182
401 0.002479402062655552
406 0.0008682461508527967
411 0.0005607588032834975
442 0.0006103147235040822
445 0.0004663684400884302
476 0.0008194567768041337
490 0.00071361722629165
491 0.003453134375100827
492 0.00961204673785136
495 0.0006622413221663868
505 0.0013244826443327736
506 0.0012595512596381359
507 0.0005755223958501378
508 0.0023691869541634506
512 0.0008426296870410227
613 0.0005922967385408627
669 0.0006103147235040822
685 0.0009668275046354771
842 0.0015966031344545452
868 0.00056755015592235
951 0.0008968829210099529
1027 0.0010111556244492273
1062 0.0011196620923870878
1187 0.0010111556244492273
1223 0.0022707068840873636
1224 0.0020223112488984545
1230 0.0011353534420436818
1397 0.0011046989712264975
1398 0.0010654088584181574
1399 0.00426163543367263
1503 0.0010111556244492273
1713 0.0007983015672272726
1781 0.0034729846034111866
1842 0.0011353534420436818
1953 0.001233934795826362
2218 0.0011353534420436818
2499 0.0011353534420436818
2628 0.0011353534420436818
3189 0.001233934795826362
3350 0.0037018043874790857
3351 0.0014024607332345665
3352 0.0014024607332345665
3353 0.0022707068840873636
3354 0.0014024607332345665
3355 0.0014024607332345665
3356 0.0014024607332345665