11 0.0016389135536082674
12 0.0005055778122246136
13 0.00001231111499357636
14 0.0010360976591623566
15 0.0011675298642389001
19 0.0010982065052899028
20 0.0009252453139777587
23 0.0010111556244492273
26 0.00021900961471874297
33 0.0006562024741051176
36 0.00008671892631624905
38 0.000009174895847454548
39 0.000007719109728806289
40 0.000009174895847454548
41 0.00001231111499357636
43 0.000025514018159027487
45 0.00008241560098208883
47 0.00005236115022420491
52 0.000044525744481152654
58 0.0006458928323905189
59 0.0003749616931824251
60 0.0002756119639105608
63 0.0000045802197502998095
64 0.00007506333130309098
65 0.0002586331305440423
68 0.00123324839670901
81 0.000725336677256366
97 0.00047159727675776246
104 0.0007460318459501643
107 0.000775071104253895
123 0.0003111316863753057
160 0.00038382354820504417
165 0.000362668338628183
171 0.0002134626471120881
180 0.0002952696582040436
196 0.0003084151046592529
210 0.0005245327214076215
218 0.0010111556244492273
222 0.0006741037496328182
252 0.0007608226759490672
255 0.000362668338628183
259 0.0007283569836017483
270 0.0042817033577499
277 0.00035249009427402165
288 0.0013687094804399312
294 0.00071361722629165
347 0.0020469334788856073
357 0.0005837649321194501
411 0.00028037940164174876
430 0.00042815166801879435
452 0.0005755223958501378
533 0.002527889061123068
540 0.0006741037496328182
555 0.0005245327214076215
594 0.00071361722629165
669 0.0006103147235040822
679 0.003033466873347682
680 0.0010111556244492273
692 0.002130817716836315
715 0.0008194567768041337
746 0.0006997202134445921
980 0.0006997202134445921
1020 0.0010654088584181574
1177 0.0009668275046354771
1321 0.0007788406609122869
1411 0.0010111556244492273
1413 0.008968829210099529
1472 0.0007983015672272726
1751 0.011353534420436818
1803 0.0008682461508527967
2617 0.004935739183305448
2663 0.001233934795826362
2664 0.001233934795826362
3007 0.0010654088584181574
3357 0.008637543570784533
3358 0.0014024607332345665
3359 0.0011353534420436818
3360 0.0014024607332345665
3361 0.0014024607332345665
3362 0.0014024607332345665
3363 0.0014024607332345665
3364 0.0014024607332345665
3365 0.0014024607332345665