1 0.0017608095438596092
13 0.00000615555749678818
26 0.00043801922943748593
34 0.0002504529382292995
36 0.0006070324842137434
37 0.000725336677256366
38 0.000009174895847454548
39 0.00003859554864403145
40 0.000015291493079090914
41 0.00002462222998715272
42 0.0001918230925320273
43 0.00004252336359837915
45 0.0002472468029462665
46 0.0002007728318404258
47 0.00015708345067261473
52 0.000022262872240576327
56 0.00013988916725104833
63 0.000006870329625449715
64 0.00007506333130309098
65 0.00038794969581606347
66 0.00019245982333411082
67 0.00042373099194239035
89 0.0003916734089637078
100 0.0003370518748164091
107 0.0003875355521269475
123 0.0003111316863753057
149 0.000640123214165967
151 0.000650930839395929
158 0.0005755223958501378
159 0.0013980915686918952
160 0.0015352941928201767
165 0.000725336677256366
171 0.0006403879413362643
196 0.0012336604186370117
210 0.0031471963284457295
242 0.0010111556244492273
246 0.0007283569836017483
250 0.00041108279890300333
251 0.0004513245782556835
260 0.0006741037496328182
277 0.00035249009427402165
293 0.004044622497796909
306 0.00901402454484547
310 0.0005854475100053178
362 0.0010654088584181574
389 0.008567247270035154
393 0.00056755015592235
412 0.0011085527014911838
413 0.0014372589882279416
437 0.002072195318324713
442 0.0006103147235040822
497 0.000362668338628183
539 0.0008194567768041337
595 0.0014880966665166847
596 0.0006741037496328182
624 0.0008968829210099529
683 0.0022707068840873636
691 0.001280246428331934
693 0.0008194567768041337
703 0.0006865747669893828
724 0.0010654088584181574
768 0.0008968829210099529
772 0.0005311942760363876
788 0.0006622413221663868
845 0.0007608226759490672
850 0.0006997202134445921
876 0.00071361722629165
879 0.001301861678791858
1052 0.0008968829210099529
1100 0.0017937658420199057
1112 0.001776890215622588
1118 0.001233934795826362
1120 0.0006622413221663868
1141 0.002394904701681818
1317 0.003033466873347682
1416 0.0009668275046354771
1479 0.005576091680143631
1705 0.00681212065226209
1803 0.0008682461508527967
1882 0.0010654088584181574
2318 0.003196226575254472
2537 0.016178489991187636
2585 0.0010654088584181574
2746 0.0009293486133572717
2747 0.001233934795826362
3135 0.0010654088584181574
3366 0.005609842932938266
3367 0.0014024607332345665
3368 0.0084147643994074
3369 0.0042073821997037
3370 0.0042073821997037
3371 0.0210369109985185
3372 0.0042073821997037
3373 0.0042073821997037
3374 0.0042073821997037
3375 0.0042073821997037
3376 0.011219685865876532
3377 0.002804921466469133
3378 0.0014024607332345665
3379 0.0014024607332345665
3380 0.0014024607332345665
3381 0.0014024607332345665
3382 0.0014024607332345665
3383 0.001233934795826362
3384 0.002804921466469133
3385 0.0014024607332345665
3386 0.002467869591652724
3387 0.0014024607332345665
3388 0.0014024607332345665