0 0.0002483956351889087
1 0.0005869365146198698
2 0.00011794730538676969
3 0.00042377080113265817
4 0.00036951756716372796
5 0.00013988916725104833
6 0.0001467383957865933
7 0.0001345454019413534
8 0.000230498281105941
9 0.0004160788281340726
13 0.00001846667249036454
34 0.00016696862548619968
36 0.00008671892631624905
37 0.000725336677256366
38 0.000012233194463272731
39 0.000007719109728806289
40 0.0000061165972316363655
41 0.00001846667249036454
42 0.0000639410308440091
43 0.000017009345439351656
51 0.0001670110942886723
52 0.000022262872240576327
59 0.00018748084659121254
63 0.000006870329625449715
64 0.00015012666260618196
65 0.0007758993916321269
66 0.00038491964666822163
68 0.0008221655978060067
85 0.00020625822270013306
102 0.00042377080113265817
105 0.00047159727675776246
113 0.00026863163182146973
114 0.00037301592297508214
118 0.0005559679953851209
130 0.00038382354820504417
144 0.0009124729869599541
158 0.0011510447917002756
196 0.0006168302093185058
255 0.000725336677256366
261 0.0005180488295811783
304 0.0004937153847581824
340 0.0009668275046354771
396 0.001776890215622588
411 0.0005607588032834975
445 0.0023318422004421514
486 0.0013994404268891842
647 0.0010654088584181574
691 0.001280246428331934
726 0.0008426296870410227
876 0.00214085167887495
879 0.000650930839395929
902 0.000650930839395929
1001 0.000640123214165967
1029 0.0005117333697214018
1062 0.0005598310461935439
1095 0.0007788406609122869
1210 0.009588679725763416
1226 0.001233934795826362
1417 0.0008194567768041337
1479 0.0009293486133572717
1511 0.0008968829210099529
2064 0.0019336550092709543
2085 0.0007788406609122869
2992 0.002467869591652724
3386 0.002467869591652724
3389 0.0014024607332345665
3390 0.0014024607332345665
3391 0.0014024607332345665
3392 0.0014024607332345665
3393 0.0014024607332345665
3394 0.0014024607332345665
3395 0.0014024607332345665
3396 0.0014024607332345665
3397 0.0014024607332345665
3398 0.0014024607332345665