13 0.00000615555749678818
23 0.0010111556244492273
26 0.00021900961471874297
28 0.001730451689014829
36 0.00008671892631624905
38 0.0000061165972316363655
39 0.000007719109728806289
40 0.000009174895847454548
41 0.000030777787483940904
43 0.000008504672719675828
49 0.0000679268829654962
52 0.000022262872240576327
58 0.0006458928323905189
59 0.0003749616931824251
60 0.0002756119639105608
63 0.0000045802197502998095
65 0.00012931656527202115
85 0.00020625822270013306
97 0.00047159727675776246
113 0.00026863163182146973
116 0.0011353534420436818
118 0.0008339519930776814
144 0.0009124729869599541
160 0.00038382354820504417
185 0.0007788406609122869
186 0.0010360976591623566
264 0.0004995742594430985
275 0.0006622413221663868
277 0.00017624504713701082
307 0.00047159727675776246
323 0.0010111556244492273
365 0.0016389135536082674
368 0.0005837649321194501
446 0.0011353534420436818
475 0.001889326889457204
533 0.0008426296870410227
637 0.0010654088584181574
641 0.0006865747669893828
708 0.0007440483332583423
764 0.0009668275046354771
908 0.0008194567768041337
1176 0.0008968829210099529
1177 0.0009668275046354771
1179 0.002467869591652724
1476 0.0011353534420436818
1925 0.0011353534420436818
2043 0.001233934795826362
2273 0.0011353534420436818
3399 0.007012303666172833
3400 0.0014024607332345665
3401 0.002467869591652724
3402 0.0014024607332345665
3403 0.005609842932938266
3404 0.005609842932938266
3405 0.0014024607332345665
3406 0.0014024607332345665
3407 0.0014024607332345665
3408 0.0014024607332345665
3409 0.0014024607332345665