0 0.00012419781759445434
1 0.00009782275243664496
2 0.00011794730538676969
3 0.00042377080113265817
4 0.00036951756716372796
5 0.00013988916725104833
6 0.0001467383957865933
7 0.0001345454019413534
8 0.000230498281105941
9 0.0012482364844022178
13 0.00004308890247751726
20 0.0018504906279555174
21 0.003560067839994171
22 0.001339529805302295
26 0.00021900961471874297
27 0.003719103093983328
30 0.00039130510878533924
34 0.00016696862548619968
36 0.0002601567789487472
38 0.000015291493079090914
39 0.000015438219457612578
40 0.000015291493079090914
41 0.000030777787483940904
42 0.0001278820616880182
43 0.00004252336359837915
44 0.0004976362107612556
45 0.00016483120196417766
46 0.00033462138640070967
47 0.00036652805156943435
48 0.00022854540687854879
49 0.0000679268829654962
51 0.0001670110942886723
52 0.000044525744481152654
55 0.0002246860951459229
56 0.00013988916725104833
57 0.0003527432244730031
58 0.0006458928323905189
59 0.0013123659261384877
60 0.0002756119639105608
61 0.00019112209487459625
63 0.0000045802197502998095
64 0.00007506333130309098
65 0.0002586331305440423
67 0.0001412436639807968
68 0.0008221655978060067
79 0.0007608226759490672
81 0.001450673354512732
85 0.0006187746681003992
105 0.00047159727675776246
110 0.0006741037496328182
118 0.0008339519930776814
122 0.00035600678399941706
124 0.0003370518748164091
130 0.00038382354820504417
135 0.0007440483332583423
144 0.0013687094804399312
152 0.0015576813218245737
157 0.002690648763029859
167 0.0007440483332583423
171 0.0002134626471120881
226 0.0009538820841349148
277 0.00017624504713701082
288 0.0009124729869599541
307 0.00047159727675776246
347 0.0005117333697214018
402 0.0006741037496328182
411 0.0005607588032834975
416 0.0020991606403337765
491 0.0011510447917002756
497 0.0010880050158845493
505 0.0013244826443327736
506 0.0012595512596381359
507 0.0011510447917002756
508 0.0011845934770817253
510 0.0007983015672272726
512 0.0008426296870410227
532 0.002690648763029859
534 0.0008682461508527967
542 0.004789809403363636
593 0.00260473845255839
671 0.0011196620923870878
709 0.00314887814909534
754 0.0010111556244492273
826 0.0006865747669893828
852 0.0006997202134445921
859 0.0019336550092709543
933 0.0010111556244492273
1060 0.0005837649321194501
1203 0.001233934795826362
1224 0.0010111556244492273
1397 0.0011046989712264975
1436 0.0008194567768041337
1468 0.0009293486133572717
1611 0.001233934795826362
1725 0.003406060326131045
1734 0.002467869591652724
2014 0.0032778271072165348
2365 0.0010654088584181574
2388 0.0010654088584181574
2634 0.0011353534420436818
2831 0.001233934795826362
3171 0.001233934795826362
3172 0.001233934795826362
3410 0.002804921466469133
3411 0.0014024607332345665
3412 0.0014024607332345665
3413 0.0014024607332345665
3414 0.0014024607332345665
3415 0.0014024607332345665
3416 0.0014024607332345665
3417 0.0014024607332345665