0 0.00012419781759445434
1 0.00019564550487328992
2 0.00011794730538676969
5 0.00013988916725104833
6 0.0001467383957865933
7 0.0001345454019413534
13 0.00001231111499357636
16 0.00014535302717131544
36 0.00043359463158124535
38 0.000012233194463272731
40 0.0000061165972316363655
41 0.00001231111499357636
42 0.0001278820616880182
43 0.000017009345439351656
51 0.0003340221885773446
52 0.000022262872240576327
56 0.00013988916725104833
58 0.0008611904431873585
59 0.0007499233863648502
63 0.000009160439500599619
64 0.00007506333130309098
65 0.00038794969581606347
66 0.00038491964666822163
67 0.0001412436639807968
84 0.000331048322034894
89 0.0005875101134455617
100 0.0006741037496328182
102 0.002966395607928607
104 0.0007460318459501643
130 0.00038382354820504417
138 0.0006103147235040822
143 0.0023350597284778002
146 0.000902649156511367
159 0.0006990457843459476
160 0.00038382354820504417
193 0.000619850515663888
214 0.0005180488295811783
245 0.0003765653514752408
246 0.0007283569836017483
250 0.00041108279890300333
267 0.0005180488295811783
277 0.00017624504713701082
286 0.0009538820841349148
288 0.0018249459739199082
310 0.0002927237550026589
347 0.0010234667394428036
390 0.0010654088584181574
396 0.0029614836927043136
411 0.00028037940164174876
437 0.0005180488295811783
445 0.0004663684400884302
496 0.0032282610274315953
549 0.0007283569836017483
689 0.0038041133797453363
721 0.0008194567768041337
748 0.0011353534420436818
772 0.0005311942760363876
850 0.0006997202134445921
1095 0.0007788406609122869
1101 0.003370518748164091
1173 0.008682461508527967
1184 0.004541413768174727
1330 0.0006865747669893828
1468 0.0009293486133572717
1488 0.023444761120700878
1596 0.0034729846034111866
1634 0.0037018043874790857
1839 0.004044622497796909
1874 0.0011353534420436818
2230 0.0011353534420436818
3420 0.0037018043874790857
3421 0.0084147643994074
3422 0.0014024607332345665
3423 0.0014024607332345665
3424 0.0014024607332345665
3425 0.0014024607332345665