0 0.00012419781759445434
1 0.00009782275243664496
2 0.00011794730538676969
5 0.00013988916725104833
6 0.0001467383957865933
7 0.0001345454019413534
8 0.000230498281105941
13 0.00006155557496788181
20 0.0003084151046592529
26 0.0008760384588749719
33 0.0003281012370525588
34 0.00008348431274309984
36 0.0005203135578974944
38 0.0000061165972316363655
39 0.000015438219457612578
40 0.000015291493079090914
41 0.000030777787483940904
42 0.0001918230925320273
43 0.000051028036318054975
45 0.0003296624039283553
48 0.00022854540687854879
49 0.0000679268829654962
52 0.000022262872240576327
55 0.0004493721902918458
63 0.000009160439500599619
64 0.00007506333130309098
65 0.00012931656527202115
81 0.000362668338628183
84 0.000662096644069788
89 0.0001958367044818539
115 0.0009327368801768604
122 0.0017800339199970856
123 0.0003111316863753057
124 0.0003370518748164091
125 0.00048799437882329435
131 0.0008682461508527967
139 0.0005311942760363876
150 0.000775071104253895
151 0.000650930839395929
158 0.0011510447917002756
160 0.00038382354820504417
165 0.000725336677256366
171 0.0004269252942241762
173 0.0008968829210099529
226 0.0014308231262023722
250 0.00041108279890300333
251 0.0013539737347670504
255 0.000725336677256366
263 0.0005755223958501378
277 0.0012337153299590757
292 0.000640123214165967
304 0.0004937153847581824
316 0.0009668275046354771
338 0.0010111556244492273
367 0.0006011388596619117
374 0.002458370330412401
376 0.000650930839395929
377 0.00071361722629165
402 0.0020223112488984545
430 0.00042815166801879435
437 0.0005180488295811783
459 0.0010654088584181574
467 0.002690648763029859
468 0.0019519775152931774
486 0.0006997202134445921
491 0.0005755223958501378
507 0.0005755223958501378
508 0.0005922967385408627
514 0.0007608226759490672
537 0.0007283569836017483
557 0.0007788406609122869
563 0.0010111556244492273
576 0.000619850515663888
594 0.00071361722629165
595 0.0007440483332583423
622 0.0022393241847741756
649 0.0007440483332583423
730 0.0010111556244492273
765 0.0029134279344069933
786 0.027638253734945547
794 0.0009668275046354771
795 0.003406060326131045
895 0.0008426296870410227
904 0.0011353534420436818
940 0.003033466873347682
988 0.0023365219827368605
1060 0.0005837649321194501
1107 0.008089244995593818
1247 0.0009293486133572717
1310 0.011258102476828576
1397 0.0005523494856132488
1544 0.003406060326131045
1654 0.002690648763029859
1674 0.0008968829210099529
1753 0.0007608226759490672
1803 0.0008682461508527967
1920 0.0010111556244492273
2054 0.0009293486133572717
2260 0.0011353534420436818
2600 0.0010654088584181574
2655 0.0010654088584181574
2955 0.034550174283138134
3127 0.0010654088584181574
3426 0.0084147643994074
3427 0.001233934795826362
3428 0.0014024607332345665
3429 0.002804921466469133
3430 0.0014024607332345665
3431 0.001233934795826362
3432 0.0014024607332345665
3433 0.0014024607332345665
3434 0.0014024607332345665
3435 0.011219685865876532
3436 0.011353534420436818
3437 0.0014024607332345665
3438 0.0014024607332345665
3439 0.0014024607332345665