0 0.00012419781759445434
1 0.00019564550487328992
2 0.00011794730538676969
3 0.00042377080113265817
4 0.00036951756716372796
5 0.00013988916725104833
6 0.0001467383957865933
7 0.0001345454019413534
8 0.000230498281105941
9 0.0010401970703351816
13 0.00001231111499357636
16 0.00014535302717131544
19 0.0007321376701932685
20 0.0006168302093185058
21 0.0007120135679988341
30 0.0011739153263560177
34 0.00016696862548619968
36 0.0001734378526324981
37 0.001450673354512732
38 0.000009174895847454548
39 0.000015438219457612578
40 0.000015291493079090914
41 0.00003693334498072908
42 0.0001918230925320273
43 0.00006803738175740662
44 0.0004976362107612556
45 0.0003296624039283553
46 0.00033462138640070967
47 0.00031416690134522947
48 0.00022854540687854879
49 0.0002717075318619848
51 0.0001670110942886723
55 0.0004493721902918458
56 0.00013988916725104833
57 0.0003527432244730031
61 0.00019112209487459625
63 0.0000045802197502998095
64 0.00007506333130309098
65 0.00012931656527202115
66 0.00038491964666822163
67 0.0001412436639807968
72 0.0012978387667611218
75 0.004789809403363636
76 0.0014147918302732875
77 0.0017937658420199057
82 0.0010385029224423594
83 0.0028544689051666
85 0.0004125164454002661
88 0.00040699645844193325
110 0.0006741037496328182
113 0.0005372632636429395
122 0.0007120135679988341
123 0.0003111316863753057
124 0.00016852593740820454
141 0.0011353534420436818
146 0.0004513245782556835
245 0.0007531307029504816
310 0.0008781712650079768
360 0.0007390351343274559
367 0.0006011388596619117
437 0.0005180488295811783
484 0.0013994404268891842
490 0.0014272344525833
491 0.0005755223958501378
497 0.0010880050158845493
505 0.0013244826443327736
506 0.00314887814909534
507 0.0005755223958501378
508 0.0005922967385408627
510 0.0007983015672272726
520 0.0006864148646263945
613 0.0005922967385408627
654 0.0009293486133572717
670 0.0006865747669893828
709 0.001889326889457204
716 0.0005523494856132488
868 0.00056755015592235
879 0.000650930839395929
1029 0.0005117333697214018
1036 0.0007608226759490672
1037 0.0005755223958501378
1062 0.0005598310461935439
1111 0.0009668275046354771
1120 0.0006622413221663868
1271 0.0008426296870410227
1276 0.0006622413221663868
1396 0.0022824680278472017
1397 0.0005523494856132488
1448 0.0018586972267145435
1591 0.0009668275046354771
1653 0.0017364923017055933
1654 0.002690648763029859
1886 0.0010111556244492273
1929 0.002467869591652724
1971 0.0010654088584181574
2001 0.001233934795826362
2014 0.0032778271072165348
2634 0.0011353534420436818
2931 0.006392453150508944
3440 0.0014024607332345665
3441 0.0014024607332345665
3442 0.0014024607332345665
3443 0.0014024607332345665
3444 0.0014024607332345665
3445 0.005609842932938266
3446 0.0014024607332345665
3447 0.0014024607332345665
3448 0.0014024607332345665
3449 0.0014024607332345665