9 0.0006241182422011089
13 0.00005540001747109362
16 0.00014535302717131544
26 0.00021900961471874297
30 0.001565220435141357
33 0.0003281012370525588
34 0.00016696862548619968
36 0.0001734378526324981
37 0.0010880050158845493
38 0.0000061165972316363655
39 0.00002315732918641887
40 0.00003058298615818183
41 0.00001231111499357636
43 0.00003401869087870331
44 0.0002488181053806278
45 0.00008241560098208883
46 0.0002007728318404258
47 0.00015708345067261473
51 0.0003340221885773446
52 0.000022262872240576327
56 0.00013988916725104833
61 0.00019112209487459625
63 0.0000045802197502998095
65 0.00012931656527202115
66 0.0007698392933364433
67 0.0002824873279615936
82 0.00025962573061058986
84 0.000331048322034894
88 0.00040699645844193325
90 0.0006622413221663868
103 0.0008682461508527967
104 0.00037301592297508214
107 0.0003875355521269475
114 0.00037301592297508214
124 0.00016852593740820454
125 0.00048799437882329435
127 0.0008426296870410227
134 0.001301861678791858
151 0.000650930839395929
158 0.0005755223958501378
171 0.0002134626471120881
177 0.000725336677256366
180 0.0002952696582040436
196 0.0003084151046592529
255 0.000362668338628183
267 0.0010360976591623566
277 0.00035249009427402165
279 0.000446509935100765
282 0.0005922967385408627
309 0.0009759887576465887
341 0.003033466873347682
368 0.0005837649321194501
410 0.0010111556244492273
413 0.0003593147470569854
445 0.0009327368801768604
496 0.0005380435045719325
555 0.0005245327214076215
573 0.0011351003118447
678 0.002130817716836315
790 0.0009668275046354771
845 0.0007608226759490672
864 0.0017937658420199057
960 0.0010111556244492273
1029 0.0005117333697214018
1088 0.0009293486133572717
1112 0.0005922967385408627
1214 0.0007788406609122869
1494 0.0010111556244492273
1562 0.011105413162437256
1981 0.0010654088584181574
2090 0.003406060326131045
2155 0.002130817716836315
2199 0.0008426296870410227
2414 0.0010111556244492273
2456 0.004541413768174727
2459 0.001233934795826362
2631 0.0008968829210099529
2760 0.0010654088584181574
2785 0.002130817716836315
2799 0.008637543570784533
2911 0.003406060326131045
2932 0.0011353534420436818
3278 0.001233934795826362
3450 0.007403608774958171
3451 0.0014024607332345665
3452 0.007012303666172833
3453 0.0042073821997037
3454 0.002804921466469133
3455 0.0042073821997037
3456 0.0014024607332345665
3457 0.028049214664691333
3458 0.0014024607332345665