1 0.00009782275243664496
13 0.00000615555749678818
16 0.00014535302717131544
34 0.00016696862548619968
38 0.000009174895847454548
39 0.00002315732918641887
40 0.000009174895847454548
41 0.000030777787483940904
42 0.0000639410308440091
43 0.00003401869087870331
45 0.0002472468029462665
46 0.0004015456636808516
47 0.0002618057511210246
49 0.0002037806488964886
52 0.000044525744481152654
58 0.0008611904431873585
59 0.0005624425397736376
60 0.0002756119639105608
63 0.0000045802197502998095
64 0.00007506333130309098
65 0.00012931656527202115
66 0.0005773794700023325
72 0.00043261292225370724
84 0.000993144966104682
89 0.0003916734089637078
102 0.00042377080113265817
105 0.0009431945535155249
124 0.00016852593740820454
150 0.0003875355521269475
171 0.0006403879413362643
176 0.0005837649321194501
177 0.000362668338628183
192 0.000650930839395929
219 0.01718964561563686
226 0.0004769410420674574
277 0.001057470282822065
288 0.0009124729869599541
412 0.0007390351343274559
413 0.0007186294941139708
430 0.00042815166801879435
452 0.0011510447917002756
496 0.0016141305137157976
613 0.0005922967385408627
665 0.0017364923017055933
672 0.0008426296870410227
685 0.0009668275046354771
722 0.011122711868941499
772 0.0005311942760363876
881 0.0010111556244492273
928 0.0008426296870410227
1069 0.0010654088584181574
1182 0.0008682461508527967
1713 0.005588110970590908
2101 0.001233934795826362
2115 0.0017364923017055933
2319 0.0008426296870410227
2568 0.001233934795826362
3186 0.003406060326131045
3459 0.01233934795826362
3460 0.002804921466469133
3461 0.005609842932938266
3462 0.0014024607332345665