0 0.00012419781759445434
1 0.00009782275243664496
2 0.00011794730538676969
7 0.0001345454019413534
9 0.0006241182422011089
12 0.001516733436673841
13 0.00001231111499357636
14 0.0005180488295811783
22 0.00089301987020153
26 0.00021900961471874297
36 0.0001734378526324981
37 0.000362668338628183
38 0.0000061165972316363655
39 0.00002315732918641887
40 0.000015291493079090914
41 0.00001846667249036454
43 0.0000595327090377308
44 0.0004976362107612556
45 0.0002472468029462665
46 0.0006023184955212773
47 0.00047125035201784417
49 0.0001358537659309924
52 0.000022262872240576327
55 0.0002246860951459229
56 0.00013988916725104833
57 0.0003527432244730031
59 0.0007499233863648502
61 0.00019112209487459625
63 0.000006870329625449715
64 0.00007506333130309098
66 0.00038491964666822163
67 0.0001412436639807968
71 0.0004152389947112455
84 0.000331048322034894
95 0.0008682461508527967
104 0.003357143306775739
107 0.0003875355521269475
122 0.00035600678399941706
124 0.00016852593740820454
125 0.002439971894116472
151 0.000650930839395929
180 0.0002952696582040436
192 0.000650930839395929
196 0.0006168302093185058
197 0.00056755015592235
214 0.0010360976591623566
222 0.0006741037496328182
225 0.0006865747669893828
245 0.0003765653514752408
251 0.001805298313022734
270 0.00356808613145825
271 0.0018309441705122468
274 0.0061031472350408225
277 0.00035249009427402165
282 0.004146077169786039
286 0.0009538820841349148
288 0.005474837921759725
291 0.0015216453518981344
292 0.000640123214165967
309 0.0009759887576465887
310 0.0002927237550026589
320 0.003358986277161263
327 0.0014567139672034967
353 0.0014272344525833
430 0.00042815166801879435
441 0.0005837649321194501
467 0.0008968829210099529
538 0.0005117333697214018
573 0.00056755015592235
654 0.011152183360287261
698 0.0017364923017055933
709 0.0012595512596381359
719 0.0020223112488984545
746 0.0006997202134445921
772 0.0005311942760363876
782 0.000650930839395929
794 0.0009668275046354771
905 0.0019336550092709543
908 0.0032778271072165348
975 0.0010654088584181574
1001 0.000640123214165967
1078 0.0009293486133572717
1107 0.0020223112488984545
1112 0.0023691869541634506
1120 0.0019867239664991604
1162 0.000619850515663888
1280 0.0020223112488984545
1499 0.0007983015672272726
1653 0.01649667686620314
1655 0.0011353534420436818
1942 0.002467869591652724
2148 0.0011353534420436818
2354 0.001233934795826362
2541 0.0037018043874790857
2693 0.0010654088584181574
2811 0.0011353534420436818
2821 0.00426163543367263
3004 0.009082827536349454
3054 0.00616967397913181
3465 0.001233934795826362
3469 0.009082827536349454
3470 0.001233934795826362
3471 0.0014024607332345665
3472 0.005609842932938266
3473 0.0014024607332345665
3474 0.0014024607332345665