0 0.00012419781759445434
1 0.00009782275243664496
2 0.00011794730538676969
5 0.00013988916725104833
6 0.0001467383957865933
7 0.0001345454019413534
13 0.00001231111499357636
30 0.00039130510878533924
34 0.0002504529382292995
38 0.0000030582986158181828
39 0.000015438219457612578
40 0.000012233194463272731
41 0.00001846667249036454
42 0.0000639410308440091
43 0.00003401869087870331
47 0.00010472230044840982
49 0.0001358537659309924
51 0.0003340221885773446
52 0.000022262872240576327
55 0.0002246860951459229
59 0.0003749616931824251
63 0.0000022901098751499047
64 0.00007506333130309098
65 0.00012931656527202115
67 0.0001412436639807968
82 0.0007788771918317696
85 0.00020625822270013306
87 0.0003951340309755019
89 0.0003916734089637078
97 0.0009431945535155249
102 0.00042377080113265817
130 0.00038382354820504417
177 0.000362668338628183
264 0.0004995742594430985
268 0.0008968829210099529
308 0.0007283569836017483
411 0.00028037940164174876
468 0.0009759887576465887
1070 0.0015576813218245737
1086 0.0008968829210099529
1263 0.0008682461508527967
1803 0.0008682461508527967
2525 0.001233934795826362
2931 0.0010654088584181574
3350 0.002467869591652724
3475 0.0014024607332345665
3476 0.0014024607332345665
3477 0.0042073821997037
3478 0.0014024607332345665