0 0.00012419781759445434
1 0.00009782275243664496
2 0.00011794730538676969
3 0.00042377080113265817
4 0.00036951756716372796
5 0.00013988916725104833
6 0.0001467383957865933
7 0.0001345454019413534
8 0.000230498281105941
9 0.0010401970703351816
13 0.00001846667249036454
16 0.00014535302717131544
26 0.00021900961471874297
34 0.00016696862548619968
36 0.0001734378526324981
37 0.000362668338628183
38 0.000012233194463272731
39 0.000015438219457612578
40 0.000015291493079090914
41 0.000030777787483940904
42 0.0001918230925320273
43 0.00006803738175740662
44 0.0004976362107612556
45 0.0002472468029462665
46 0.00026769710912056773
47 0.0002618057511210246
48 0.00022854540687854879
49 0.0000679268829654962
51 0.0001670110942886723
52 0.000022262872240576327
61 0.00019112209487459625
63 0.0000045802197502998095
64 0.00007506333130309098
65 0.00012931656527202115
66 0.00019245982333411082
67 0.0001412436639807968
85 0.0004125164454002661
100 0.0003370518748164091
110 0.0006741037496328182
124 0.00016852593740820454
146 0.0004513245782556835
150 0.000775071104253895
245 0.0003765653514752408
255 0.000362668338628183
307 0.00047159727675776246
491 0.002302089583400551
505 0.0013244826443327736
506 0.0012595512596381359
507 0.0005755223958501378
508 0.0011845934770817253
510 0.0007983015672272726
512 0.0008426296870410227
590 0.0006622413221663868
682 0.0006865747669893828
709 0.001889326889457204
1029 0.0010234667394428036
1276 0.0006622413221663868
1396 0.0015216453518981344
1835 0.0022707068840873636
2014 0.0008194567768041337
3128 0.00616967397913181
3479 0.0042073821997037
3480 0.0011353534420436818