1 0.00039129100974657984
9 0.0008321576562681452
13 0.00002462222998715272
16 0.0005814121086852618
19 0.0007321376701932685
20 0.0012336604186370117
21 0.0007120135679988341
22 0.000446509935100765
34 0.00008348431274309984
36 0.00008671892631624905
38 0.0000061165972316363655
39 0.000015438219457612578
40 0.000012233194463272731
41 0.00001846667249036454
42 0.0000639410308440091
43 0.00003401869087870331
44 0.0004976362107612556
45 0.00016483120196417766
46 0.00033462138640070967
47 0.0002618057511210246
49 0.0001358537659309924
52 0.000022262872240576327
56 0.00013988916725104833
61 0.00019112209487459625
63 0.000006870329625449715
64 0.00007506333130309098
67 0.0001412436639807968
72 0.0008652258445074145
76 0.0009431945535155249
82 0.0010385029224423594
84 0.000331048322034894
87 0.0003951340309755019
89 0.0001958367044818539
114 0.00037301592297508214
115 0.0018654737603537208
123 0.0003111316863753057
124 0.00016852593740820454
129 0.0009668275046354771
130 0.00038382354820504417
144 0.0013687094804399312
159 0.0006990457843459476
167 0.0007440483332583423
210 0.001049065442815243
217 0.0007608226759490672
230 0.00071361722629165
245 0.0003765653514752408
267 0.0005180488295811783
308 0.0007283569836017483
346 0.001233934795826362
360 0.00036951756716372796
396 0.0005922967385408627
411 0.0005607588032834975
422 0.0019336550092709543
427 0.0008968829210099529
438 0.005410249736957205
479 0.0014272344525833
534 0.0008682461508527967
538 0.0010234667394428036
539 0.0008194567768041337
548 0.001233934795826362
552 0.0006297756298190679
622 0.0005598310461935439
675 0.001233934795826362
698 0.0008682461508527967
703 0.0006865747669893828
750 0.0009668275046354771
771 0.0016389135536082674
868 0.00056755015592235
875 0.0007788406609122869
879 0.0032546541969796458
1050 0.0010654088584181574
1062 0.0022393241847741756
1070 0.0007788406609122869
1120 0.0006622413221663868
1139 0.001233934795826362
1147 0.001233934795826362
1247 0.0009293486133572717
1249 0.0011353534420436818
1310 0.0006622413221663868
1330 0.0006865747669893828
1378 0.0011353534420436818
1650 0.0007608226759490672
1702 0.002130817716836315
1796 0.0009293486133572717
1830 0.0016852593740820454
1862 0.001233934795826362
2287 0.0011353534420436818
2318 0.002130817716836315
2409 0.001233934795826362
2723 0.001233934795826362
3080 0.001233934795826362
3487 0.0014024607332345665
3488 0.0014024607332345665
3489 0.002804921466469133
3490 0.002804921466469133
3491 0.0014024607332345665
3492 0.0014024607332345665
3493 0.005609842932938266
3494 0.0014024607332345665
3495 0.0014024607332345665
3496 0.0014024607332345665
3497 0.0014024607332345665
3498 0.002804921466469133
3499 0.001233934795826362
3500 0.0014024607332345665
3501 0.0014024607332345665
3502 0.0014024607332345665
3503 0.0014024607332345665
3504 0.0014024607332345665
3505 0.0014024607332345665