13 0.00003693334498072908
16 0.0002907060543426309
26 0.00021900961471874297
34 0.00033393725097239935
36 0.0002601567789487472
37 0.000725336677256366
38 0.000009174895847454548
39 0.000007719109728806289
40 0.000012233194463272731
41 0.00002462222998715272
42 0.0001918230925320273
43 0.00003401869087870331
45 0.0003296624039283553
49 0.0001358537659309924
52 0.000022262872240576327
56 0.00013988916725104833
63 0.000009160439500599619
64 0.00007506333130309098
65 0.00012931656527202115
66 0.00019245982333411082
67 0.0001412436639807968
85 0.00020625822270013306
89 0.0001958367044818539
100 0.0006741037496328182
115 0.0004663684400884302
138 0.0012206294470081644
159 0.003145706029556764
165 0.000362668338628183
171 0.0004269252942241762
180 0.0005905393164080872
230 0.0014272344525833
250 0.0008221655978060067
255 0.000725336677256366
310 0.0017563425300159536
347 0.002558666848607009
402 0.0020223112488984545
416 0.004198321280667553
441 0.0005837649321194501
443 0.001233934795826362
572 0.00071361722629165
622 0.0011196620923870878
663 0.0029004825139064315
716 0.0005523494856132488
751 0.010652938098453737
820 0.002394904701681818
821 0.0027880458400718153
896 0.0020223112488984545
1085 0.0007440483332583423
1101 0.002527889061123068
1326 0.0009668275046354771
1327 0.0009668275046354771
1328 0.007440483332583424
1654 0.002690648763029859
2054 0.0009293486133572717
3507 0.0010654088584181574
3508 0.0014024607332345665