0 0.00012419781759445434
1 0.00009782275243664496
2 0.00011794730538676969
7 0.0001345454019413534
13 0.00002462222998715272
30 0.00039130510878533924
38 0.000009174895847454548
39 0.00002315732918641887
40 0.000012233194463272731
41 0.000030777787483940904
42 0.0000639410308440091
43 0.000025514018159027487
45 0.00008241560098208883
46 0.0006692427728014193
47 0.00031416690134522947
48 0.00022854540687854879
49 0.0001358537659309924
52 0.000022262872240576327
59 0.0005624425397736376
61 0.00019112209487459625
63 0.0000045802197502998095
64 0.00007506333130309098
65 0.00012931656527202115
66 0.00019245982333411082
71 0.0004152389947112455
84 0.000331048322034894
85 0.00020625822270013306
89 0.0003916734089637078
100 0.0003370518748164091
113 0.00026863163182146973
122 0.00035600678399941706
123 0.0003111316863753057
124 0.00016852593740820454
160 0.00038382354820504417
165 0.000725336677256366
196 0.0006168302093185058
206 0.0008682461508527967
277 0.0005287351414110325
297 0.0007608226759490672
308 0.0007283569836017483
321 0.0007440483332583423
393 0.0011351003118447
402 0.0020223112488984545
412 0.00036951756716372796
413 0.0003593147470569854
441 0.0005837649321194501
549 0.0007283569836017483
596 0.0006741037496328182
641 0.004119448601936297
698 0.0008682461508527967
761 0.002467869591652724
762 0.0011353534420436818
763 0.0011353534420436818
764 0.0009668275046354771
765 0.002185070950805245
766 0.0010111556244492273
767 0.002690648763029859
768 0.002690648763029859
769 0.0016389135536082674
770 0.0008968829210099529
771 0.0008194567768041337
772 0.0005311942760363876