0 0.00012419781759445434
1 0.00009782275243664496
2 0.00011794730538676969
5 0.00013988916725104833
6 0.0001467383957865933
7 0.0001345454019413534
8 0.000230498281105941
13 0.00001231111499357636
26 0.00021900961471874297
34 0.00008348431274309984
36 0.00043359463158124535
37 0.000725336677256366
38 0.000009174895847454548
39 0.00002315732918641887
40 0.000012233194463272731
41 0.00003693334498072908
42 0.0001278820616880182
43 0.00004252336359837915
45 0.0002472468029462665
46 0.0004015456636808516
47 0.0004188892017936393
48 0.00022854540687854879
49 0.0001358537659309924
51 0.0001670110942886723
52 0.000044525744481152654
55 0.0006740582854377687
56 0.00013988916725104833
57 0.0003527432244730031
58 0.0008611904431873585
59 0.0005624425397736376
60 0.0002756119639105608
63 0.0000045802197502998095
64 0.00007506333130309098
65 0.00038794969581606347
66 0.0005773794700023325
67 0.0007062183199039839
81 0.0010880050158845493
82 0.00025962573061058986
85 0.0004125164454002661
87 0.0003951340309755019
89 0.0001958367044818539
97 0.00047159727675776246
110 0.0006741037496328182
118 0.0005559679953851209
123 0.0003111316863753057
124 0.00016852593740820454
125 0.00048799437882329435
143 0.009340238913911201
146 0.0013539737347670504
150 0.0003875355521269475
159 0.0003495228921729738
160 0.00038382354820504417
177 0.000362668338628183
180 0.0002952696582040436
186 0.0005180488295811783
196 0.0009252453139777587
210 0.001049065442815243
245 0.0007531307029504816
255 0.000362668338628183
277 0.00017624504713701082
297 0.0022824680278472017
360 0.00036951756716372796
377 0.00071361722629165
379 0.003370518748164091
381 0.01233934795826362
400 0.001233934795826362
413 0.0003593147470569854
427 0.0008968829210099529
445 0.0009327368801768604
468 0.00048799437882329435
482 0.0017937658420199057
491 0.004028656770950965
492 0.006865747669893829
507 0.0005755223958501378
508 0.0011845934770817253
590 0.0006622413221663868
591 0.0007283569836017483
625 0.003196226575254472
629 0.003406060326131045
666 0.0006011388596619117
671 0.0005598310461935439
734 0.0011353534420436818
858 0.000650930839395929
859 0.0009668275046354771
863 0.0020223112488984545
873 0.0007983015672272726
902 0.001301861678791858
1067 0.0010654088584181574
1156 0.0010111556244492273
1214 0.0007788406609122869
1397 0.008285242284198732
1529 0.0022707068840873636
1616 0.001233934795826362
1650 0.0007608226759490672
1739 0.0011353534420436818
2319 0.0008426296870410227
2366 0.001233934795826362
2631 0.002690648763029859
3509 0.0014024607332345665