0 0.00012419781759445434
1 0.00019564550487328992
2 0.00011794730538676969
5 0.00013988916725104833
6 0.0001467383957865933
7 0.0001345454019413534
8 0.000230498281105941
9 0.0008321576562681452
13 0.00001231111499357636
16 0.0002907060543426309
18 0.0027462990679575313
19 0.00036606883509663425
22 0.00089301987020153
30 0.0007826102175706785
34 0.00008348431274309984
36 0.0002601567789487472
37 0.000362668338628183
38 0.000012233194463272731
39 0.000015438219457612578
40 0.000018349791694909097
41 0.000030777787483940904
43 0.00004252336359837915
44 0.0004976362107612556
46 0.0004015456636808516
47 0.00031416690134522947
49 0.0001358537659309924
52 0.000022262872240576327
55 0.0006740582854377687
56 0.00013988916725104833
61 0.00019112209487459625
63 0.00001374065925089943
64 0.00007506333130309098
66 0.0005773794700023325
67 0.0001412436639807968
68 0.0008221655978060067
72 0.006489193833805609
76 0.0023579863837888126
79 0.0007608226759490672
80 0.0008968829210099529
82 0.00025962573061058986
83 0.0014272344525833
87 0.0003951340309755019
89 0.0003916734089637078
104 0.00037301592297508214
113 0.00026863163182146973
114 0.00037301592297508214
124 0.0003370518748164091
136 0.0013244826443327736
139 0.0005311942760363876
144 0.0018249459739199082
146 0.0013539737347670504
165 0.000362668338628183
179 0.0019867239664991604
180 0.0002952696582040436
196 0.0003084151046592529
197 0.00283775077961175
243 0.0028544689051666
247 0.0034053009355341003
251 0.0004513245782556835
286 0.0004769410420674574
289 0.0014880966665166847
309 0.0009759887576465887
310 0.0020490662850186124
360 0.0007390351343274559
367 0.0012022777193238235
392 0.0007788406609122869
403 0.003991507836136363
411 0.0005607588032834975
413 0.0003593147470569854
419 0.0010654088584181574
430 0.00042815166801879435
431 0.0006865747669893828
437 0.001554146488743535
438 0.0018034165789857352
445 0.0004663684400884302
452 0.0011510447917002756
481 0.0011353534420436818
486 0.0013994404268891842
493 0.00283775077961175
494 0.007732892798585483
497 0.000725336677256366
520 0.001372829729252789
573 0.00056755015592235
576 0.000619850515663888
691 0.000640123214165967
787 0.0009293486133572717
851 0.0011353534420436818
858 0.000650930839395929
907 0.005800965027812863
1100 0.005381297526059718
1172 0.0020223112488984545
1178 0.0022824680278472017
1196 0.0006741037496328182
1242 0.0022707068840873636
1322 0.0011353534420436818
1693 0.0008968829210099529
1827 0.0008968829210099529
1833 0.0010654088584181574
2166 0.0010654088584181574
2202 0.0009668275046354771
2447 0.0009293486133572717
2722 0.0009293486133572717
2885 0.0010654088584181574
3163 0.0022707068840873636
3510 0.005609842932938266
3511 0.002804921466469133
3512 0.002804921466469133
3513 0.0014024607332345665
3514 0.0014024607332345665
3515 0.004935739183305448
3516 0.0042073821997037
3517 0.0014024607332345665
3518 0.0014024607332345665
3519 0.0014024607332345665
3520 0.0014024607332345665
3521 0.002804921466469133
3522 0.0014024607332345665