0 0.00012419781759445434
1 0.00009782275243664496
2 0.00011794730538676969
5 0.00013988916725104833
6 0.0001467383957865933
7 0.0001345454019413534
13 0.00001846667249036454
16 0.00014535302717131544
26 0.0006570288441562289
30 0.00039130510878533924
33 0.0003281012370525588
34 0.0002504529382292995
36 0.0002601567789487472
38 0.000015291493079090914
39 0.000030876438915225156
40 0.000015291493079090914
41 0.00002462222998715272
43 0.000025514018159027487
45 0.0002472468029462665
48 0.00022854540687854879
49 0.0000679268829654962
51 0.0003340221885773446
52 0.000022262872240576327
55 0.0002246860951459229
63 0.0000045802197502998095
64 0.00007506333130309098
67 0.0001412436639807968
82 0.0005192514612211797
88 0.00040699645844193325
89 0.0005875101134455617
102 0.00042377080113265817
115 0.0004663684400884302
121 0.0017937658420199057
124 0.00016852593740820454
130 0.00038382354820504417
146 0.0004513245782556835
159 0.0003495228921729738
177 0.000362668338628183
180 0.0005905393164080872
261 0.0010360976591623566
277 0.00035249009427402165
310 0.0020490662850186124
360 0.00036951756716372796
371 0.0005837649321194501
402 0.0013482074992656363
416 0.0006997202134445921
449 0.0007788406609122869
471 0.0007983015672272726
472 0.0009668275046354771
475 0.00314887814909534
480 0.0008426296870410227
491 0.0005755223958501378
492 0.0027462990679575313
493 0.0011351003118447
494 0.0038664463992927416
496 0.0005380435045719325
508 0.004738373908326901
606 0.0019336550092709543
664 0.0012595512596381359
703 0.0006865747669893828
709 0.0006297756298190679
749 0.0008968829210099529
791 0.0010111556244492273
826 0.0013731495339787657
899 0.0008682461508527967
1001 0.001280246428331934
1064 0.0009293486133572717
1162 0.001859551546991664
1187 0.0010111556244492273
1397 0.0033140969136794926
2815 0.001233934795826362
3186 0.0022707068840873636