0 0.00012419781759445434
1 0.00009782275243664496
2 0.00011794730538676969
5 0.00013988916725104833
6 0.0001467383957865933
7 0.0001345454019413534
8 0.000230498281105941
13 0.00003693334498072908
16 0.00014535302717131544
17 0.00341596065176306
19 0.0007321376701932685
23 0.0020223112488984545
34 0.00008348431274309984
36 0.0001734378526324981
38 0.000009174895847454548
39 0.000015438219457612578
40 0.000012233194463272731
41 0.00002462222998715272
42 0.0001278820616880182
43 0.000025514018159027487
45 0.00008241560098208883
46 0.00033462138640070967
47 0.0004188892017936393
48 0.00022854540687854879
49 0.0000679268829654962
51 0.0001670110942886723
52 0.000022262872240576327
55 0.0002246860951459229
61 0.00019112209487459625
63 0.0000022901098751499047
64 0.00007506333130309098
65 0.0005172662610880846
66 0.00019245982333411082
67 0.0001412436639807968
68 0.0008221655978060067
85 0.00020625822270013306
105 0.00047159727675776246
118 0.0036137919700032855
122 0.00035600678399941706
123 0.0003111316863753057
124 0.00016852593740820454
131 0.0008682461508527967
132 0.000650930839395929
138 0.0006103147235040822
146 0.0004513245782556835
150 0.000775071104253895
151 0.0019527925181877872
171 0.0002134626471120881
177 0.0010880050158845493
230 0.0014272344525833
247 0.0011351003118447
259 0.0029134279344069933
308 0.0007283569836017483
348 0.0007283569836017483
369 0.0011353534420436818
376 0.000650930839395929
438 0.0012022777193238235
479 0.00071361722629165
496 0.0005380435045719325
497 0.000362668338628183
520 0.0010296222969395918
613 0.0011845934770817253
622 0.0005598310461935439
624 0.0017937658420199057
670 0.0006865747669893828
703 0.0006865747669893828
753 0.000619850515663888
832 0.0009668275046354771
1001 0.000640123214165967
1060 0.0005837649321194501
1250 0.0010654088584181574
1390 0.005676767210218409
1590 0.001233934795826362
3154 0.0011353534420436818
3226 0.001233934795826362
3523 0.002804921466469133
3524 0.0014024607332345665
3525 0.0014024607332345665
3526 0.0014024607332345665
3527 0.0014024607332345665
3528 0.0014024607332345665