9 0.0004160788281340726
11 0.0008194567768041337
12 0.0005055778122246136
13 0.00000615555749678818
36 0.00008671892631624905
38 0.0000061165972316363655
39 0.000015438219457612578
40 0.000012233194463272731
41 0.00001846667249036454
43 0.000008504672719675828
44 0.0002488181053806278
45 0.00008241560098208883
46 0.00006692427728014193
47 0.00005236115022420491
49 0.0002717075318619848
51 0.0003340221885773446
52 0.000022262872240576327
55 0.0002246860951459229
56 0.00027977833450209665
61 0.00019112209487459625
63 0.0000045802197502998095
65 0.00012931656527202115
66 0.00019245982333411082
104 0.0007460318459501643
118 0.005281695956158648
122 0.00035600678399941706
124 0.00016852593740820454
136 0.0013244826443327736
176 0.0005837649321194501
177 0.000362668338628183
179 0.0006622413221663868
186 0.0005180488295811783
216 0.0022707068840873636
260 0.0013482074992656363
271 0.0006103147235040822
277 0.0005287351414110325
279 0.000446509935100765
336 0.001233934795826362
365 0.0008194567768041337
394 0.0006741037496328182
396 0.0011845934770817253
412 0.00036951756716372796
413 0.0003593147470569854
468 0.001463983136469883
479 0.0014272344525833
497 0.000362668338628183
520 0.0003432074323131972
543 0.0007283569836017483
593 0.0008682461508527967
606 0.0009668275046354771
671 0.0011196620923870878
672 0.0008426296870410227
708 0.0007440483332583423
759 0.0013994404268891842
765 0.00437014190161049
777 0.007403608774958171
788 0.0006622413221663868
794 0.0038673100185419086
915 0.0006622413221663868
967 0.0009668275046354771
1088 0.0009293486133572717
1106 0.001233934795826362
1121 0.009871478366610896
1141 0.005588110970590908
1222 0.001233934795826362
1397 0.002761747428066244
1411 0.0010111556244492273
1594 0.0010111556244492273
1769 0.0009668275046354771
1877 0.002467869591652724
2544 0.001233934795826362
2624 0.0022707068840873636
3208 0.0010654088584181574
3436 0.010218180978393134
3459 0.001233934795826362
3529 0.0014024607332345665
3530 0.0014024607332345665
3531 0.0014024607332345665
3532 0.0014024607332345665
3533 0.011219685865876532
3534 0.0014024607332345665
3535 0.002467869591652724
3536 0.0014024607332345665
3537 0.0014024607332345665
3538 0.001233934795826362
3539 0.002804921466469133
3540 0.0014024607332345665
3541 0.0014024607332345665
3542 0.0042073821997037
3543 0.0014024607332345665