13 0.000030777787483940904
26 0.00021900961471874297
34 0.00033393725097239935
36 0.0001734378526324981
38 0.0000061165972316363655
39 0.000007719109728806289
40 0.0000061165972316363655
41 0.00001231111499357636
43 0.000008504672719675828
46 0.00026769710912056773
47 0.00020944460089681964
52 0.000022262872240576327
63 0.000009160439500599619
64 0.00007506333130309098
65 0.00012931656527202115
68 0.0008221655978060067
88 0.00040699645844193325
89 0.0001958367044818539
104 0.0007460318459501643
115 0.0013991053202652907
122 0.00035600678399941706
124 0.00016852593740820454
210 0.0005245327214076215
261 0.0010360976591623566
411 0.00028037940164174876
540 0.0006741037496328182
613 0.0005922967385408627
641 0.0006865747669893828
665 0.0008682461508527967
749 0.0008968829210099529
928 0.0008426296870410227
1073 0.0008194567768041337
1082 0.0009668275046354771
1112 0.0005922967385408627
1234 0.001233934795826362
1400 0.0008194567768041337
1478 0.0009668275046354771
2199 0.0008426296870410227
2508 0.001233934795826362
3271 0.001233934795826362
3544 0.002804921466469133
3545 0.007012303666172833
3546 0.011219685865876532
3547 0.002804921466469133