9 0.001456275898469254
13 0.00001231111499357636
16 0.00014535302717131544
21 0.00035600678399941706
28 0.00043261292225370724
33 0.0003281012370525588
38 0.0000061165972316363655
39 0.00002315732918641887
40 0.00002140809031072728
41 0.000030777787483940904
42 0.0000639410308440091
43 0.00004252336359837915
44 0.0002488181053806278
45 0.00016483120196417766
49 0.0000679268829654962
51 0.0001670110942886723
52 0.000022262872240576327
56 0.00013988916725104833
61 0.00019112209487459625
63 0.0000045802197502998095
66 0.0005773794700023325
67 0.0002824873279615936
69 0.0007788406609122869
71 0.0004152389947112455
82 0.0012981286530529493
104 0.00037301592297508214
113 0.0005372632636429395
114 0.00037301592297508214
122 0.00035600678399941706
143 0.0023350597284778002
150 0.000775071104253895
171 0.0002134626471120881
229 0.0008968829210099529
277 0.00017624504713701082
278 0.0015576813218245737
279 0.000446509935100765
393 0.00056755015592235
394 0.0020223112488984545
402 0.003370518748164091
412 0.0011085527014911838
413 0.0010779442411709562
435 0.0008682461508527967
468 0.002927966272939766
538 0.0005117333697214018
550 0.0005922967385408627
595 0.0007440483332583423
664 0.00314887814909534
667 0.0006997202134445921
691 0.000640123214165967
693 0.002458370330412401
708 0.0007440483332583423
788 0.0019867239664991604
811 0.0007983015672272726
841 0.0006865747669893828
865 0.007734620037083817
868 0.00056755015592235
979 0.0008194567768041337
1060 0.0005837649321194501
1062 0.0005598310461935439
1196 0.004044622497796909
1473 0.0011353534420436818
1843 0.0008682461508527967
2126 0.0010654088584181574
2513 0.0011353534420436818
2983 0.001233934795826362
3562 0.0014024607332345665
3563 0.01963445026528393
3564 0.0011353534420436818
3565 0.004935739183305448
3566 0.0014024607332345665
3567 0.0014024607332345665
3568 0.0042073821997037
3569 0.0014024607332345665
3570 0.0037018043874790857
3571 0.0014024607332345665
3572 0.0014024607332345665
3573 0.0014024607332345665
3574 0.0014024607332345665
3575 0.0014024607332345665
3576 0.0014024607332345665
3577 0.0014024607332345665
3578 0.0014024607332345665