0 0.00012419781759445434
1 0.00019564550487328992
2 0.00011794730538676969
3 0.00042377080113265817
4 0.00036951756716372796
5 0.00013988916725104833
6 0.0001467383957865933
7 0.0001345454019413534
8 0.000230498281105941
9 0.0012482364844022178
13 0.000030777787483940904
19 0.0007321376701932685
20 0.0003084151046592529
21 0.00035600678399941706
22 0.000446509935100765
26 0.00021900961471874297
29 0.0005180488295811783
30 0.00039130510878533924
33 0.0003281012370525588
34 0.0002504529382292995
35 0.0006865747669893828
36 0.0001734378526324981
38 0.000009174895847454548
39 0.000015438219457612578
40 0.000015291493079090914
41 0.000030777787483940904
42 0.0001918230925320273
43 0.00004252336359837915
44 0.0004976362107612556
45 0.0003296624039283553
46 0.00033462138640070967
47 0.00047125035201784417
48 0.00022854540687854879
49 0.0000679268829654962
51 0.0001670110942886723
52 0.000044525744481152654
55 0.0002246860951459229
56 0.00041966750175314503
57 0.0003527432244730031
58 0.00043059522159367926
59 0.0005624425397736376
60 0.0005512239278211216
61 0.00019112209487459625
63 0.0000045802197502998095
64 0.00007506333130309098
65 0.0005172662610880846
68 0.0008221655978060067
81 0.000362668338628183
84 0.000331048322034894
85 0.0004125164454002661
100 0.0003370518748164091
102 0.00042377080113265817
113 0.0005372632636429395
118 0.0016679039861553628
123 0.0003111316863753057
124 0.00016852593740820454
125 0.004879943788232944
127 0.0058984078092871595
159 0.0006990457843459476
160 0.0015352941928201767
165 0.000362668338628183
169 0.023842422282917317
171 0.0002134626471120881
175 0.0009293486133572717
196 0.0003084151046592529
197 0.00056755015592235
206 0.0008682461508527967
223 0.002458370330412401
245 0.0003765653514752408
261 0.0005180488295811783
287 0.0019748615390327295
299 0.01362424130452418
304 0.0004937153847581824
357 0.0005837649321194501
375 0.00047159727675776246
391 0.0020223112488984545
392 0.0023365219827368605
445 0.0004663684400884302
497 0.000362668338628183
505 0.003311206610831934
506 0.00314887814909534
507 0.0017265671875504136
510 0.0007983015672272726
520 0.0003432074323131972
532 0.010762595052119435
551 0.0006741037496328182
555 0.0005245327214076215
557 0.0038942033045614344
652 0.0010111556244492273
678 0.0010654088584181574
746 0.0006997202134445921
753 0.000619850515663888
820 0.0007983015672272726
843 0.0010654088584181574
862 0.0010111556244492273
895 0.0008426296870410227
981 0.0010654088584181574
1001 0.000640123214165967
1029 0.002558666848607009
1060 0.0005837649321194501
1095 0.0007788406609122869
1374 0.0017937658420199057
1436 0.0008194567768041337
1580 0.010218180978393134
1619 0.0022707068840873636
1696 0.0010111556244492273
1742 0.0008968829210099529
1837 0.0008968829210099529
1849 0.0011353534420436818
1937 0.012784906301017888
2089 0.0010111556244492273
2218 0.0011353534420436818
2388 0.002130817716836315
2722 0.0009293486133572717
2729 0.004541413768174727
3075 0.001233934795826362
3159 0.0022707068840873636
3480 0.0011353534420436818
3579 0.005609842932938266
3580 0.0014024607332345665
3581 0.0014024607332345665
3582 0.002804921466469133
3583 0.0014024607332345665
3584 0.0014024607332345665
3585 0.0014024607332345665
3586 0.0014024607332345665
3587 0.0014024607332345665
3588 0.0042073821997037
3589 0.011219685865876532
3590 0.0014024607332345665
3591 0.0014024607332345665
3592 0.0014024607332345665
3593 0.0014024607332345665
3594 0.0014024607332345665
3595 0.0014024607332345665
3596 0.0014024607332345665
3597 0.0014024607332345665
3598 0.0014024607332345665
3599 0.0014024607332345665
3600 0.0014024607332345665
3601 0.002804921466469133
3602 0.0014024607332345665
3603 0.001233934795826362
3604 0.0014024607332345665
3605 0.0014024607332345665
3606 0.0042073821997037