0 0.00012419781759445434
1 0.00009782275243664496
2 0.00011794730538676969
5 0.00013988916725104833
6 0.0001467383957865933
7 0.0001345454019413534
8 0.000230498281105941
12 0.0005055778122246136
13 0.00009233336245182272
16 0.00014535302717131544
32 0.0010111556244492273
33 0.0003281012370525588
38 0.000009174895847454548
39 0.000007719109728806289
40 0.000009174895847454548
41 0.00001846667249036454
42 0.0001278820616880182
43 0.000017009345439351656
45 0.00008241560098208883
46 0.00026769710912056773
47 0.0002618057511210246
48 0.00022854540687854879
49 0.0000679268829654962
51 0.0003340221885773446
52 0.000044525744481152654
55 0.0006740582854377687
58 0.0008611904431873585
59 0.0005624425397736376
60 0.0002756119639105608
61 0.00019112209487459625
63 0.0000022901098751499047
64 0.00007506333130309098
65 0.0002586331305440423
84 0.000662096644069788
89 0.0001958367044818539
100 0.0003370518748164091
118 0.0008339519930776814
177 0.0010880050158845493
267 0.0005180488295811783
270 0.00071361722629165
271 0.0006103147235040822
277 0.00017624504713701082
287 0.0004937153847581824
293 0.0006741037496328182
308 0.0007283569836017483
413 0.0003593147470569854
431 0.0027462990679575313
542 0.002394904701681818
577 0.0008968829210099529
590 0.0006622413221663868
594 0.00071361722629165
648 0.0006741037496328182
773 0.001233934795826362
774 0.0011353534420436818
775 0.001233934795826362
776 0.0008968829210099529
777 0.014807217549916343
778 0.007403608774958171
779 0.0005755223958501378
780 0.0013244826443327736
781 0.0009668275046354771