9 0.0010401970703351816
13 0.000030777787483940904
16 0.00014535302717131544
19 0.0018303441754831714
29 0.0005180488295811783
34 0.0002504529382292995
38 0.000009174895847454548
39 0.00003859554864403145
40 0.000015291493079090914
41 0.00002462222998715272
42 0.0001918230925320273
43 0.000008504672719675828
44 0.0002488181053806278
46 0.00026769710912056773
47 0.0004188892017936393
49 0.0000679268829654962
51 0.0001670110942886723
52 0.000022262872240576327
55 0.0002246860951459229
56 0.00027977833450209665
57 0.0003527432244730031
61 0.00019112209487459625
63 0.000006870329625449715
64 0.00007506333130309098
66 0.00019245982333411082
67 0.0002824873279615936
72 0.004326129222537073
73 0.000619850515663888
82 0.00025962573061058986
85 0.00020625822270013306
87 0.005136742402681525
88 0.00040699645844193325
89 0.0005875101134455617
90 0.0006622413221663868
113 0.00026863163182146973
160 0.0007676470964100883
165 0.000725336677256366
171 0.0002134626471120881
177 0.001450673354512732
197 0.00397285109145645
214 0.0005180488295811783
251 0.005415894939068202
267 0.0025902441479058918
272 0.0006865747669893828
277 0.001057470282822065
279 0.000446509935100765
286 0.0019077641682698297
304 0.0004937153847581824
305 0.0011353534420436818
309 0.0009759887576465887
310 0.0002927237550026589
314 0.0010111556244492273
320 0.0016794931385806316
347 0.0010234667394428036
411 0.00028037940164174876
437 0.0010360976591623566
468 0.002439971894116472
497 0.001450673354512732
520 0.0006864148646263945
608 0.0007440483332583423
622 0.0027991552309677196
646 0.0007440483332583423
654 0.01022283474692999
753 0.000619850515663888
905 0.0009668275046354771
915 0.0019867239664991604
920 0.0050984988852122385
1027 0.0010111556244492273
1031 0.0008426296870410227
1037 0.0017265671875504136
1283 0.0013994404268891842
1315 0.0028544689051666
1653 0.00260473845255839
1934 0.0009668275046354771
1935 0.0010111556244492273
2015 0.0010654088584181574
2760 0.0010654088584181574
3619 0.0014024607332345665
3620 0.002804921466469133