13 0.00001846667249036454
30 0.00039130510878533924
34 0.00008348431274309984
36 0.00008671892631624905
38 0.0000061165972316363655
39 0.000030876438915225156
40 0.000018349791694909097
41 0.00002462222998715272
43 0.00003401869087870331
45 0.00008241560098208883
46 0.0002007728318404258
47 0.00015708345067261473
49 0.0000679268829654962
52 0.000022262872240576327
56 0.0005595566690041933
63 0.000009160439500599619
64 0.00007506333130309098
65 0.0005172662610880846
67 0.0002824873279615936
68 0.0020554139945150166
71 0.000830477989422491
74 0.0006865747669893828
97 0.00047159727675776246
100 0.0010111556244492273
114 0.0007460318459501643
129 0.0019336550092709543
130 0.00038382354820504417
180 0.0005905393164080872
237 0.0007440483332583423
250 0.00041108279890300333
253 0.0004824049019877245
261 0.0010360976591623566
264 0.000999148518886197
265 0.0008426296870410227
274 0.0061031472350408225
288 0.0036498919478398163
307 0.00047159727675776246
310 0.0005854475100053178
347 0.0005117333697214018
350 0.003370518748164091
353 0.0014272344525833
356 0.0015576813218245737
357 0.0005837649321194501
360 0.00036951756716372796
411 0.00028037940164174876
590 0.0006622413221663868
711 0.0009293486133572717
717 0.0007788406609122869
865 0.0019336550092709543
898 0.0006103147235040822
908 0.0008194567768041337
1084 0.0007983015672272726
1490 0.0022707068840873636
1855 0.0010654088584181574
2163 0.0010111556244492273
2512 0.011353534420436818
2811 0.0022707068840873636
2821 0.002130817716836315
3004 0.0022707068840873636
3154 0.0011353534420436818
3165 0.001233934795826362
3469 0.0022707068840873636
3507 0.002130817716836315
3621 0.0014024607332345665
3622 0.0014024607332345665