12 0.0005055778122246136
13 0.00003693334498072908
34 0.00008348431274309984
36 0.00008671892631624905
38 0.000009174895847454548
39 0.00002315732918641887
40 0.000009174895847454548
41 0.00001846667249036454
42 0.0000639410308440091
43 0.00003401869087870331
45 0.00016483120196417766
46 0.00026769710912056773
47 0.00031416690134522947
48 0.00022854540687854879
49 0.0000679268829654962
52 0.000022262872240576327
63 0.000006870329625449715
64 0.00007506333130309098
65 0.00038794969581606347
67 0.0002824873279615936
68 0.0016443311956120133
85 0.00020625822270013306
94 0.0008426296870410227
100 0.0003370518748164091
113 0.00026863163182146973
123 0.0003111316863753057
124 0.00016852593740820454
127 0.005055778122246136
130 0.00038382354820504417
134 0.000650930839395929
138 0.0006103147235040822
171 0.0002134626471120881
411 0.0005607588032834975
716 0.0005523494856132488
785 0.0009293486133572717
954 0.012081531973644533
1095 0.0007788406609122869
1328 0.03794646499617546
2032 0.001233934795826362
3127 0.002130817716836315
3623 0.0014024607332345665
3624 0.002804921466469133
3625 0.012622146599111098