0 0.00012419781759445434
1 0.00019564550487328992
2 0.00011794730538676969
5 0.00013988916725104833
6 0.0001467383957865933
7 0.0001345454019413534
13 0.00004308890247751726
38 0.000009174895847454548
39 0.000007719109728806289
40 0.0000061165972316363655
41 0.00001231111499357636
42 0.0003197051542200455
43 0.000017009345439351656
45 0.00008241560098208883
46 0.0002007728318404258
47 0.00015708345067261473
51 0.0001670110942886723
52 0.000022262872240576327
58 0.0008611904431873585
59 0.0005624425397736376
61 0.00019112209487459625
63 0.0000045802197502998095
64 0.00007506333130309098
65 0.0002586331305440423
74 0.0006865747669893828
84 0.001324193288139576
89 0.0003916734089637078
102 0.00042377080113265817
113 0.00026863163182146973
124 0.00016852593740820454
167 0.0014880966665166847
177 0.000362668338628183
197 0.00056755015592235
250 0.0008221655978060067
260 0.0006741037496328182
272 0.0006865747669893828
304 0.0004937153847581824
306 0.0008194567768041337
324 0.0006741037496328182
345 0.0011353534420436818
442 0.0006103147235040822
457 0.0006011388596619117
520 0.0003432074323131972
542 0.0015966031344545452
543 0.002185070950805245
577 0.0008968829210099529
589 0.0008426296870410227
624 0.0008968829210099529
689 0.0007608226759490672
691 0.0032006160708298354
729 0.0009293486133572717
760 0.0009293486133572717
772 0.0005311942760363876
780 0.0006622413221663868
827 0.0010654088584181574
916 0.0008682461508527967
1107 0.003033466873347682
1136 0.01362424130452418
1162 0.000619850515663888
1315 0.00214085167887495
1706 0.001233934795826362
1713 0.0007983015672272726
1882 0.0010654088584181574
2063 0.0009668275046354771
2418 0.001233934795826362
3103 0.003406060326131045
3192 0.009871478366610896
3420 0.01850902193739543
3626 0.002804921466469133
3627 0.0042073821997037
3628 0.0014024607332345665
3629 0.0014024607332345665
3630 0.0042073821997037