13 0.00003693334498072908
16 0.00014535302717131544
19 0.00036606883509663425
20 0.0003084151046592529
26 0.00021900961471874297
33 0.0003281012370525588
34 0.00008348431274309984
38 0.000012233194463272731
39 0.00002315732918641887
40 0.000009174895847454548
41 0.00000615555749678818
45 0.0002472468029462665
46 0.00026769710912056773
47 0.0004188892017936393
49 0.0002717075318619848
52 0.000022262872240576327
56 0.00041966750175314503
57 0.0003527432244730031
61 0.00009556104743729812
63 0.000006870329625449715
64 0.00007506333130309098
67 0.0001412436639807968
88 0.0008139929168838665
107 0.0003875355521269475
113 0.001074526527285879
122 0.0007120135679988341
134 0.000650930839395929
150 0.000775071104253895
159 0.0003495228921729738
162 0.0008426296870410227
171 0.0008538505884483524
238 0.0018586972267145435
251 0.0004513245782556835
261 0.0005180488295811783
263 0.0017265671875504136
268 0.0008968829210099529
277 0.00035249009427402165
286 0.0009538820841349148
296 0.0008194567768041337
328 0.0010111556244492273
348 0.0007283569836017483
360 0.00036951756716372796
363 0.0016852593740820454
367 0.0006011388596619117
371 0.009340238913911201
416 0.0006997202134445921
439 0.0028544689051666
452 0.0005755223958501378
490 0.00071361722629165
608 0.00669643499932508
633 0.0007608226759490672
643 0.0009293486133572717
649 0.0007440483332583423
671 0.0005598310461935439
682 0.0013731495339787657
741 0.0008968829210099529
749 0.0008968829210099529
842 0.002394904701681818
875 0.0007788406609122869
942 0.0009668275046354771
988 0.0007788406609122869
1196 0.0006741037496328182
1285 0.0008194567768041337
1298 0.0019336550092709543
1335 0.0020223112488984545
1347 0.002467869591652724
1397 0.008285242284198732
1472 0.0007983015672272726
1603 0.0008682461508527967
1605 0.001233934795826362
1644 0.0011353534420436818
1744 0.0010111556244492273
2199 0.0008426296870410227
2303 0.001233934795826362
2605 0.01816565507269891
3121 0.0037018043874790857
3234 0.001233934795826362
3326 0.002467869591652724
3357 0.009871478366610896
3631 0.0042073821997037
3632 0.0037018043874790857
3633 0.012622146599111098
3634 0.005609842932938266
3635 0.0014024607332345665
3636 0.0014024607332345665
3637 0.0014024607332345665
3638 0.002804921466469133
3639 0.002804921466469133
3640 0.005609842932938266
3641 0.0014024607332345665
3642 0.009817225132641966
3643 0.0014024607332345665
3644 0.0014024607332345665
3645 0.0014024607332345665
3646 0.002804921466469133
3647 0.0014024607332345665
3648 0.0014024607332345665
3649 0.002804921466469133
3650 0.0014024607332345665
3651 0.0014024607332345665
3652 0.0014024607332345665
3653 0.002804921466469133
3654 0.0014024607332345665
3655 0.0014024607332345665
3656 0.0014024607332345665
3657 0.0014024607332345665