0 0.00012419781759445434
1 0.00019564550487328992
2 0.00011794730538676969
5 0.00013988916725104833
6 0.0001467383957865933
7 0.0001345454019413534
8 0.000230498281105941
9 0.0002080394140670363
13 0.00001846667249036454
15 0.0005837649321194501
16 0.00014535302717131544
30 0.006260881740565428
34 0.00016696862548619968
36 0.00008671892631624905
38 0.000009174895847454548
39 0.000015438219457612578
40 0.000015291493079090914
41 0.000030777787483940904
42 0.0000639410308440091
43 0.000051028036318054975
45 0.00008241560098208883
49 0.0000679268829654962
52 0.000044525744481152654
56 0.00013988916725104833
58 0.0006458928323905189
59 0.0003749616931824251
63 0.000006870329625449715
64 0.00007506333130309098
65 0.00012931656527202115
67 0.0001412436639807968
82 0.0010385029224423594
85 0.00020625822270013306
97 0.00047159727675776246
102 0.00042377080113265817
105 0.004244375490819862
113 0.00026863163182146973
115 0.0004663684400884302
118 0.0008339519930776814
123 0.0003111316863753057
171 0.0002134626471120881
191 0.0008194567768041337
192 0.000650930839395929
196 0.0006168302093185058
206 0.0008682461508527967
209 0.0010111556244492273
235 0.001233934795826362
237 0.002232144999775027
243 0.00071361722629165
250 0.0020554139945150166
253 0.0004824049019877245
277 0.00017624504713701082
377 0.00071361722629165
445 0.0004663684400884302
482 0.0008968829210099529
507 0.002877611979250689
514 0.0007608226759490672
543 0.0007283569836017483
555 0.0005245327214076215
664 0.0025191025192762718
671 0.0005598310461935439
706 0.0011353534420436818
717 0.0007788406609122869
779 0.0005755223958501378
895 0.0008426296870410227
896 0.0010111556244492273
946 0.007175063368079623
958 0.0010654088584181574
1074 0.0019336550092709543
1112 0.0005922967385408627
1162 0.000619850515663888
1283 0.0006997202134445921
1302 0.0022707068840873636
1321 0.0007788406609122869
1354 0.005055778122246136
1368 0.005800965027812863
1397 0.0005523494856132488
1496 0.0011353534420436818
1514 0.00852327086734526
1621 0.0010654088584181574
1636 0.0009293486133572717
1644 0.0011353534420436818
1837 0.0008968829210099529
2308 0.0037018043874790857
2412 0.0010654088584181574
2614 0.02043636195678627
3658 0.0014024607332345665
3659 0.0014024607332345665
3660 0.0168295287988148
3661 0.0014024607332345665
3662 0.0014024607332345665
3663 0.01542706806558023
3664 0.0014024607332345665
3665 0.0014024607332345665
3666 0.0014024607332345665
3667 0.0014024607332345665