13 0.00003693334498072908
19 0.00036606883509663425
21 0.00035600678399941706
34 0.00008348431274309984
36 0.00008671892631624905
37 0.000362668338628183
38 0.000009174895847454548
39 0.000015438219457612578
40 0.000018349791694909097
41 0.00004308890247751726
43 0.000025514018159027487
45 0.0002472468029462665
46 0.0002007728318404258
47 0.00031416690134522947
49 0.0001358537659309924
51 0.0001670110942886723
55 0.0004493721902918458
56 0.00013988916725104833
59 0.00018748084659121254
61 0.00009556104743729812
63 0.0000045802197502998095
65 0.00012931656527202115
66 0.00019245982333411082
67 0.0001412436639807968
69 0.0007788406609122869
71 0.0004152389947112455
85 0.0004125164454002661
113 0.00026863163182146973
121 0.0017937658420199057
124 0.00016852593740820454
132 0.000650930839395929
159 0.0010485686765189213
165 0.000362668338628183
167 0.0007440483332583423
171 0.0002134626471120881
174 0.002130817716836315
176 0.0005837649321194501
196 0.0006168302093185058
212 0.00071361722629165
214 0.0005180488295811783
243 0.00071361722629165
250 0.0016443311956120133
277 0.00035249009427402165
310 0.0011708950200106356
321 0.0007440483332583423
335 0.0008426296870410227
360 0.0007390351343274559
366 0.0006997202134445921
441 0.0005837649321194501
495 0.0006622413221663868
497 0.000362668338628183
498 0.0008682461508527967
520 0.0003432074323131972
555 0.0005245327214076215
570 0.0011353534420436818
580 0.0009668275046354771
589 0.002527889061123068
643 0.0009293486133572717
664 0.0006297756298190679
688 0.0010654088584181574
689 0.0007608226759490672
746 0.0006997202134445921
753 0.000619850515663888
759 0.004198321280667553
765 0.0014567139672034967
773 0.001233934795826362
779 0.0005755223958501378
780 0.0006622413221663868
839 0.0009668275046354771
842 0.0007983015672272726
850 0.0006997202134445921
865 0.0009668275046354771
905 0.0009668275046354771
920 0.00437014190161049
946 0.0008968829210099529
953 0.0011353534420436818
960 0.0010111556244492273
996 0.0010111556244492273
1028 0.0008968829210099529
1029 0.0010234667394428036
1037 0.0011510447917002756
1042 0.0010111556244492273
1085 0.0007440483332583423
1112 0.0005922967385408627
1133 0.0008682461508527967
1141 0.0007983015672272726
1162 0.000619850515663888
1214 0.0007788406609122869
1249 0.0011353534420436818
1354 0.0010111556244492273
1478 0.0009668275046354771
1624 0.01816565507269891
1629 0.0008968829210099529
1650 0.0007608226759490672
1674 0.0008968829210099529
1691 0.001233934795826362
1713 0.0007983015672272726
1769 0.0009668275046354771
1810 0.001233934795826362
1847 0.001233934795826362
1860 0.001233934795826362
2027 0.0016852593740820454
2037 0.001233934795826362
2054 0.0009293486133572717
2201 0.001233934795826362
2262 0.002130817716836315
2315 0.001233934795826362
2320 0.0011353534420436818
2374 0.0011353534420436818
2443 0.0010654088584181574
2495 0.001233934795826362
2507 0.004541413768174727
2517 0.001233934795826362
2518 0.002467869591652724
2535 0.0010111556244492273
2588 0.001233934795826362
2625 0.0011353534420436818
2630 0.001233934795826362
2722 0.0009293486133572717
2911 0.004541413768174727
3081 0.001233934795826362
3117 0.002467869591652724
3139 0.0010654088584181574
3277 0.001233934795826362
3431 0.007403608774958171
3436 0.0011353534420436818
3499 0.001233934795826362
3515 0.001233934795826362
3535 0.001233934795826362
3564 0.0011353534420436818
3603 0.001233934795826362
3668 0.009817225132641966
3669 0.0014024607332345665
3670 0.0014024607332345665
3671 0.0014024607332345665
3672 0.0014024607332345665
3673 0.0014024607332345665
3674 0.0014024607332345665
3675 0.0014024607332345665
3676 0.001233934795826362
3677 0.0014024607332345665
3678 0.014024607332345666
3679 0.0014024607332345665
3680 0.002804921466469133
3681 0.0014024607332345665
3682 0.0014024607332345665
3683 0.0014024607332345665
3684 0.0014024607332345665
3685 0.0014024607332345665
3686 0.0014024607332345665
3687 0.0014024607332345665
3688 0.0014024607332345665
3689 0.001233934795826362
3690 0.0014024607332345665
3691 0.0014024607332345665
3692 0.0014024607332345665
3693 0.0014024607332345665
3694 0.0084147643994074
3695 0.0014024607332345665
3696 0.0014024607332345665
3697 0.0014024607332345665
3698 0.0014024607332345665
3699 0.0014024607332345665
3700 0.0014024607332345665
3701 0.0014024607332345665
3702 0.002804921466469133
3703 0.005609842932938266
3704 0.0014024607332345665
3705 0.0014024607332345665
3706 0.0014024607332345665