9 0.0010401970703351816
13 0.000030777787483940904
21 0.00035600678399941706
26 0.00021900961471874297
30 0.00039130510878533924
33 0.0003281012370525588
34 0.00016696862548619968
38 0.0000061165972316363655
39 0.000015438219457612578
40 0.000009174895847454548
41 0.00001231111499357636
43 0.000008504672719675828
44 0.0002488181053806278
52 0.000022262872240576327
55 0.0002246860951459229
57 0.0003527432244730031
63 0.000006870329625449715
64 0.00007506333130309098
65 0.0002586331305440423
113 0.0005372632636429395
124 0.00016852593740820454
136 0.0013244826443327736
143 0.0023350597284778002
144 0.0009124729869599541
150 0.000775071104253895
263 0.0005755223958501378
264 0.0004995742594430985
277 0.00017624504713701082
394 0.0006741037496328182
430 0.00042815166801879435
439 0.00214085167887495
468 0.002439971894116472
486 0.0013994404268891842
557 0.004673043965473721
573 0.00056755015592235
593 0.0008682461508527967
786 0.004718726247429727
788 0.0026489652886655473
895 0.0008426296870410227
1093 0.0007983015672272726
1397 0.0011046989712264975
1700 0.0010654088584181574
1765 0.0037018043874790857
2377 0.001233934795826362
2390 0.0010111556244492273
3707 0.0042073821997037
3708 0.0014024607332345665
3709 0.0014024607332345665