0 0.00012419781759445434
1 0.00009782275243664496
2 0.00011794730538676969
3 0.00042377080113265817
4 0.00036951756716372796
5 0.00013988916725104833
6 0.0001467383957865933
7 0.0001345454019413534
8 0.000230498281105941
9 0.0012482364844022178
13 0.00002462222998715272
16 0.00014535302717131544
17 0.001463983136469883
19 0.00036606883509663425
20 0.0015420755232962646
21 0.0010680203519982513
22 0.00089301987020153
23 0.0010111556244492273
34 0.00016696862548619968
36 0.00008671892631624905
38 0.000009174895847454548
39 0.000015438219457612578
40 0.000015291493079090914
41 0.000030777787483940904
42 0.0001918230925320273
43 0.000025514018159027487
44 0.0004976362107612556
45 0.00016483120196417766
46 0.00033462138640070967
47 0.00031416690134522947
48 0.00022854540687854879
49 0.0001358537659309924
51 0.0001670110942886723
52 0.000022262872240576327
55 0.0002246860951459229
56 0.00041966750175314503
57 0.0003527432244730031
61 0.00019112209487459625
63 0.0000045802197502998095
64 0.00007506333130309098
65 0.00012931656527202115
81 0.000725336677256366
85 0.00020625822270013306
87 0.0003951340309755019
113 0.00026863163182146973
118 0.0016679039861553628
124 0.00016852593740820454
134 0.000650930839395929
135 0.0007440483332583423
139 0.0005311942760363876
146 0.0004513245782556835
171 0.0004269252942241762
196 0.0003084151046592529
245 0.0003765653514752408
264 0.0004995742594430985
287 0.0004937153847581824
307 0.00047159727675776246
396 0.0011845934770817253
401 0.001239701031327776
411 0.0005607588032834975
438 0.002404555438647647
471 0.0007983015672272726
479 0.0028544689051666
497 0.000362668338628183
532 0.0008968829210099529
552 0.0006297756298190679
615 0.002130817716836315
648 0.0006741037496328182
717 0.0007788406609122869
868 0.00056755015592235
1036 0.0007608226759490672
1058 0.0007788406609122869
1062 0.0005598310461935439
1095 0.0007788406609122869
1280 0.0020223112488984545
1285 0.0008194567768041337
1320 0.0010111556244492273
1409 0.0009668275046354771
1410 0.0009668275046354771
1763 0.0011353534420436818
1773 0.00426163543367263
1781 0.0017364923017055933
2007 0.0008968829210099529
2085 0.0007788406609122869
2287 0.0011353534420436818
2307 0.001233934795826362
2535 0.0020223112488984545
3135 0.00426163543367263
3481 0.001233934795826362
3710 0.005609842932938266
3711 0.0014024607332345665
3712 0.007012303666172833
3713 0.0014024607332345665
3714 0.0011353534420436818
3715 0.0014024607332345665
3716 0.0014024607332345665