0 0.00012419781759445434
1 0.00009782275243664496
2 0.00011794730538676969
7 0.0001345454019413534
13 0.000030777787483940904
16 0.00014535302717131544
27 0.001239701031327776
33 0.0006562024741051176
34 0.00008348431274309984
38 0.000009174895847454548
39 0.00002315732918641887
40 0.0000061165972316363655
43 0.000017009345439351656
52 0.000044525744481152654
58 0.00043059522159367926
59 0.0003749616931824251
63 0.000006870329625449715
66 0.00019245982333411082
67 0.0001412436639807968
82 0.0005192514612211797
118 0.0008339519930776814
123 0.0003111316863753057
124 0.00016852593740820454
167 0.0014880966665166847
171 0.0004269252942241762
177 0.000362668338628183
250 0.00041108279890300333
282 0.0005922967385408627
288 0.00045623649347997704
292 0.001280246428331934
310 0.0008781712650079768
361 0.0010111556244492273
375 0.00047159727675776246
411 0.00028037940164174876
430 0.0008563033360375887
442 0.0012206294470081644
495 0.0006622413221663868
515 0.0017364923017055933
546 0.0007608226759490672
782 0.001301861678791858
783 0.0014024607332345665
784 0.011219685865876532
785 0.0018586972267145435
786 0.0006741037496328182
787 0.0009293486133572717
788 0.0019867239664991604
789 0.001233934795826362
790 0.0029004825139064315
791 0.0010111556244492273