9 0.0002080394140670363
13 0.00001231111499357636
16 0.0002907060543426309
30 0.00039130510878533924
36 0.00008671892631624905
38 0.0000061165972316363655
39 0.00002315732918641887
40 0.000012233194463272731
41 0.00002462222998715272
43 0.000017009345439351656
45 0.00016483120196417766
49 0.0001358537659309924
52 0.000022262872240576327
55 0.0002246860951459229
63 0.0000045802197502998095
64 0.00007506333130309098
65 0.00012931656527202115
68 0.00041108279890300333
82 0.0012981286530529493
88 0.00040699645844193325
89 0.0001958367044818539
123 0.0003111316863753057
128 0.0007788406609122869
165 0.000362668338628183
171 0.0002134626471120881
180 0.0002952696582040436
207 0.002467869591652724
237 0.0007440483332583423
255 0.0010880050158845493
333 0.0008426296870410227
375 0.00047159727675776246
396 0.0005922967385408627
468 0.002927966272939766
530 0.00426163543367263
538 0.0010234667394428036
558 0.0007608226759490672
622 0.0005598310461935439
649 0.0007440483332583423
664 0.00314887814909534
786 0.0020223112488984545
858 0.000650930839395929
896 0.0020223112488984545
898 0.0006103147235040822
1000 0.0009668275046354771
1713 0.0015966031344545452
2194 0.0011353534420436818
2195 0.00681212065226209
2224 0.002130817716836315
3721 0.0014024607332345665
3722 0.002804921466469133
3723 0.002804921466469133
3724 0.0014024607332345665