2 0.00011794730538676969
9 0.0012482364844022178
13 0.00001846667249036454
16 0.00014535302717131544
29 0.0005180488295811783
34 0.00016696862548619968
38 0.0000061165972316363655
39 0.000015438219457612578
40 0.000009174895847454548
41 0.00001846667249036454
42 0.0000639410308440091
43 0.00004252336359837915
44 0.0002488181053806278
45 0.00008241560098208883
46 0.0005353942182411355
47 0.0004188892017936393
49 0.0000679268829654962
51 0.0003340221885773446
52 0.000022262872240576327
55 0.0008987443805836916
56 0.00027977833450209665
57 0.0003527432244730031
58 0.00021529761079683963
61 0.00019112209487459625
63 0.0000045802197502998095
64 0.00007506333130309098
67 0.0001412436639807968
72 0.00475874214479078
76 0.005187570044335387
82 0.002077005844884719
85 0.0004125164454002661
87 0.003161072247804015
89 0.0009791835224092695
104 0.00037301592297508214
113 0.00026863163182146973
122 0.00035600678399941706
124 0.00016852593740820454
130 0.00038382354820504417
144 0.0013687094804399312
146 0.0004513245782556835
180 0.0005905393164080872
183 0.003778653778914408
197 0.00056755015592235
245 0.0003765653514752408
261 0.00310829297748707
264 0.0004995742594430985
276 0.005676767210218409
309 0.0009759887576465887
360 0.0007390351343274559
377 0.0014272344525833
399 0.0034986010672229608
401 0.001239701031327776
402 0.0006741037496328182
411 0.0005607588032834975
437 0.0005180488295811783
552 0.0006297756298190679
613 0.0023691869541634506
645 0.0010654088584181574
664 0.001889326889457204
779 0.0005755223958501378
781 0.0009668275046354771
1097 0.001233934795826362
1182 0.0008682461508527967
1596 0.00260473845255839
1781 0.0008682461508527967
2693 0.002130817716836315
3730 0.0014024607332345665
3731 0.0014024607332345665
3732 0.0014024607332345665
3733 0.0014024607332345665
3734 0.001233934795826362
3735 0.0014024607332345665
3736 0.0014024607332345665