0 0.00012419781759445434
1 0.00019564550487328992
2 0.00011794730538676969
4 0.00036951756716372796
5 0.00013988916725104833
6 0.0001467383957865933
7 0.0001345454019413534
9 0.001456275898469254
13 0.00000615555749678818
21 0.00035600678399941706
22 0.00357207948080612
26 0.00021900961471874297
27 0.002479402062655552
28 0.00043261292225370724
36 0.00008671892631624905
37 0.000362668338628183
38 0.0000061165972316363655
39 0.000015438219457612578
40 0.000015291493079090914
41 0.000030777787483940904
42 0.0001278820616880182
43 0.000051028036318054975
51 0.0001670110942886723
52 0.000022262872240576327
61 0.00019112209487459625
63 0.0000045802197502998095
64 0.00007506333130309098
66 0.00019245982333411082
67 0.0014124366398079679
69 0.0007788406609122869
70 0.0009668275046354771
71 0.0004152389947112455
82 0.0010385029224423594
88 0.00040699645844193325
89 0.0001958367044818539
107 0.002325213312761685
113 0.00026863163182146973
125 0.0009759887576465887
180 0.0002952696582040436
193 0.000619850515663888
196 0.0024673208372740234
210 0.0005245327214076215
277 0.0005287351414110325
294 0.00071361722629165
403 0.006386412537818181
437 0.0010360976591623566
441 0.0005837649321194501
467 0.0008968829210099529
497 0.000362668338628183
562 0.022373586026781307
563 0.003033466873347682
579 0.0017937658420199057
580 0.0009668275046354771
585 0.0018586972267145435
658 0.0008682461508527967
659 0.002130817716836315
671 0.0005598310461935439
687 0.001233934795826362
716 0.0005523494856132488
751 0.0008194567768041337
767 0.00627818044706967
811 0.0007983015672272726
866 0.0016852593740820454
907 0.007734620037083817
912 0.0009668275046354771
1056 0.002130817716836315
2447 0.0009293486133572717
3676 0.017275087141569067
3750 0.0014024607332345665
3751 0.001233934795826362
3752 0.0042073821997037
3753 0.002804921466469133
3754 0.002804921466469133
3755 0.002804921466469133
3756 0.0014024607332345665