13 0.00004308890247751726
30 0.0011739153263560177
34 0.00008348431274309984
36 0.00008671892631624905
38 0.0000061165972316363655
39 0.00002315732918641887
40 0.000018349791694909097
41 0.00002462222998715272
42 0.0001278820616880182
43 0.000051028036318054975
46 0.0002007728318404258
47 0.00031416690134522947
49 0.000339634414827481
51 0.0001670110942886723
61 0.00019112209487459625
63 0.0000022901098751499047
65 0.00012931656527202115
84 0.000331048322034894
88 0.00040699645844193325
104 0.00037301592297508214
107 0.000775071104253895
113 0.00026863163182146973
150 0.000775071104253895
196 0.0024673208372740234
247 0.00056755015592235
275 0.0006622413221663868
277 0.00035249009427402165
355 0.004834137523177386
356 0.0007788406609122869
412 0.00036951756716372796
437 0.0005180488295811783
520 0.0006864148646263945
538 0.0005117333697214018
545 0.0015576813218245737
546 0.0007608226759490672
549 0.0007283569836017483
658 0.0008682461508527967
672 0.0008426296870410227
691 0.000640123214165967
724 0.00426163543367263
782 0.002603723357583716
827 0.002130817716836315
890 0.0011353534420436818
893 0.008701447541719294
897 0.0018586972267145435
915 0.0006622413221663868
1120 0.004635689255164708
1194 0.0010654088584181574
1269 0.001233934795826362
1346 0.0010111556244492273
1542 0.0029004825139064315
1629 0.0008968829210099529
1753 0.0038041133797453363
1827 0.0008968829210099529
1996 0.0011353534420436818
2155 0.0010654088584181574
2248 0.0011353534420436818
2269 0.0011353534420436818
2469 0.0011353534420436818
2638 0.0018586972267145435
2786 0.007403608774958171
3757 0.0042073821997037
3758 0.0042073821997037
3759 0.011219685865876532
3760 0.012622146599111098
3761 0.0014024607332345665
3762 0.0042073821997037
3763 0.0014024607332345665
3764 0.0014024607332345665
3765 0.0014024607332345665