1 0.00019564550487328992
2 0.00011794730538676969
9 0.0006241182422011089
13 0.00001846667249036454
16 0.00014535302717131544
26 0.00043801922943748593
33 0.0003281012370525588
36 0.00008671892631624905
38 0.0000061165972316363655
39 0.000015438219457612578
40 0.000015291493079090914
41 0.000030777787483940904
42 0.0000639410308440091
43 0.000017009345439351656
44 0.0002488181053806278
45 0.00008241560098208883
49 0.0000679268829654962
52 0.000022262872240576327
58 0.00021529761079683963
59 0.0003749616931824251
61 0.00019112209487459625
63 0.000006870329625449715
64 0.00007506333130309098
89 0.0001958367044818539
122 0.00035600678399941706
124 0.00016852593740820454
125 0.00048799437882329435
160 0.0011514706446151327
277 0.00035249009427402165
307 0.00047159727675776246
310 0.0002927237550026589
347 0.0005117333697214018
391 0.0020223112488984545
401 0.001859551546991664
404 0.005800965027812863
430 0.00042815166801879435
468 0.001463983136469883
475 0.00314887814909534
480 0.0008426296870410227
490 0.0014272344525833
491 0.0017265671875504136
492 0.005492598135915063
499 0.004044622497796909
505 0.004635689255164708
506 0.004408429408733476
508 0.0023691869541634506
555 0.0005245327214076215
608 0.0014880966665166847
634 0.0008968829210099529
669 0.0006103147235040822
709 0.0006297756298190679
875 0.0007788406609122869
898 0.0006103147235040822
1035 0.0010111556244492273
1194 0.0010654088584181574
1397 0.002209397942452995
2014 0.002458370330412401
2631 0.005381297526059718
3506 0.001233934795826362
3773 0.002467869591652724
3774 0.0014024607332345665
3775 0.0014024607332345665
3776 0.0014024607332345665
3777 0.002804921466469133