13 0.00003693334498072908
16 0.00014535302717131544
33 0.0013124049482102352
36 0.00008671892631624905
38 0.000015291493079090914
39 0.00002315732918641887
40 0.00002140809031072728
42 0.0002557641233760364
43 0.000051028036318054975
45 0.000494493605892533
49 0.0002037806488964886
63 0.000009160439500599619
64 0.00007506333130309098
65 0.00012931656527202115
67 0.00042373099194239035
68 0.00041108279890300333
71 0.0004152389947112455
82 0.0010385029224423594
84 0.000331048322034894
89 0.0001958367044818539
122 0.00035600678399941706
124 0.00016852593740820454
132 0.000650930839395929
143 0.0023350597284778002
150 0.000775071104253895
151 0.000650930839395929
159 0.0003495228921729738
171 0.0002134626471120881
180 0.0005905393164080872
185 0.0007788406609122869
186 0.0005180488295811783
250 0.00246649679341802
251 0.0004513245782556835
253 0.0004824049019877245
255 0.0010880050158845493
277 0.00017624504713701082
310 0.0017563425300159536
353 0.00356808613145825
389 0.0007788406609122869
412 0.00036951756716372796
413 0.0007186294941139708
437 0.0005180488295811783
457 0.0006011388596619117
475 0.001889326889457204
497 0.0010880050158845493
520 0.0003432074323131972
542 0.015167729777318178
544 0.0016852593740820454
573 0.0011351003118447
622 0.0016794931385806316
633 0.0007608226759490672
634 0.0008968829210099529
696 0.0010654088584181574
770 0.002690648763029859
779 0.0005755223958501378
792 0.007012303666172833
793 0.0014024607332345665
794 0.0009668275046354771
795 0.0022707068840873636
796 0.005609842932938266
797 0.0014024607332345665
798 0.0014024607332345665
799 0.0014024607332345665
800 0.001233934795826362
801 0.014024607332345666
802 0.01542706806558023
803 0.0014272344525833
804 0.0014024607332345665
805 0.0017364923017055933
806 0.011105413162437256
807 0.011219685865876532
808 0.001233934795826362
809 0.0011353534420436818
810 0.002130817716836315
811 0.003991507836136363
812 0.0014024607332345665
813 0.0010111556244492273
814 0.0011353534420436818
815 0.0009668275046354771
816 0.001233934795826362
817 0.0014024607332345665
818 0.001233934795826362
819 0.0014024607332345665