0 0.00012419781759445434
1 0.00009782275243664496
2 0.00011794730538676969
3 0.00042377080113265817
4 0.00036951756716372796
5 0.00013988916725104833
7 0.0001345454019413534
8 0.000230498281105941
9 0.0006241182422011089
13 0.00001846667249036454
16 0.00014535302717131544
18 0.0006865747669893828
26 0.00021900961471874297
34 0.00016696862548619968
36 0.00008671892631624905
37 0.000362668338628183
38 0.000009174895847454548
39 0.00002315732918641887
40 0.00003669958338981819
41 0.00002462222998715272
42 0.0001278820616880182
43 0.00003401869087870331
44 0.0004976362107612556
45 0.00016483120196417766
46 0.00026769710912056773
47 0.0002618057511210246
48 0.00022854540687854879
49 0.0001358537659309924
51 0.0001670110942886723
52 0.000044525744481152654
56 0.00027977833450209665
58 0.00043059522159367926
59 0.0016873276193209129
60 0.0002756119639105608
61 0.00019112209487459625
63 0.0000045802197502998095
66 0.00019245982333411082
67 0.0005649746559231872
69 0.0007788406609122869
71 0.0004152389947112455
84 0.000331048322034894
85 0.0004125164454002661
91 0.0006997202134445921
97 0.00047159727675776246
104 0.0014920636919003286
113 0.00026863163182146973
114 0.0014920636919003286
160 0.00038382354820504417
179 0.0013244826443327736
193 0.001239701031327776
196 0.0009252453139777587
283 0.0009668275046354771
286 0.0004769410420674574
288 0.0009124729869599541
291 0.0007608226759490672
416 0.0027988808537783684
437 0.0010360976591623566
457 0.0006011388596619117
493 0.0011351003118447
495 0.0006622413221663868
578 0.0008426296870410227
716 0.0005523494856132488
788 0.003973447932998321
862 0.0020223112488984545
898 0.0006103147235040822
902 0.001301861678791858
980 0.0006997202134445921
1319 0.0011353534420436818
1320 0.004044622497796909
1412 0.0009668275046354771
1445 0.0011353534420436818
1534 0.004935739183305448
1551 0.004834137523177386
1586 0.008701447541719294
1772 0.001233934795826362
1781 0.00260473845255839
1949 0.005327044292090787
2923 0.007403608774958171
3208 0.007457862008927101
3507 0.0010654088584181574
3778 0.01542706806558023
3779 0.0014024607332345665
3780 0.0014024607332345665
3781 0.0014024607332345665
3782 0.0014024607332345665
3783 0.0014024607332345665
3784 0.0014024607332345665
3785 0.0014024607332345665
3786 0.0014024607332345665
3787 0.0014024607332345665
3788 0.0014024607332345665