9 0.0004160788281340726
13 0.00004308890247751726
28 0.00043261292225370724
37 0.0010880050158845493
38 0.000009174895847454548
39 0.000015438219457612578
40 0.000012233194463272731
41 0.00001846667249036454
42 0.0001278820616880182
43 0.000025514018159027487
44 0.0002488181053806278
47 0.0002618057511210246
49 0.0000679268829654962
52 0.000022262872240576327
55 0.0002246860951459229
56 0.00041966750175314503
61 0.00019112209487459625
63 0.000006870329625449715
67 0.0001412436639807968
79 0.0007608226759490672
80 0.0008968829210099529
82 0.003634760228548258
84 0.000331048322034894
102 0.0008475416022653163
103 0.0008682461508527967
104 0.00037301592297508214
123 0.0003111316863753057
125 0.00048799437882329435
149 0.000640123214165967
156 0.0009293486133572717
165 0.000362668338628183
171 0.0002134626471120881
176 0.0005837649321194501
209 0.0020223112488984545
210 0.0005245327214076215
214 0.0010360976591623566
251 0.000902649156511367
260 0.0013482074992656363
277 0.0014099603770960866
286 0.0004769410420674574
288 0.00045623649347997704
320 0.0011196620923870878
345 0.0011353534420436818
366 0.0006997202134445921
412 0.00036951756716372796
413 0.0003593147470569854
468 0.002439971894116472
495 0.0006622413221663868
497 0.000725336677256366
633 0.0007608226759490672
648 0.003370518748164091
682 0.0020597243009681486
711 0.0018586972267145435
716 0.0005523494856132488
751 0.009833481321649604
782 0.0065093083939592915
823 0.002394904701681818
852 0.0006997202134445921
888 0.0011353534420436818
1037 0.0005755223958501378
1058 0.0023365219827368605
1060 0.0005837649321194501
1112 0.0005922967385408627
1120 0.0052979305773310946
1311 0.001233934795826362
1653 0.008682461508527967
1667 0.024267734986781454
1674 0.0008968829210099529
1809 0.003406060326131045
2083 0.002130817716836315
2089 0.0010111556244492273
2126 0.0010654088584181574
2319 0.0008426296870410227
2746 0.005576091680143631
3040 0.0010111556244492273
3789 0.0014024607332345665
3790 0.002804921466469133
3791 0.0014024607332345665
3792 0.0014024607332345665
3793 0.0014024607332345665
3794 0.0014024607332345665