9 0.0004160788281340726
13 0.00003693334498072908
15 0.0005837649321194501
16 0.0002907060543426309
18 0.0013731495339787657
28 0.00043261292225370724
34 0.00016696862548619968
38 0.000009174895847454548
39 0.000015438219457612578
40 0.000018349791694909097
41 0.000030777787483940904
42 0.0001918230925320273
43 0.000025514018159027487
44 0.0002488181053806278
49 0.0002037806488964886
52 0.000022262872240576327
55 0.0002246860951459229
56 0.00013988916725104833
57 0.0003527432244730031
61 0.00019112209487459625
63 0.0000045802197502998095
66 0.00019245982333411082
81 0.0021760100317690986
84 0.000662096644069788
87 0.0003951340309755019
113 0.0005372632636429395
118 0.002501855979233044
124 0.0003370518748164091
144 0.0009124729869599541
158 0.002302089583400551
171 0.0002134626471120881
229 0.0008968829210099529
253 0.0004824049019877245
277 0.00035249009427402165
304 0.0004937153847581824
310 0.0005854475100053178
355 0.0009668275046354771
357 0.0005837649321194501
397 0.0029004825139064315
411 0.0008411382049252463
412 0.0007390351343274559
413 0.0007186294941139708
431 0.0006865747669893828
445 0.0004663684400884302
468 0.002439971894116472
497 0.000362668338628183
515 0.0008682461508527967
735 0.0016389135536082674
788 0.0019867239664991604
813 0.0010111556244492273
879 0.000650930839395929
902 0.000650930839395929
1109 0.002130817716836315
1196 0.0006741037496328182
1300 0.0018586972267145435
1435 0.001233934795826362
1468 0.0009293486133572717
1472 0.0007983015672272726
1582 0.001233934795826362
1923 0.001233934795826362
2126 0.0010654088584181574
2199 0.0008426296870410227
2492 0.0010654088584181574
3734 0.001233934795826362
3751 0.001233934795826362
3795 0.0014024607332345665
3796 0.0042073821997037
3797 0.0014024607332345665
3798 0.005609842932938266
3799 0.0014024607332345665
3800 0.002804921466469133
3801 0.002804921466469133
3802 0.0014024607332345665
3803 0.0014024607332345665
3804 0.0014024607332345665
3805 0.0014024607332345665
3806 0.0014024607332345665
3807 0.0014024607332345665
3808 0.0014024607332345665
3809 0.0014024607332345665
3810 0.002804921466469133