0 0.00012419781759445434
1 0.00009782275243664496
2 0.00011794730538676969
5 0.00013988916725104833
6 0.0001467383957865933
7 0.0001345454019413534
8 0.000230498281105941
13 0.00004308890247751726
16 0.00014535302717131544
26 0.00021900961471874297
30 0.0007826102175706785
34 0.00008348431274309984
38 0.000012233194463272731
39 0.000007719109728806289
40 0.0000061165972316363655
41 0.00002462222998715272
43 0.000017009345439351656
45 0.0002472468029462665
48 0.00022854540687854879
49 0.0001358537659309924
52 0.000022262872240576327
61 0.00019112209487459625
63 0.000009160439500599619
64 0.00007506333130309098
66 0.00038491964666822163
72 0.0060565809115519014
74 0.0006865747669893828
82 0.00025962573061058986
87 0.0015805361239020076
89 0.0003916734089637078
115 0.0004663684400884302
118 0.0005559679953851209
123 0.0003111316863753057
130 0.00038382354820504417
151 0.000650930839395929
159 0.0003495228921729738
165 0.000362668338628183
171 0.0002134626471120881
192 0.000650930839395929
196 0.0003084151046592529
214 0.0005180488295811783
245 0.0003765653514752408
250 0.00041108279890300333
255 0.000362668338628183
267 0.0005180488295811783
286 0.0004769410420674574
287 0.0004937153847581824
288 0.0009124729869599541
320 0.003918817323354807
353 0.00071361722629165
360 0.0007390351343274559
377 0.0014272344525833
390 0.002130817716836315
411 0.0005607588032834975
412 0.00036951756716372796
413 0.0003593147470569854
442 0.0006103147235040822
494 0.0005523494856132488
496 0.001076087009143865
497 0.000362668338628183
520 0.0003432074323131972
539 0.0008194567768041337
664 0.001889326889457204
721 0.0016389135536082674
759 0.0027988808537783684
781 0.0009668275046354771
841 0.0006865747669893828
858 0.000650930839395929
868 0.00056755015592235
876 0.0014272344525833
1062 0.0005598310461935439
1070 0.0007788406609122869
1285 0.0008194567768041337
1300 0.0009293486133572717
1472 0.0007983015672272726
1475 0.0009668275046354771
2027 0.0008426296870410227
2180 0.0010111556244492273
2650 0.001233934795826362
3022 0.0011353534420436818
3811 0.005609842932938266
3812 0.002804921466469133
3813 0.0014024607332345665