1 0.00009782275243664496
13 0.000030777787483940904
19 0.00036606883509663425
27 0.000619850515663888
28 0.00043261292225370724
38 0.000012233194463272731
39 0.000015438219457612578
40 0.000012233194463272731
41 0.00002462222998715272
42 0.0001278820616880182
43 0.00004252336359837915
45 0.00016483120196417766
46 0.0004684699409609935
47 0.00036652805156943435
48 0.00022854540687854879
49 0.0000679268829654962
52 0.000022262872240576327
55 0.0002246860951459229
56 0.00013988916725104833
61 0.00009556104743729812
63 0.000009160439500599619
64 0.00007506333130309098
66 0.0007698392933364433
67 0.0001412436639807968
68 0.00041108279890300333
81 0.0036266833862818306
82 0.0005192514612211797
85 0.00020625822270013306
104 0.00037301592297508214
114 0.00037301592297508214
118 0.0011119359907702418
123 0.0003111316863753057
130 0.00038382354820504417
149 0.001280246428331934
159 0.0003495228921729738
171 0.0002134626471120881
177 0.000362668338628183
265 0.0008426296870410227
277 0.00035249009427402165
308 0.0007283569836017483
313 0.0007283569836017483
371 0.0005837649321194501
411 0.00028037940164174876
487 0.0018586972267145435
497 0.000725336677256366
664 0.0006297756298190679
1064 0.0009293486133572717
1070 0.0007788406609122869
1073 0.0008194567768041337
1548 0.0018586972267145435
1596 0.0008682461508527967
1857 0.0011353534420436818
1873 0.0008968829210099529
2375 0.0011353534420436818
2440 0.0010111556244492273
3814 0.001233934795826362
3815 0.002467869591652724
3816 0.0014024607332345665
3817 0.0014024607332345665
3818 0.001233934795826362