13 0.00002462222998715272
16 0.00014535302717131544
33 0.0003281012370525588
34 0.00008348431274309984
38 0.0000061165972316363655
39 0.00002315732918641887
40 0.000009174895847454548
42 0.0000639410308440091
43 0.000017009345439351656
45 0.00008241560098208883
46 0.00026769710912056773
47 0.00020944460089681964
49 0.0000679268829654962
52 0.000022262872240576327
56 0.00013988916725104833
63 0.000009160439500599619
64 0.00007506333130309098
65 0.0002586331305440423
67 0.0001412436639807968
68 0.00123324839670901
71 0.0004152389947112455
89 0.0001958367044818539
97 0.00047159727675776246
100 0.0006741037496328182
113 0.00026863163182146973
114 0.00037301592297508214
120 0.010111556244492273
130 0.00038382354820504417
132 0.000650930839395929
185 0.0007788406609122869
212 0.00071361722629165
251 0.0004513245782556835
260 0.0013482074992656363
277 0.00017624504713701082
304 0.0004937153847581824
324 0.0006741037496328182
352 0.00071361722629165
360 0.00036951756716372796
411 0.0005607588032834975
445 0.0004663684400884302
468 0.0009759887576465887
527 0.0010111556244492273
666 0.0006011388596619117
754 0.004044622497796909
822 0.0019336550092709543
1133 0.0008682461508527967
1240 0.0010111556244492273
1297 0.0010654088584181574
1343 0.0009293486133572717
1494 0.0010111556244492273
1835 0.0011353534420436818
2156 0.0009668275046354771
2342 0.0009668275046354771
2370 0.0022707068840873636
2507 0.005676767210218409
2746 0.0009293486133572717
3139 0.0010654088584181574
3819 0.002804921466469133
3820 0.0014024607332345665
3821 0.0014024607332345665
3822 0.002804921466469133
3823 0.0014024607332345665