0 0.00012419781759445434
1 0.00009782275243664496
2 0.00011794730538676969
3 0.00042377080113265817
4 0.00036951756716372796
5 0.00013988916725104833
6 0.0001467383957865933
7 0.0001345454019413534
8 0.000230498281105941
9 0.0010401970703351816
13 0.000030777787483940904
16 0.00014535302717131544
20 0.0003084151046592529
33 0.0003281012370525588
34 0.00008348431274309984
36 0.00008671892631624905
38 0.000009174895847454548
39 0.000015438219457612578
40 0.000012233194463272731
41 0.00002462222998715272
42 0.0001278820616880182
43 0.00003401869087870331
44 0.0004976362107612556
45 0.00008241560098208883
46 0.00033462138640070967
47 0.0002618057511210246
48 0.00022854540687854879
49 0.0000679268829654962
51 0.0001670110942886723
52 0.000044525744481152654
55 0.0002246860951459229
56 0.00013988916725104833
57 0.0007054864489460062
58 0.0006458928323905189
59 0.0003749616931824251
60 0.0002756119639105608
61 0.00019112209487459625
63 0.0000022901098751499047
67 0.0001412436639807968
81 0.0018133416931409153
85 0.00020625822270013306
87 0.0007902680619510038
89 0.0001958367044818539
95 0.0008682461508527967
100 0.0006741037496328182
105 0.0014147918302732875
107 0.0003875355521269475
118 0.0008339519930776814
123 0.0003111316863753057
150 0.000775071104253895
159 0.0003495228921729738
165 0.000362668338628183
171 0.0002134626471120881
183 0.003778653778914408
193 0.000619850515663888
196 0.0009252453139777587
206 0.0008682461508527967
237 0.0014880966665166847
263 0.0005755223958501378
287 0.0004937153847581824
288 0.0009124729869599541
396 0.001776890215622588
468 0.00048799437882329435
507 0.0005755223958501378
538 0.0010234667394428036
550 0.0005922967385408627
578 0.0008426296870410227
641 0.0006865747669893828
664 0.0012595512596381359
858 0.001301861678791858
980 0.0006997202134445921
1028 0.0008968829210099529
1276 0.0006622413221663868
1278 0.004935739183305448
1463 0.001233934795826362
1522 0.0011353534420436818
1523 0.0011353534420436818
1748 0.001233934795826362
1749 0.001233934795826362
2280 0.001233934795826362
2957 0.001233934795826362
3007 0.002130817716836315
3824 0.0084147643994074
3825 0.0014024607332345665
3826 0.0014024607332345665
3827 0.0014024607332345665
3828 0.0014024607332345665
3829 0.0014024607332345665