0 0.00012419781759445434
1 0.00009782275243664496
2 0.00011794730538676969
5 0.00013988916725104833
6 0.0001467383957865933
7 0.0001345454019413534
8 0.000230498281105941
13 0.00001846667249036454
16 0.0002907060543426309
28 0.00043261292225370724
29 0.0005180488295811783
34 0.00008348431274309984
37 0.000725336677256366
38 0.000009174895847454548
39 0.000015438219457612578
40 0.000009174895847454548
41 0.00000615555749678818
43 0.000025514018159027487
45 0.00016483120196417766
46 0.00013384855456028387
47 0.00047125035201784417
49 0.0000679268829654962
51 0.0001670110942886723
52 0.000044525744481152654
55 0.0004493721902918458
56 0.00041966750175314503
57 0.0007054864489460062
58 0.0008611904431873585
59 0.0005624425397736376
60 0.0002756119639105608
61 0.00019112209487459625
63 0.0000045802197502998095
64 0.00015012666260618196
66 0.00019245982333411082
67 0.0002824873279615936
71 0.0004152389947112455
72 0.00043261292225370724
87 0.0003951340309755019
99 0.0006741037496328182
104 0.00037301592297508214
105 0.0014147918302732875
107 0.000775071104253895
115 0.0004663684400884302
118 0.0008339519930776814
124 0.00016852593740820454
139 0.0005311942760363876
158 0.0011510447917002756
176 0.0005837649321194501
198 0.0008194567768041337
212 0.00071361722629165
217 0.004564936055694403
250 0.00041108279890300333
274 0.0018309441705122468
277 0.0005287351414110325
279 0.000446509935100765
294 0.00071361722629165
304 0.0004937153847581824
353 0.0014272344525833
445 0.0004663684400884302
462 0.0010654088584181574
466 0.0010111556244492273
468 0.0009759887576465887
538 0.0010234667394428036
546 0.0007608226759490672
596 0.0006741037496328182
629 0.0011353534420436818
715 0.0008194567768041337
721 0.0008194567768041337
841 0.0013731495339787657
858 0.0039055850363755745
861 0.00426163543367263
868 0.00056755015592235
980 0.0013994404268891842
994 0.0011353534420436818
1060 0.0005837649321194501
1062 0.0005598310461935439
1162 0.000619850515663888
1214 0.0007788406609122869
1236 0.0029004825139064315
1310 0.0006622413221663868
1328 0.0014880966665166847
1378 0.0011353534420436818
2034 0.005327044292090787
2202 0.0019336550092709543
2879 0.00681212065226209
3040 0.0010111556244492273
3294 0.001233934795826362
3830 0.0084147643994074
3831 0.005609842932938266
3832 0.0011353534420436818
3833 0.002804921466469133
3834 0.0014024607332345665
3835 0.0014024607332345665
3836 0.0014024607332345665
3837 0.0014024607332345665
3838 0.002804921466469133
3839 0.0014024607332345665
3840 0.0014024607332345665
3841 0.0014024607332345665