0 0.00012419781759445434
1 0.00009782275243664496
2 0.00011794730538676969
5 0.00013988916725104833
6 0.0001467383957865933
7 0.0001345454019413534
8 0.000230498281105941
13 0.00001846667249036454
26 0.00021900961471874297
34 0.00008348431274309984
36 0.00008671892631624905
38 0.0000061165972316363655
39 0.000007719109728806289
40 0.000015291493079090914
41 0.00002462222998715272
42 0.0000639410308440091
43 0.000017009345439351656
52 0.000022262872240576327
58 0.0010764880539841982
59 0.0009374042329560627
60 0.0002756119639105608
63 0.000009160439500599619
65 0.0002586331305440423
82 0.00025962573061058986
100 0.0003370518748164091
105 0.00047159727675776246
113 0.00026863163182146973
165 0.000362668338628183
171 0.0002134626471120881
219 0.004044622497796909
250 0.00041108279890300333
252 0.0007608226759490672
274 0.0012206294470081644
278 0.0007788406609122869
292 0.001280246428331934
310 0.0011708950200106356
350 0.0016852593740820454
441 0.0011675298642389001
483 0.0008968829210099529
484 0.0020991606403337765
489 0.0011353534420436818
496 0.0005380435045719325
545 0.0015576813218245737
666 0.0006011388596619117
671 0.0005598310461935439
693 0.0008194567768041337
1007 0.0008426296870410227
1029 0.0015352001091642055
1177 0.0009668275046354771
1182 0.0008682461508527967
1251 0.0009668275046354771
2115 0.00260473845255839
2462 0.001233934795826362
3270 0.01357328275408998
3842 0.0014024607332345665
3843 0.0014024607332345665
3844 0.0014024607332345665
3845 0.0014024607332345665
3846 0.005609842932938266
3847 0.005609842932938266
3848 0.005609842932938266
3849 0.0014024607332345665
3850 0.0014024607332345665
3851 0.002804921466469133
3852 0.0014024607332345665
3853 0.0014024607332345665
3854 0.0014024607332345665
3855 0.0014024607332345665
3856 0.0014024607332345665
3857 0.0014024607332345665
3858 0.0014024607332345665