9 0.0006241182422011089
13 0.00000615555749678818
16 0.0002907060543426309
19 0.0018303441754831714
29 0.0010360976591623566
34 0.0007513588146878985
35 0.0020597243009681486
36 0.0005203135578974944
38 0.0000061165972316363655
39 0.00003859554864403145
40 0.000012233194463272731
41 0.00002462222998715272
42 0.0001278820616880182
43 0.000025514018159027487
44 0.0002488181053806278
46 0.0006023184955212773
47 0.0004188892017936393
48 0.00022854540687854879
49 0.0002717075318619848
52 0.000022262872240576327
55 0.0002246860951459229
56 0.00027977833450209665
59 0.0005624425397736376
61 0.00019112209487459625
63 0.000006870329625449715
64 0.00007506333130309098
67 0.00042373099194239035
68 0.00041108279890300333
72 0.0021630646112685364
81 0.007978703449820027
82 0.00025962573061058986
84 0.000662096644069788
85 0.00020625822270013306
87 0.0003951340309755019
88 0.0008139929168838665
90 0.0006622413221663868
102 0.00042377080113265817
104 0.00037301592297508214
114 0.0007460318459501643
122 0.0007120135679988341
124 0.00016852593740820454
125 0.0009759887576465887
140 0.0010111556244492273
143 0.0070051791854334015
150 0.00155014220850779
151 0.000650930839395929
160 0.00038382354820504417
184 0.0008194567768041337
186 0.0005180488295811783
196 0.0003084151046592529
253 0.0004824049019877245
261 0.0005180488295811783
278 0.004673043965473721
287 0.0019748615390327295
289 0.0014880966665166847
309 0.0009759887576465887
321 0.0007440483332583423
371 0.0005837649321194501
406 0.0017364923017055933
493 0.0045404012473788
494 0.007732892798585483
497 0.000725336677256366
520 0.0020592445938791837
573 0.0017026504677670501
622 0.0011196620923870878
670 0.0013731495339787657
743 0.0010111556244492273
753 0.000619850515663888
1029 0.0005117333697214018
1036 0.0015216453518981344
1283 0.0006997202134445921
1346 0.003033466873347682
1377 0.0011353534420436818
1442 0.005800965027812863
1591 0.0029004825139064315
1693 0.0008968829210099529
2007 0.0008968829210099529
2262 0.002130817716836315
2585 0.002130817716836315
3427 0.001233934795826362
3859 0.0014024607332345665
3860 0.002804921466469133
3861 0.002804921466469133
3862 0.002804921466469133
3863 0.002804921466469133
3864 0.0014024607332345665