0 0.00012419781759445434
1 0.00009782275243664496
2 0.00011794730538676969
5 0.00013988916725104833
6 0.0001467383957865933
7 0.0001345454019413534
13 0.00001846667249036454
26 0.00021900961471874297
27 0.000619850515663888
34 0.00016696862548619968
36 0.0001734378526324981
38 0.000009174895847454548
39 0.00002315732918641887
40 0.000012233194463272731
41 0.00001846667249036454
42 0.0001278820616880182
43 0.000025514018159027487
45 0.0002472468029462665
46 0.00026769710912056773
47 0.00031416690134522947
49 0.0000679268829654962
51 0.0001670110942886723
52 0.000022262872240576327
63 0.0000045802197502998095
64 0.00007506333130309098
65 0.00012931656527202115
66 0.00038491964666822163
67 0.0001412436639807968
68 0.00123324839670901
84 0.000331048322034894
88 0.00040699645844193325
100 0.0010111556244492273
113 0.0005372632636429395
127 0.003370518748164091
165 0.000362668338628183
171 0.0002134626471120881
226 0.0009538820841349148
250 0.00041108279890300333
261 0.0005180488295811783
360 0.00036951756716372796
411 0.00028037940164174876
412 0.00036951756716372796
413 0.0003593147470569854
538 0.0005117333697214018
543 0.00437014190161049
820 0.0007983015672272726
821 0.0009293486133572717
822 0.0009668275046354771
823 0.0007983015672272726
824 0.009817225132641966
825 0.0019336550092709543
826 0.0006865747669893828
827 0.002130817716836315
828 0.0014024607332345665
829 0.002467869591652724