0 0.00012419781759445434
1 0.00009782275243664496
2 0.00011794730538676969
5 0.00013988916725104833
6 0.0001467383957865933
7 0.0001345454019413534
8 0.000230498281105941
13 0.000030777787483940904
16 0.00014535302717131544
26 0.0010950480735937148
30 0.001565220435141357
34 0.0006678745019447987
36 0.0007804703368462416
37 0.000362668338628183
38 0.000009174895847454548
39 0.0000694719875592566
40 0.000012233194463272731
41 0.00002462222998715272
42 0.0000639410308440091
43 0.00003401869087870331
45 0.0004120780049104442
46 0.0005353942182411355
47 0.0004188892017936393
48 0.00022854540687854879
49 0.0000679268829654962
52 0.000044525744481152654
56 0.00013988916725104833
57 0.0003527432244730031
58 0.0008611904431873585
59 0.0005624425397736376
60 0.0002756119639105608
61 0.00019112209487459625
63 0.000011450549375749525
64 0.00007506333130309098
65 0.00012931656527202115
67 0.0005649746559231872
89 0.0001958367044818539
100 0.0010111556244492273
113 0.0005372632636429395
117 0.0008968829210099529
125 0.00048799437882329435
150 0.0011626066563808425
171 0.0002134626471120881
180 0.0002952696582040436
184 0.0008194567768041337
186 0.0005180488295811783
192 0.001301861678791858
196 0.0006168302093185058
198 0.010652938098453737
217 0.0007608226759490672
226 0.0004769410420674574
245 0.0003765653514752408
246 0.0007283569836017483
247 0.00056755015592235
250 0.00041108279890300333
261 0.0005180488295811783
263 0.0011510447917002756
265 0.0008426296870410227
267 0.001554146488743535
269 0.023444761120700878
277 0.0005287351414110325
278 0.0007788406609122869
286 0.0004769410420674574
288 0.00045623649347997704
289 0.0014880966665166847
296 0.0008194567768041337
298 0.0011353534420436818
310 0.0002927237550026589
335 0.0008426296870410227
347 0.0005117333697214018
368 0.0005837649321194501
375 0.00047159727675776246
403 0.0031932062689090904
467 0.0008968829210099529
491 0.0005755223958501378
538 0.0005117333697214018
551 0.0006741037496328182
576 0.000619850515663888
594 0.00071361722629165
614 0.0010654088584181574
670 0.0027462990679575313
709 0.0006297756298190679
752 0.0046467430667863595
759 0.008396642561335106
805 0.0008682461508527967
826 0.0006865747669893828
841 0.0006865747669893828
858 0.001301861678791858
863 0.0010111556244492273
898 0.0012206294470081644
951 0.0008968829210099529
966 0.007947474094305773
1007 0.0008426296870410227
1029 0.0005117333697214018
1031 0.0008426296870410227
1073 0.0008194567768041337
1080 0.02467869591652724
1309 0.001233934795826362
1551 0.0009668275046354771
1622 0.0020223112488984545
1892 0.0019336550092709543
1910 0.0009668275046354771
2014 0.0008194567768041337
2027 0.0016852593740820454
2083 0.0010654088584181574
2374 0.0011353534420436818
2381 0.0009668275046354771
2416 0.0011353534420436818
2555 0.0011353534420436818
2605 0.011353534420436818
2654 0.004541413768174727
2655 0.0010654088584181574
2661 0.0011353534420436818
2774 0.0419537830580963
2940 0.016041152345742705
3237 0.001233934795826362
3714 0.011353534420436818
3865 0.002804921466469133
3866 0.0014024607332345665
3867 0.0014024607332345665
3868 0.0014024607332345665
3869 0.0168295287988148
3870 0.0014024607332345665
3871 0.001233934795826362
3872 0.0014024607332345665
3873 0.0014024607332345665
3874 0.0014024607332345665
3875 0.0014024607332345665
3876 0.0014024607332345665
3877 0.0014024607332345665
3878 0.0014024607332345665
3879 0.0014024607332345665
3880 0.0014024607332345665