0 0.00012419781759445434
1 0.00039129100974657984
2 0.00011794730538676969
5 0.00013988916725104833
6 0.0001467383957865933
7 0.0001345454019413534
13 0.00001846667249036454
26 0.00043801922943748593
38 0.000015291493079090914
39 0.00002315732918641887
40 0.000009174895847454548
41 0.00001846667249036454
43 0.000017009345439351656
46 0.00006692427728014193
51 0.0001670110942886723
52 0.000044525744481152654
58 0.0012917856647810379
60 0.0002756119639105608
63 0.000006870329625449715
64 0.00015012666260618196
65 0.00012931656527202115
67 0.0001412436639807968
71 0.0004152389947112455
81 0.000362668338628183
100 0.0003370518748164091
104 0.0007460318459501643
113 0.002149053054571758
117 0.0008968829210099529
123 0.0003111316863753057
124 0.00016852593740820454
156 0.0009293486133572717
159 0.0003495228921729738
171 0.0004269252942241762
180 0.0002952696582040436
185 0.010124928591859728
192 0.001301861678791858
196 0.0003084151046592529
209 0.0010111556244492273
245 0.0003765653514752408
250 0.0008221655978060067
277 0.00017624504713701082
307 0.00047159727675776246
310 0.0002927237550026589
324 0.0006741037496328182
341 0.0010111556244492273
353 0.00214085167887495
368 0.0005837649321194501
404 0.0009668275046354771
416 0.0020991606403337765
442 0.0006103147235040822
445 0.0009327368801768604
457 0.0012022777193238235
475 0.00314887814909534
520 0.0003432074323131972
545 0.0007788406609122869
551 0.0006741037496328182
806 0.009871478366610896
852 0.0006997202134445921
874 0.0011353534420436818
879 0.001301861678791858
1072 0.005327044292090787
1087 0.0009668275046354771
1210 0.003196226575254472
1321 0.0007788406609122869
1368 0.0009668275046354771
1495 0.0020223112488984545
1526 0.002130817716836315
1843 0.0008682461508527967
1880 0.0009668275046354771
2129 0.003196226575254472
2163 0.0010111556244492273
2631 0.011659477973129388
2722 0.0009293486133572717
3055 0.001233934795826362
3113 0.0011353534420436818
3881 0.0042073821997037
3882 0.005609842932938266
3883 0.002804921466469133
3884 0.0014024607332345665
3885 0.0014024607332345665
3886 0.002804921466469133
3887 0.0014024607332345665
3888 0.0014024607332345665