9 0.0004160788281340726
12 0.002527889061123068
13 0.00002462222998715272
14 0.0010360976591623566
15 0.0011675298642389001
16 0.0002907060543426309
17 0.002927966272939766
19 0.00036606883509663425
23 0.0010111556244492273
26 0.00021900961471874297
28 0.0008652258445074145
29 0.0005180488295811783
33 0.0003281012370525588
34 0.00008348431274309984
36 0.00008671892631624905
38 0.0000061165972316363655
39 0.000007719109728806289
40 0.000012233194463272731
41 0.00002462222998715272
42 0.0001278820616880182
43 0.000017009345439351656
47 0.00005236115022420491
49 0.0000679268829654962
51 0.0001670110942886723
52 0.000022262872240576327
56 0.00027977833450209665
57 0.0003527432244730031
63 0.000006870329625449715
71 0.0004152389947112455
107 0.0003875355521269475
122 0.00035600678399941706
149 0.000640123214165967
210 0.0005245327214076215
217 0.0015216453518981344
251 0.0013539737347670504
253 0.000964809803975449
267 0.0005180488295811783
277 0.0005287351414110325
296 0.0008194567768041337
391 0.0020223112488984545
392 0.0023365219827368605
399 0.0013994404268891842
412 0.00036951756716372796
413 0.0003593147470569854
444 0.0010111556244492273
449 0.0007788406609122869
475 0.0025191025192762718
520 0.0003432074323131972
649 0.0007440483332583423
769 0.0016389135536082674
842 0.0007983015672272726
1330 0.0006865747669893828
1396 0.0015216453518981344
1603 0.0017364923017055933
1973 0.002467869591652724
2906 0.001233934795826362
2924 0.001233934795826362
3224 0.001233934795826362
3889 0.002804921466469133
3890 0.007012303666172833
3891 0.0014024607332345665
3892 0.0014024607332345665
3893 0.0014024607332345665
3894 0.0014024607332345665