0 0.00012419781759445434
1 0.00009782275243664496
2 0.00011794730538676969
3 0.00042377080113265817
4 0.00036951756716372796
5 0.00013988916725104833
6 0.0001467383957865933
7 0.0001345454019413534
8 0.000230498281105941
9 0.0006241182422011089
13 0.00001846667249036454
16 0.00014535302717131544
20 0.0006168302093185058
21 0.00035600678399941706
22 0.000446509935100765
34 0.00008348431274309984
36 0.00008671892631624905
38 0.000009174895847454548
39 0.000015438219457612578
40 0.000015291493079090914
41 0.00002462222998715272
42 0.0001278820616880182
43 0.00004252336359837915
44 0.0007464543161418835
45 0.00008241560098208883
46 0.00026769710912056773
47 0.00020944460089681964
48 0.00022854540687854879
49 0.0001358537659309924
51 0.0001670110942886723
52 0.000022262872240576327
61 0.00009556104743729812
63 0.0000045802197502998095
68 0.0008221655978060067
76 0.0009431945535155249
81 0.000362668338628183
85 0.0004125164454002661
100 0.0003370518748164091
105 0.00047159727675776246
114 0.00037301592297508214
130 0.00038382354820504417
160 0.00038382354820504417
183 0.0006297756298190679
186 0.0005180488295811783
360 0.00036951756716372796
411 0.0005607588032834975
476 0.0040972838840206685
477 0.005327044292090787
496 0.0005380435045719325
497 0.000362668338628183
552 0.0006297756298190679
689 0.0007608226759490672
716 0.0005523494856132488
780 0.0006622413221663868
876 0.00071361722629165
1085 0.0007440483332583423
1206 0.003406060326131045
1207 0.0037018043874790857
1210 0.0010654088584181574
1662 0.0010111556244492273
3898 0.0014024607332345665
3899 0.0014024607332345665
3900 0.0014024607332345665
3901 0.0014024607332345665
3902 0.0014024607332345665
3903 0.0014024607332345665
3904 0.0014024607332345665
3905 0.0014024607332345665
3906 0.0014024607332345665
3907 0.0014024607332345665