0 0.00012419781759445434
1 0.00019564550487328992
2 0.00011794730538676969
5 0.00013988916725104833
6 0.0001467383957865933
7 0.0001345454019413534
8 0.000230498281105941
13 0.000030777787483940904
19 0.00036606883509663425
33 0.0003281012370525588
34 0.00033393725097239935
35 0.0006865747669893828
36 0.0001734378526324981
37 0.000362668338628183
38 0.000009174895847454548
39 0.000015438219457612578
40 0.000012233194463272731
41 0.00001846667249036454
42 0.0000639410308440091
43 0.00003401869087870331
45 0.0002472468029462665
46 0.0005353942182411355
47 0.0002618057511210246
48 0.00022854540687854879
49 0.0001358537659309924
52 0.000022262872240576327
56 0.00041966750175314503
58 0.0006458928323905189
59 0.0005624425397736376
63 0.0000045802197502998095
64 0.00007506333130309098
65 0.00012931656527202115
68 0.0008221655978060067
72 0.006489193833805609
82 0.0012981286530529493
87 0.003161072247804015
89 0.0005875101134455617
97 0.00047159727675776246
105 0.00047159727675776246
107 0.0003875355521269475
114 0.0007460318459501643
117 0.0008968829210099529
122 0.00035600678399941706
130 0.00038382354820504417
156 0.0009293486133572717
160 0.00038382354820504417
171 0.0004269252942241762
180 0.0005905393164080872
196 0.0009252453139777587
247 0.00056755015592235
248 0.001233934795826362
253 0.0004824049019877245
255 0.000362668338628183
264 0.0004995742594430985
277 0.0008812252356850542
279 0.000446509935100765
297 0.0022824680278472017
310 0.0002927237550026589
360 0.00036951756716372796
370 0.001233934795826362
411 0.00028037940164174876
412 0.0007390351343274559
413 0.0007186294941139708
431 0.0020597243009681486
445 0.0018654737603537208
494 0.00441879588490599
520 0.0003432074323131972
538 0.0005117333697214018
576 0.000619850515663888
608 0.0014880966665166847
609 0.0015216453518981344
613 0.0005922967385408627
664 0.0006297756298190679
753 0.000619850515663888
769 0.002458370330412401
772 0.0005311942760363876
1029 0.0010234667394428036
1031 0.0008426296870410227
1111 0.0009668275046354771
1285 0.0008194567768041337
1340 0.0010654088584181574
1376 0.0010111556244492273
1499 0.0031932062689090904
1542 0.0009668275046354771
1636 0.0009293486133572717
1742 0.007175063368079623
1830 0.0008426296870410227
1839 0.003033466873347682
1903 0.001233934795826362
2085 0.0007788406609122869
2180 0.0010111556244492273
2202 0.0009668275046354771
2203 0.0010111556244492273
2204 0.01415617874228918
2661 0.0011353534420436818
2769 0.0010654088584181574
3259 0.001233934795826362
3908 0.0014024607332345665
3909 0.0014024607332345665
3910 0.0014024607332345665
3911 0.0014024607332345665