9 0.001456275898469254
13 0.00003693334498072908
34 0.0004174215637154992
36 0.0001734378526324981
37 0.000725336677256366
38 0.0000061165972316363655
39 0.00002315732918641887
40 0.000015291493079090914
41 0.00001231111499357636
43 0.000025514018159027487
44 0.0002488181053806278
46 0.0002007728318404258
47 0.00020944460089681964
52 0.000022262872240576327
56 0.00013988916725104833
61 0.00019112209487459625
63 0.000006870329625449715
65 0.0002586331305440423
67 0.0002824873279615936
71 0.0004152389947112455
74 0.0006865747669893828
88 0.00040699645844193325
100 0.0010111556244492273
124 0.00016852593740820454
143 0.004086354524836151
150 0.000775071104253895
171 0.0006403879413362643
180 0.0002952696582040436
186 0.0005180488295811783
191 0.0008194567768041337
213 0.0010654088584181574
260 0.0006741037496328182
277 0.00017624504713701082
309 0.0009759887576465887
321 0.0007440483332583423
374 0.0008194567768041337
377 0.0014272344525833
394 0.006066933746695364
399 0.0020991606403337765
416 0.0013994404268891842
435 0.0008682461508527967
441 0.0011675298642389001
445 0.0027982106405305815
577 0.0008968829210099529
587 0.0009293486133572717
595 0.002232144999775027
746 0.0006997202134445921
772 0.0005311942760363876
779 0.0005755223958501378
845 0.0007608226759490672
868 0.00056755015592235
979 0.0008194567768041337
1053 0.001233934795826362
1093 0.0015966031344545452
1115 0.0008682461508527967
1208 0.0010654088584181574
1315 0.00071361722629165
1349 0.005676767210218409
1478 0.0009668275046354771
1532 0.0010654088584181574
1638 0.001233934795826362
1701 0.0010111556244492273
1741 0.0010654088584181574
2089 0.0010111556244492273
2323 0.001233934795826362
2443 0.002130817716836315
2483 0.001233934795826362
2795 0.0011353534420436818
2885 0.0010654088584181574
2922 0.001233934795826362
3450 0.001233934795826362
3609 0.001233934795826362
3689 0.001233934795826362
3818 0.002467869591652724
3912 0.0014024607332345665
3913 0.03926890053056786
3914 0.0084147643994074
3915 0.0168295287988148
3916 0.002804921466469133
3917 0.0014024607332345665
3918 0.0042073821997037
3919 0.007012303666172833
3920 0.0014024607332345665
3921 0.007012303666172833
3922 0.0014024607332345665
3923 0.0014024607332345665
3924 0.001233934795826362
3925 0.002804921466469133
3926 0.0014024607332345665
3927 0.0014024607332345665
3928 0.0014024607332345665
3929 0.0014024607332345665
3930 0.0014024607332345665
3931 0.0014024607332345665
3932 0.0014024607332345665