2 0.00011794730538676969
9 0.0004160788281340726
13 0.00001846667249036454
16 0.00014535302717131544
18 0.0006865747669893828
22 0.000446509935100765
26 0.00021900961471874297
34 0.00008348431274309984
37 0.000362668338628183
38 0.000009174895847454548
39 0.000015438219457612578
40 0.000018349791694909097
41 0.00001846667249036454
43 0.00003401869087870331
44 0.0002488181053806278
46 0.00033462138640070967
47 0.00031416690134522947
49 0.0002717075318619848
52 0.000022262872240576327
55 0.0004493721902918458
57 0.0003527432244730031
61 0.00019112209487459625
63 0.000006870329625449715
64 0.00007506333130309098
66 0.00019245982333411082
76 0.00047159727675776246
78 0.004213148435205114
89 0.0003916734089637078
107 0.0011626066563808425
108 0.009082827536349454
125 0.0009759887576465887
146 0.0004513245782556835
160 0.00038382354820504417
175 0.0009293486133572717
177 0.000362668338628183
193 0.000619850515663888
261 0.0010360976591623566
263 0.0005755223958501378
274 0.004272203064528576
309 0.0009759887576465887
310 0.0005854475100053178
358 0.0020223112488984545
376 0.001301861678791858
396 0.0011845934770817253
441 0.0005837649321194501
445 0.0004663684400884302
468 0.00048799437882329435
506 0.0006297756298190679
533 0.0008426296870410227
669 0.0012206294470081644
782 0.000650930839395929
868 0.00056755015592235
1001 0.000640123214165967
1060 0.0005837649321194501
1062 0.0005598310461935439
1176 0.0008968829210099529
1182 0.0008682461508527967
1280 0.0010111556244492273
1290 0.0022707068840873636
1397 0.0005523494856132488
1698 0.0022707068840873636
3208 0.002130817716836315
3933 0.0014024607332345665
3934 0.0014024607332345665
3935 0.0014024607332345665
3936 0.0014024607332345665
3937 0.002804921466469133
3938 0.002804921466469133
3939 0.0014024607332345665
3940 0.0014024607332345665
3941 0.0014024607332345665