1 0.00009782275243664496
13 0.00001846667249036454
16 0.00014535302717131544
23 0.0005055778122246136
26 0.00043801922943748593
33 0.001968607422315353
36 0.0006937514105299924
38 0.000015291493079090914
39 0.0000771910972880629
40 0.00003364128477400001
41 0.00002462222998715272
42 0.0000639410308440091
43 0.000017009345439351656
45 0.00016483120196417766
48 0.00045709081375709757
49 0.0002037806488964886
51 0.0001670110942886723
52 0.000022262872240576327
60 0.0002756119639105608
61 0.00009556104743729812
63 0.00001374065925089943
65 0.00012931656527202115
66 0.0005773794700023325
67 0.0005649746559231872
84 0.000331048322034894
100 0.0006741037496328182
104 0.00037301592297508214
105 0.00047159727675776246
113 0.00026863163182146973
115 0.0004663684400884302
122 0.00035600678399941706
128 0.0023365219827368605
143 0.0017512947963583504
150 0.000775071104253895
159 0.001747614460864869
165 0.000362668338628183
171 0.0002134626471120881
176 0.0011675298642389001
186 0.0005180488295811783
193 0.000619850515663888
196 0.0006168302093185058
212 0.00071361722629165
251 0.0031592720477897846
255 0.000725336677256366
275 0.0006622413221663868
277 0.001057470282822065
287 0.003949723078065459
288 0.00045623649347997704
291 0.0007608226759490672
335 0.0008426296870410227
348 0.00437014190161049
360 0.00036951756716372796
365 0.0016389135536082674
371 0.0005837649321194501
375 0.00047159727675776246
393 0.00056755015592235
412 0.00036951756716372796
413 0.0003593147470569854
415 0.0010111556244492273
430 0.00042815166801879435
445 0.004197315960795872
452 0.0005755223958501378
470 0.0016852593740820454
520 0.0006864148646263945
527 0.005055778122246136
543 0.0007283569836017483
550 0.0005922967385408627
551 0.0006741037496328182
573 0.00056755015592235
576 0.000619850515663888
659 0.0010654088584181574
697 0.0008682461508527967
746 0.0006997202134445921
753 0.000619850515663888
776 0.0008968829210099529
780 0.0006622413221663868
803 0.0014272344525833
823 0.0007983015672272726
870 0.0019336550092709543
903 0.0011353534420436818
911 0.0009668275046354771
970 0.001233934795826362
994 0.0022707068840873636
1028 0.0008968829210099529
1148 0.0010654088584181574
1196 0.0006741037496328182
1219 0.0011353534420436818
1310 0.0026489652886655473
1348 0.003406060326131045
1421 0.0011353534420436818
1469 0.017030301630655227
1472 0.0007983015672272726
1650 0.0007608226759490672
1672 0.008089244995593818
1705 0.019301008514742587
1996 0.0011353534420436818
2089 0.0010111556244492273
2103 0.007457862008927101
2199 0.0008426296870410227
2456 0.0011353534420436818
2485 0.0009668275046354771
2535 0.0010111556244492273
2618 0.001233934795826362
2625 0.0011353534420436818
3076 0.001233934795826362
3484 0.001233934795826362
3942 0.005609842932938266
3943 0.032256596864395026
3944 0.0014024607332345665
3945 0.0014024607332345665
3946 0.0014024607332345665
3947 0.0014024607332345665
3948 0.0014024607332345665
3949 0.0014024607332345665
3950 0.014024607332345666
3951 0.0014024607332345665
3952 0.0014024607332345665
3953 0.007012303666172833
3954 0.007012303666172833
3955 0.002804921466469133
3956 0.001233934795826362
3957 0.0014024607332345665
3958 0.007012303666172833
3959 0.002804921466469133
3960 0.0014024607332345665
3961 0.0014024607332345665
3962 0.0014024607332345665
3963 0.0014024607332345665
3964 0.001233934795826362
3965 0.0014024607332345665
3966 0.0014024607332345665