1 0.0015651640389863193
13 0.00003693334498072908
14 0.0005180488295811783
16 0.00014535302717131544
26 0.00021900961471874297
34 0.00008348431274309984
36 0.00008671892631624905
38 0.000024466388926545462
39 0.000007719109728806289
40 0.000012233194463272731
41 0.00001231111499357636
42 0.0000639410308440091
43 0.000025514018159027487
46 0.00033462138640070967
47 0.00020944460089681964
49 0.0002717075318619848
51 0.0001670110942886723
52 0.000044525744481152654
56 0.00027977833450209665
57 0.0003527432244730031
63 0.000006870329625449715
65 0.00012931656527202115
68 0.0008221655978060067
84 0.002648386576279152
88 0.00040699645844193325
105 0.002829583660546575
107 0.0003875355521269475
115 0.0004663684400884302
124 0.00016852593740820454
125 0.00048799437882329435
130 0.00038382354820504417
134 0.000650930839395929
159 0.0003495228921729738
160 0.00038382354820504417
165 0.000362668338628183
171 0.0004269252942241762
196 0.0021589057326147705
212 0.00071361722629165
226 0.0004769410420674574
229 0.0008968829210099529
250 0.0008221655978060067
253 0.0004824049019877245
265 0.0008426296870410227
277 0.0014099603770960866
279 0.000446509935100765
286 0.0004769410420674574
287 0.0009874307695163648
289 0.0007440483332583423
293 0.0006741037496328182
294 0.00071361722629165
304 0.0029622923085490943
306 0.0008194567768041337
310 0.0008781712650079768
313 0.0007283569836017483
323 0.0010111556244492273
347 0.0005117333697214018
371 0.0023350597284778002
411 0.00028037940164174876
412 0.00036951756716372796
413 0.0003593147470569854
433 0.0010654088584181574
445 0.0013991053202652907
470 0.0008426296870410227
498 0.0008682461508527967
520 0.0003432074323131972
550 0.0005922967385408627
573 0.00056755015592235
579 0.0008968829210099529
587 0.0009293486133572717
622 0.0005598310461935439
633 0.0007608226759490672
658 0.0008682461508527967
665 0.00260473845255839
669 0.0006103147235040822
694 0.0008194567768041337
712 0.001233934795826362
760 0.0018586972267145435
842 0.0031932062689090904
866 0.0008426296870410227
876 0.00071361722629165
879 0.0032546541969796458
905 0.0009668275046354771
915 0.0006622413221663868
946 0.0008968829210099529
979 0.0008194567768041337
1049 0.0022707068840873636
1054 0.0011353534420436818
1119 0.0009293486133572717
1196 0.0006741037496328182
1199 0.001233934795826362
1205 0.001233934795826362
1310 0.0006622413221663868
1331 0.0008682461508527967
1339 0.0010111556244492273
1417 0.0008194567768041337
1479 0.0009293486133572717
1622 0.0010111556244492273
1650 0.0007608226759490672
1713 0.0007983015672272726
1759 0.0011353534420436818
2318 0.002130817716836315
2443 0.0010654088584181574
2593 0.001233934795826362
3142 0.0011353534420436818
3632 0.001233934795826362
3832 0.0011353534420436818
3924 0.001233934795826362
3964 0.001233934795826362
3967 0.0014024607332345665
3968 0.0014024607332345665
3969 0.0014024607332345665
3970 0.0014024607332345665
3971 0.0014024607332345665
3972 0.002804921466469133
3973 0.0014024607332345665
3974 0.0014024607332345665
3975 0.0014024607332345665
3976 0.009817225132641966
3977 0.0014024607332345665
3978 0.0014024607332345665
3979 0.0014024607332345665