0 0.00012419781759445434
1 0.00019564550487328992
2 0.00011794730538676969
5 0.00013988916725104833
6 0.0001467383957865933
7 0.0001345454019413534
9 0.0002080394140670363
10 0.0017937658420199057
12 0.0005055778122246136
13 0.000030777787483940904
14 0.0005180488295811783
16 0.00014535302717131544
26 0.00043801922943748593
34 0.0002504529382292995
35 0.0006865747669893828
36 0.0001734378526324981
38 0.000009174895847454548
39 0.00004631465837283774
40 0.000018349791694909097
41 0.000030777787483940904
43 0.000051028036318054975
46 0.0005353942182411355
47 0.00010472230044840982
49 0.0000679268829654962
55 0.0004493721902918458
56 0.0006994458362552417
57 0.0003527432244730031
59 0.00018748084659121254
61 0.00047780523718649065
63 0.000006870329625449715
65 0.0002586331305440423
66 0.00019245982333411082
67 0.0007062183199039839
88 0.00040699645844193325
89 0.0001958367044818539
97 0.004244375490819862
100 0.0003370518748164091
112 0.0010654088584181574
113 0.00026863163182146973
122 0.0007120135679988341
123 0.0012445267455012227
130 0.00038382354820504417
139 0.0005311942760363876
140 0.0010111556244492273
158 0.002302089583400551
159 0.0020971373530378427
177 0.000362668338628183
180 0.0005905393164080872
196 0.0006168302093185058
197 0.0017026504677670501
210 0.001049065442815243
222 0.0006741037496328182
225 0.0027462990679575313
226 0.0004769410420674574
245 0.0003765653514752408
246 0.0007283569836017483
263 0.0005755223958501378
267 0.0010360976591623566
271 0.0006103147235040822
272 0.0006865747669893828
277 0.0008812252356850542
282 0.003553780431245176
287 0.0014811461542745472
293 0.0006741037496328182
306 0.0016389135536082674
307 0.00047159727675776246
310 0.0005854475100053178
313 0.0014567139672034967
319 0.0009668275046354771
332 0.0010111556244492273
347 0.0015352001091642055
361 0.0020223112488984545
371 0.0023350597284778002
375 0.00047159727675776246
416 0.0006997202134445921
427 0.0008968829210099529
442 0.0006103147235040822
461 0.0008426296870410227
466 0.012133867493390727
470 0.0016852593740820454
484 0.0034986010672229608
493 0.00056755015592235
494 0.0033140969136794926
520 0.0006864148646263945
540 0.0006741037496328182
572 0.00071361722629165
596 0.0006741037496328182
624 0.0017937658420199057
625 0.002130817716836315
628 0.0020223112488984545
638 0.0015576813218245737
662 0.00260473845255839
671 0.0011196620923870878
672 0.0008426296870410227
682 0.0020597243009681486
703 0.0006865747669893828
750 0.0009668275046354771
766 0.0010111556244492273
772 0.0010623885520727751
779 0.0005755223958501378
780 0.0006622413221663868
789 0.002467869591652724
803 0.00071361722629165
830 0.002804921466469133
831 0.0084147643994074
832 0.0009668275046354771
833 0.001233934795826362
834 0.001233934795826362
835 0.0014024607332345665
836 0.0011353534420436818
837 0.001233934795826362
838 0.002804921466469133
839 0.0009668275046354771
840 0.0014024607332345665
841 0.0006865747669893828
842 0.0007983015672272726
843 0.0010654088584181574
844 0.0014024607332345665
845 0.0007608226759490672
846 0.0014024607332345665
847 0.0009293486133572717
848 0.0014024607332345665
849 0.008637543570784533
850 0.0006997202134445921
851 0.0011353534420436818
852 0.0006997202134445921
853 0.0014024607332345665
854 0.016041152345742705
855 0.005609842932938266
856 0.0014024607332345665
857 0.001233934795826362
858 0.001301861678791858
859 0.00676779253244834
860 0.0014024607332345665
861 0.005327044292090787
862 0.0010111556244492273
863 0.0020223112488984545
864 0.0008968829210099529
865 0.0009668275046354771
866 0.0008426296870410227
867 0.0014024607332345665
868 0.00056755015592235
869 0.0011353534420436818
870 0.0009668275046354771
871 0.0009668275046354771
872 0.0014024607332345665
873 0.0007983015672272726
874 0.0011353534420436818
875 0.0007788406609122869
876 0.00071361722629165
877 0.0014024607332345665
878 0.0010654088584181574
879 0.000650930839395929
880 0.001233934795826362
881 0.0010111556244492273
882 0.001233934795826362
883 0.002467869591652724
884 0.0011353534420436818