9 0.0008321576562681452
13 0.00002462222998715272
16 0.00014535302717131544
22 0.000446509935100765
26 0.00021900961471874297
27 0.001239701031327776
33 0.0003281012370525588
34 0.00033393725097239935
36 0.00008671892631624905
38 0.0000030582986158181828
39 0.000015438219457612578
40 0.000015291493079090914
41 0.00002462222998715272
42 0.0001278820616880182
43 0.00003401869087870331
44 0.0004976362107612556
45 0.0004120780049104442
46 0.0005353942182411355
47 0.0004188892017936393
48 0.00022854540687854879
49 0.0001358537659309924
52 0.000022262872240576327
55 0.0002246860951459229
56 0.00027977833450209665
57 0.0003527432244730031
61 0.00019112209487459625
63 0.000006870329625449715
64 0.00007506333130309098
65 0.00012931656527202115
68 0.00246649679341802
85 0.00020625822270013306
100 0.0006741037496328182
113 0.00026863163182146973
118 0.0005559679953851209
123 0.0003111316863753057
124 0.00016852593740820454
160 0.0019191177410252211
180 0.0005905393164080872
247 0.0011351003118447
261 0.001554146488743535
287 0.0004937153847581824
304 0.0009874307695163648
309 0.0009759887576465887
310 0.0002927237550026589
360 0.00036951756716372796
422 0.00676779253244834
435 0.0008682461508527967
487 0.0009293486133572717
497 0.000362668338628183
520 0.0003432074323131972
538 0.0005117333697214018
691 0.002560492856663868
779 0.0005755223958501378
868 0.00056755015592235
1062 0.0011196620923870878
1133 0.0008682461508527967
1465 0.0022707068840873636
1548 0.0018586972267145435
1667 0.0020223112488984545
1830 0.0008426296870410227
1937 0.003196226575254472
1947 0.0037018043874790857
2638 0.0009293486133572717
3085 0.002467869591652724
3281 0.014807217549916343
3282 0.002467869591652724
3980 0.005609842932938266
3981 0.0014024607332345665
3982 0.0014024607332345665
3983 0.0014024607332345665
3984 0.0014024607332345665
3985 0.0014024607332345665