9 0.0006241182422011089
13 0.00000615555749678818
16 0.0002907060543426309
33 0.0003281012370525588
34 0.00008348431274309984
37 0.000725336677256366
38 0.000009174895847454548
39 0.000015438219457612578
40 0.000015291493079090914
41 0.000030777787483940904
42 0.0000639410308440091
43 0.00003401869087870331
44 0.0004976362107612556
45 0.00008241560098208883
46 0.0006023184955212773
47 0.00047125035201784417
48 0.00022854540687854879
49 0.0000679268829654962
55 0.0002246860951459229
57 0.0003527432244730031
61 0.00019112209487459625
63 0.0000045802197502998095
64 0.00007506333130309098
66 0.00019245982333411082
67 0.0001412436639807968
72 0.0008652258445074145
76 0.00047159727675776246
82 0.0007788771918317696
83 0.0014272344525833
85 0.00020625822270013306
87 0.0003951340309755019
89 0.0001958367044818539
90 0.0006622413221663868
104 0.00037301592297508214
136 0.0006622413221663868
146 0.0004513245782556835
156 0.0027880458400718153
183 0.0012595512596381359
245 0.0003765653514752408
261 0.0005180488295811783
287 0.0004937153847581824
309 0.0009759887576465887
310 0.003512685060031907
464 0.0007983015672272726
666 0.0006011388596619117
729 0.0009293486133572717
772 0.0005311942760363876
1015 0.0009293486133572717
1325 0.003720241666291712
1632 0.001233934795826362
1723 0.001233934795826362
1832 0.001233934795826362
1966 0.0011353534420436818
2688 0.0010654088584181574
3986 0.0014024607332345665
3987 0.002804921466469133
3988 0.0014024607332345665
3989 0.0014024607332345665
3990 0.0014024607332345665
3991 0.0014024607332345665
3992 0.0014024607332345665
3993 0.0014024607332345665