1 0.00009782275243664496
13 0.00000615555749678818
16 0.00014535302717131544
19 0.002928550680773074
26 0.00021900961471874297
28 0.00043261292225370724
34 0.00008348431274309984
36 0.00008671892631624905
37 0.0010880050158845493
38 0.0000061165972316363655
39 0.000007719109728806289
40 0.0000061165972316363655
41 0.00002462222998715272
43 0.000025514018159027487
45 0.00008241560098208883
48 0.00022854540687854879
49 0.0002037806488964886
52 0.000022262872240576327
56 0.00027977833450209665
63 0.0000045802197502998095
64 0.00007506333130309098
65 0.00012931656527202115
88 0.00040699645844193325
107 0.0003875355521269475
114 0.0014920636919003286
124 0.0005055778122246136
145 0.003033466873347682
165 0.000362668338628183
192 0.000650930839395929
193 0.000619850515663888
196 0.0003084151046592529
277 0.00017624504713701082
286 0.0004769410420674574
293 0.0006741037496328182
294 0.00071361722629165
304 0.0004937153847581824
349 0.0011353534420436818
364 0.0010654088584181574
393 0.0011351003118447
412 0.0007390351343274559
455 0.0008682461508527967
497 0.000362668338628183
500 0.0022707068840873636
600 0.0022707068840873636
622 0.0016794931385806316
638 0.0007788406609122869
642 0.0007440483332583423
649 0.0007440483332583423
667 0.0006997202134445921
708 0.0007440483332583423
786 0.0013482074992656363
822 0.0009668275046354771
858 0.000650930839395929
912 0.0019336550092709543
996 0.0010111556244492273
1084 0.0015966031344545452
1095 0.0007788406609122869
1310 0.0026489652886655473
1637 0.0009668275046354771
1650 0.0022824680278472017
1843 0.0008682461508527967
1892 0.0019336550092709543
2059 0.002467869591652724
2103 0.006392453150508944
2273 0.004541413768174727
2746 0.0009293486133572717
3143 0.001233934795826362
3257 0.004935739183305448
3353 0.0011353534420436818
3956 0.001233934795826362
3994 0.0014024607332345665
3995 0.0014024607332345665
3996 0.0014024607332345665
3997 0.0014024607332345665
3998 0.0014024607332345665
3999 0.0014024607332345665
4000 0.0014024607332345665
4001 0.0042073821997037
4002 0.01542706806558023
4003 0.0014024607332345665
4004 0.0014024607332345665
4005 0.002804921466469133
4006 0.0014024607332345665
4007 0.0014024607332345665