9 0.0002080394140670363
13 0.00000615555749678818
16 0.00043605908151394634
26 0.00021900961471874297
33 0.0003281012370525588
34 0.00008348431274309984
37 0.000362668338628183
38 0.0000061165972316363655
39 0.000007719109728806289
40 0.000012233194463272731
41 0.00001231111499357636
42 0.0001278820616880182
43 0.000017009345439351656
44 0.0002488181053806278
45 0.00016483120196417766
49 0.0001358537659309924
52 0.000022262872240576327
58 0.00021529761079683963
59 0.0003749616931824251
60 0.0002756119639105608
61 0.00019112209487459625
63 0.000006870329625449715
66 0.00019245982333411082
84 0.000993144966104682
104 0.00037301592297508214
114 0.00037301592297508214
136 0.003311206610831934
180 0.0002952696582040436
210 0.0005245327214076215
270 0.00071361722629165
274 0.002441258894016329
277 0.00017624504713701082
286 0.0004769410420674574
288 0.0009124729869599541
310 0.0020490662850186124
357 0.0017512947963583504
396 0.0005922967385408627
424 0.007947474094305773
431 0.0006865747669893828
468 0.0019519775152931774
751 0.005736197437628936
782 0.000650930839395929
868 0.00056755015592235
876 0.00071361722629165
1060 0.0005837649321194501
1397 0.0005523494856132488
1693 0.0008968829210099529
3538 0.0037018043874790857
3773 0.001233934795826362
4015 0.0014024607332345665
4016 0.0014024607332345665
4017 0.0014024607332345665
4018 0.0014024607332345665
4019 0.0014024607332345665
4020 0.0014024607332345665
4021 0.0014024607332345665
4022 0.0014024607332345665
4023 0.0014024607332345665
4024 0.0014024607332345665
4025 0.0014024607332345665
4026 0.0014024607332345665
4027 0.0014024607332345665