9 0.0008321576562681452
13 0.000030777787483940904
14 0.0005180488295811783
16 0.00014535302717131544
22 0.00178603974040306
28 0.00043261292225370724
36 0.0003468757052649962
37 0.000725336677256366
38 0.000009174895847454548
39 0.00004631465837283774
40 0.000015291493079090914
41 0.00002462222998715272
42 0.0001918230925320273
43 0.00003401869087870331
44 0.0004976362107612556
45 0.00008241560098208883
46 0.0004684699409609935
47 0.00036652805156943435
48 0.00022854540687854879
49 0.0001358537659309924
51 0.0001670110942886723
52 0.000022262872240576327
55 0.0002246860951459229
56 0.00013988916725104833
61 0.00019112209487459625
63 0.000006870329625449715
64 0.00007506333130309098
66 0.00019245982333411082
67 0.00042373099194239035
71 0.000830477989422491
73 0.000619850515663888
82 0.0012981286530529493
84 0.000993144966104682
85 0.00020625822270013306
88 0.00040699645844193325
89 0.0001958367044818539
90 0.0006622413221663868
96 0.0010111556244492273
113 0.0005372632636429395
115 0.0004663684400884302
120 0.0010111556244492273
124 0.00016852593740820454
125 0.00048799437882329435
128 0.009346087930947442
130 0.00038382354820504417
134 0.000650930839395929
138 0.0006103147235040822
151 0.0019527925181877872
171 0.0002134626471120881
173 0.0008968829210099529
176 0.0005837649321194501
177 0.000362668338628183
184 0.0008194567768041337
191 0.0008194567768041337
196 0.0003084151046592529
226 0.0009538820841349148
261 0.0005180488295811783
267 0.0005180488295811783
277 0.00035249009427402165
309 0.0009759887576465887
310 0.0011708950200106356
328 0.0010111556244492273
360 0.00036951756716372796
392 0.0007788406609122869
411 0.0005607588032834975
416 0.0020991606403337765
430 0.0008563033360375887
441 0.0005837649321194501
445 0.0004663684400884302
537 0.0007283569836017483
543 0.0014567139672034967
546 0.0007608226759490672
552 0.0006297756298190679
555 0.0005245327214076215
564 0.0010654088584181574
614 0.0010654088584181574
633 0.0007608226759490672
665 0.0008682461508527967
698 0.0008682461508527967
753 0.000619850515663888
782 0.000650930839395929
790 0.0019336550092709543
826 0.0013731495339787657
898 0.0006103147235040822
955 0.001233934795826362
967 0.0009668275046354771
1029 0.0005117333697214018
1112 0.0023691869541634506
1141 0.005588110970590908
1450 0.0008968829210099529
1670 0.003196226575254472
1837 0.0008968829210099529
1957 0.003033466873347682
1995 0.0010654088584181574
2054 0.0009293486133572717
2103 0.002130817716836315
2381 0.0009668275046354771
2414 0.0010111556244492273
2722 0.0009293486133572717
2772 0.001233934795826362
3040 0.0010111556244492273
3092 0.001233934795826362
3142 0.0011353534420436818
3714 0.0011353534420436818
3871 0.002467869591652724
4028 0.012622146599111098
4029 0.007012303666172833
4030 0.002804921466469133
4031 0.0014024607332345665
4032 0.0014024607332345665
4033 0.0014024607332345665
4034 0.03506151833086416
4035 0.0014024607332345665
4036 0.0014024607332345665
4037 0.0014024607332345665
4038 0.0014024607332345665
4039 0.007012303666172833
4040 0.0014024607332345665
4041 0.0014024607332345665
4042 0.0014024607332345665
4043 0.0014024607332345665
4044 0.0014024607332345665
4045 0.0210369109985185
4046 0.009817225132641966
4047 0.002804921466469133
4048 0.0014024607332345665
4049 0.0014024607332345665