1 0.00019564550487328992
9 0.0002080394140670363
13 0.00001846667249036454
19 0.00036606883509663425
26 0.00021900961471874297
27 0.000619850515663888
28 0.0008652258445074145
29 0.0005180488295811783
33 0.0003281012370525588
34 0.0002504529382292995
35 0.0006865747669893828
36 0.00008671892631624905
38 0.0000061165972316363655
39 0.00002315732918641887
40 0.000015291493079090914
41 0.00001846667249036454
42 0.0000639410308440091
43 0.000025514018159027487
44 0.0004976362107612556
45 0.00008241560098208883
46 0.00026769710912056773
47 0.00020944460089681964
51 0.0001670110942886723
52 0.000044525744481152654
56 0.00013988916725104833
58 0.00043059522159367926
59 0.0003749616931824251
60 0.0002756119639105608
61 0.0002866831423118944
63 0.0000045802197502998095
64 0.00007506333130309098
66 0.00038491964666822163
68 0.0008221655978060067
72 0.0025956775335222435
76 0.0023579863837888126
82 0.002077005844884719
89 0.0005875101134455617
100 0.0003370518748164091
104 0.00037301592297508214
113 0.00026863163182146973
115 0.0009327368801768604
124 0.00016852593740820454
132 0.000650930839395929
144 0.0018249459739199082
157 0.0008968829210099529
165 0.000362668338628183
171 0.0002134626471120881
176 0.0005837649321194501
183 0.0006297756298190679
186 0.0005180488295811783
260 0.0006741037496328182
264 0.0004995742594430985
277 0.00017624504713701082
335 0.0008426296870410227
347 0.0005117333697214018
411 0.00028037940164174876
538 0.0005117333697214018
599 0.0009668275046354771
634 0.0008968829210099529
664 0.0025191025192762718
701 0.0011353534420436818
754 0.0010111556244492273
839 0.0009668275046354771
868 0.00056755015592235
871 0.0009668275046354771
879 0.000650930839395929
953 0.0011353534420436818
979 0.0008194567768041337
1016 0.0011353534420436818
1060 0.0005837649321194501
1084 0.0007983015672272726
1119 0.0009293486133572717
1142 0.0010111556244492273
1300 0.0009293486133572717
1376 0.0010111556244492273
1400 0.0016389135536082674
1417 0.0008194567768041337
1539 0.001233934795826362
1739 0.0011353534420436818
1880 0.0009668275046354771
2381 0.0009668275046354771
2800 0.004935739183305448
3359 0.0011353534420436818
3383 0.001233934795826362
3564 0.0011353534420436818
3565 0.007403608774958171
3832 0.0011353534420436818
4050 0.002804921466469133
4051 0.007012303666172833
4052 0.0014024607332345665
4053 0.0014024607332345665
4054 0.0014024607332345665
4055 0.0014024607332345665
4056 0.0014024607332345665
4057 0.0014024607332345665
4058 0.005609842932938266
4059 0.0014024607332345665
4060 0.0014024607332345665
4061 0.002804921466469133
4062 0.0014024607332345665
4063 0.0014024607332345665
4064 0.0014024607332345665
4065 0.002804921466469133