9 0.0004160788281340726
13 0.00009233336245182272
16 0.00014535302717131544
19 0.00036606883509663425
26 0.00021900961471874297
28 0.00043261292225370724
29 0.001554146488743535
38 0.0000061165972316363655
40 0.0000061165972316363655
41 0.00001231111499357636
42 0.0000639410308440091
46 0.00006692427728014193
47 0.00005236115022420491
52 0.000022262872240576327
55 0.0002246860951459229
56 0.00041966750175314503
57 0.0003527432244730031
61 0.00019112209487459625
63 0.0000045802197502998095
64 0.00007506333130309098
74 0.0006865747669893828
85 0.00020625822270013306
87 0.0003951340309755019
123 0.0006222633727506114
124 0.00016852593740820454
139 0.0005311942760363876
171 0.0002134626471120881
180 0.0002952696582040436
197 0.00056755015592235
245 0.0003765653514752408
253 0.000964809803975449
276 0.0011353534420436818
277 0.00017624504713701082
308 0.0007283569836017483
431 0.0020597243009681486
555 0.0005245327214076215
622 0.0005598310461935439
639 0.0038673100185419086
641 0.0006865747669893828
669 0.0006103147235040822
708 0.002232144999775027
780 0.0006622413221663868
1120 0.0013244826443327736
1196 0.006741037496328182
1264 0.0010654088584181574
2198 0.001233934795826362
4066 0.007012303666172833
4067 0.0042073821997037
4068 0.0014024607332345665
4069 0.0014024607332345665
4070 0.0014024607332345665
4071 0.002804921466469133
4072 0.0014024607332345665
4073 0.0014024607332345665
4074 0.0014024607332345665
4075 0.0014024607332345665
4076 0.0014024607332345665