1 0.00009782275243664496
13 0.00004308890247751726
16 0.00014535302717131544
19 0.00036606883509663425
20 0.0006168302093185058
34 0.00016696862548619968
36 0.0002601567789487472
38 0.000012233194463272731
39 0.000015438219457612578
40 0.000009174895847454548
41 0.00002462222998715272
42 0.0000639410308440091
43 0.00009355139991643411
45 0.0003296624039283553
46 0.0005353942182411355
47 0.0004188892017936393
48 0.00022854540687854879
49 0.0002717075318619848
52 0.000044525744481152654
55 0.0011234304757296147
63 0.000011450549375749525
64 0.00015012666260618196
67 0.0001412436639807968
68 0.00246649679341802
81 0.004352020063538197
82 0.00025962573061058986
85 0.00020625822270013306
89 0.0003916734089637078
113 0.00026863163182146973
114 0.00037301592297508214
118 0.0033358079723107255
130 0.0007676470964100883
159 0.0003495228921729738
161 0.003370518748164091
165 0.000362668338628183
171 0.0002134626471120881
173 0.0008968829210099529
176 0.0005837649321194501
177 0.000362668338628183
180 0.0002952696582040436
226 0.0004769410420674574
245 0.0003765653514752408
264 0.0004995742594430985
277 0.0005287351414110325
290 0.0010654088584181574
293 0.0026964149985312727
310 0.0005854475100053178
347 0.0010234667394428036
356 0.0007788406609122869
360 0.00036951756716372796
371 0.0005837649321194501
377 0.0014272344525833
411 0.00028037940164174876
430 0.00042815166801879435
540 0.004044622497796909
671 0.0005598310461935439
697 0.0034729846034111866
703 0.0006865747669893828
721 0.0008194567768041337
753 0.000619850515663888
787 0.006505440293500903
803 0.00071361722629165
928 0.0008426296870410227
1007 0.0008426296870410227
1035 0.0010111556244492273
1058 0.0015576813218245737
1064 0.0009293486133572717
1101 0.0008426296870410227
1153 0.0019336550092709543
1154 0.0008968829210099529
1374 0.0008968829210099529
1400 0.016389135536082674
1443 0.001233934795826362
1873 0.0008968829210099529
1901 0.001233934795826362
2105 0.001233934795826362
2375 0.0011353534420436818
2440 0.0010111556244492273
2803 0.001233934795826362
3814 0.001233934795826362
3815 0.007403608774958171
4077 0.0014024607332345665
4078 0.0014024607332345665
4079 0.0042073821997037
4080 0.0014024607332345665
4081 0.0014024607332345665
4082 0.0014024607332345665
4083 0.0014024607332345665