10 0.018834541341209012
11 0.009833481321649604
12 0.0010111556244492273
13 0.00003693334498072908
28 0.0012978387667611218
30 0.0007826102175706785
34 0.0002504529382292995
36 0.00008671892631624905
38 0.000009174895847454548
39 0.00003859554864403145
40 0.0000061165972316363655
41 0.00001846667249036454
42 0.0001278820616880182
43 0.000008504672719675828
46 0.0004015456636808516
47 0.00031416690134522947
51 0.0001670110942886723
52 0.000022262872240576327
56 0.00013988916725104833
61 0.00019112209487459625
63 0.0000045802197502998095
64 0.00007506333130309098
66 0.00019245982333411082
67 0.0001412436639807968
71 0.000830477989422491
100 0.0003370518748164091
104 0.00037301592297508214
113 0.0005372632636429395
114 0.0007460318459501643
115 0.0013991053202652907
122 0.00035600678399941706
124 0.00016852593740820454
125 0.002439971894116472
126 0.001233934795826362
133 0.0037018043874790857
149 0.000640123214165967
160 0.00038382354820504417
165 0.001450673354512732
210 0.0005245327214076215
211 0.0011353534420436818
214 0.0010360976591623566
225 0.0013731495339787657
251 0.0004513245782556835
255 0.001450673354512732
272 0.0006865747669893828
275 0.0013244826443327736
277 0.0015862054242330975
286 0.0009538820841349148
288 0.007299783895679633
320 0.0016794931385806316
348 0.0014567139672034967
368 0.0011675298642389001
371 0.0005837649321194501
372 0.002467869591652724
452 0.0005755223958501378
457 0.0006011388596619117
497 0.0010880050158845493
533 0.0008426296870410227
538 0.0005117333697214018
551 0.0006741037496328182
554 0.0008426296870410227
555 0.0005245327214076215
564 0.0010654088584181574
576 0.001239701031327776
622 0.0016794931385806316
669 0.0006103147235040822
671 0.0005598310461935439
689 0.0007608226759490672
691 0.000640123214165967
703 0.0006865747669893828
735 0.002458370330412401
753 0.000619850515663888
760 0.0009293486133572717
779 0.0011510447917002756
787 0.0018586972267145435
805 0.0034729846034111866
902 0.0019527925181877872
920 0.0014567139672034967
980 0.0006997202134445921
988 0.0007788406609122869
1030 0.0010654088584181574
1032 0.0009668275046354771
1315 0.0028544689051666
1330 0.0013731495339787657
1827 0.0008968829210099529
1843 0.0008682461508527967
1893 0.003196226575254472
1995 0.0010654088584181574
2108 0.008701447541719294
2114 0.001233934795826362
2156 0.0009668275046354771
2199 0.0008426296870410227
2297 0.0011353534420436818
2342 0.0029004825139064315
2813 0.001233934795826362
3353 0.0011353534420436818
3359 0.0011353534420436818
3401 0.00616967397913181
4084 0.002804921466469133
4085 0.002804921466469133
4086 0.002804921466469133
4087 0.0014024607332345665
4088 0.0014024607332345665
4089 0.0014024607332345665
4090 0.0014024607332345665
4091 0.0014024607332345665
4092 0.0014024607332345665
4093 0.0014024607332345665
4094 0.0014024607332345665
4095 0.002804921466469133
4096 0.0014024607332345665
4097 0.0014024607332345665
4098 0.0014024607332345665