0 0.00012419781759445434
1 0.00039129100974657984
2 0.00011794730538676969
5 0.00013988916725104833
6 0.0001467383957865933
7 0.0001345454019413534
8 0.000230498281105941
16 0.00014535302717131544
17 0.001463983136469883
19 0.0021964130105798056
23 0.0005055778122246136
34 0.00016696862548619968
36 0.0001734378526324981
38 0.000015291493079090914
39 0.000007719109728806289
40 0.0000061165972316363655
41 0.00001846667249036454
47 0.00015708345067261473
52 0.000022262872240576327
56 0.00013988916725104833
63 0.000011450549375749525
64 0.00007506333130309098
65 0.0005172662610880846
67 0.0001412436639807968
71 0.0004152389947112455
81 0.0018133416931409153
87 0.0003951340309755019
88 0.00040699645844193325
89 0.0005875101134455617
106 0.0017937658420199057
118 0.0008339519930776814
123 0.0003111316863753057
124 0.0003370518748164091
138 0.0006103147235040822
160 0.00038382354820504417
165 0.000362668338628183
171 0.0002134626471120881
180 0.0002952696582040436
245 0.0003765653514752408
258 0.0011353534420436818
259 0.0007283569836017483
261 0.0010360976591623566
263 0.0005755223958501378
264 0.0004995742594430985
278 0.0007788406609122869
354 0.001233934795826362
367 0.0006011388596619117
438 0.0018034165789857352
442 0.0006103147235040822
445 0.0009327368801768604
514 0.0007608226759490672
624 0.0017937658420199057
741 0.0008968829210099529
769 0.0008194567768041337
839 0.0009668275046354771
879 0.001301861678791858
1001 0.000640123214165967
1074 0.0019336550092709543
1250 0.0010654088584181574
1251 0.0019336550092709543
1650 0.0007608226759490672
2085 0.005451884626386008
2128 0.0010111556244492273
2546 0.001233934795826362
2600 0.0010654088584181574
4099 0.002804921466469133
4100 0.002804921466469133
4101 0.005609842932938266
4102 0.0014024607332345665
4103 0.0014024607332345665
4104 0.0014024607332345665
4105 0.0014024607332345665
4106 0.0014024607332345665
4107 0.0014024607332345665
4108 0.0014024607332345665
4109 0.0014024607332345665
4110 0.0014024607332345665
4111 0.0014024607332345665
4112 0.0014024607332345665