0 0.00012419781759445434
1 0.00009782275243664496
2 0.00011794730538676969
5 0.00013988916725104833
6 0.0001467383957865933
7 0.0001345454019413534
13 0.00001846667249036454
28 0.00043261292225370724
33 0.0003281012370525588
34 0.00008348431274309984
36 0.00043359463158124535
38 0.0000061165972316363655
39 0.000015438219457612578
40 0.000012233194463272731
41 0.00002462222998715272
42 0.0000639410308440091
43 0.00003401869087870331
45 0.0003296624039283553
52 0.000044525744481152654
58 0.0006458928323905189
59 0.0005624425397736376
60 0.0002756119639105608
61 0.00019112209487459625
63 0.000006870329625449715
64 0.00007506333130309098
65 0.00012931656527202115
66 0.00019245982333411082
67 0.0002824873279615936
68 0.00246649679341802
71 0.0004152389947112455
81 0.0032640150476536474
85 0.0006187746681003992
97 0.00047159727675776246
100 0.0016852593740820454
118 0.0005559679953851209
123 0.0006222633727506114
124 0.00016852593740820454
159 0.0006990457843459476
160 0.00038382354820504417
165 0.000362668338628183
191 0.0008194567768041337
192 0.001301861678791858
223 0.0065556542144330696
225 0.0006865747669893828
229 0.0008968829210099529
263 0.0005755223958501378
267 0.001554146488743535
392 0.0007788406609122869
411 0.00028037940164174876
445 0.0009327368801768604
476 0.0008194567768041337
497 0.000725336677256366
606 0.0009668275046354771
703 0.0006865747669893828
704 0.0011353534420436818
850 0.0006997202134445921
911 0.005800965027812863
921 0.0042073821997037
922 0.005055778122246136
923 0.012622146599111098
924 0.007012303666172833
925 0.018231989532049363
926 0.0084147643994074
927 0.002130817716836315
928 0.0016852593740820454
929 0.002804921466469133
930 0.0014024607332345665
931 0.0014024607332345665
932 0.002804921466469133
933 0.0010111556244492273
934 0.002467869591652724
935 0.0014024607332345665
936 0.0014024607332345665
937 0.0014024607332345665
938 0.0014024607332345665
939 0.0014024607332345665
940 0.0010111556244492273
941 0.0014024607332345665
942 0.0009668275046354771