9 0.0008321576562681452
13 0.00001846667249036454
17 0.005855932545879532
19 0.0010982065052899028
23 0.0005055778122246136
29 0.0010360976591623566
30 0.00039130510878533924
34 0.00008348431274309984
36 0.0003468757052649962
38 0.000009174895847454548
39 0.000015438219457612578
40 0.000015291493079090914
41 0.00003693334498072908
42 0.0001918230925320273
43 0.000017009345439351656
44 0.0004976362107612556
45 0.00008241560098208883
46 0.0006692427728014193
47 0.0005236115022420492
48 0.00022854540687854879
49 0.0000679268829654962
55 0.0002246860951459229
56 0.00027977833450209665
57 0.0003527432244730031
60 0.0002756119639105608
61 0.00019112209487459625
63 0.0000045802197502998095
64 0.00007506333130309098
65 0.00012931656527202115
66 0.00019245982333411082
67 0.0001412436639807968
71 0.0004152389947112455
76 0.0033011809373043374
79 0.0007608226759490672
102 0.00042377080113265817
125 0.001463983136469883
136 0.0006622413221663868
150 0.0003875355521269475
183 0.004408429408733476
247 0.00056755015592235
287 0.0004937153847581824
309 0.0009759887576465887
399 0.004898041494112145
402 0.0013482074992656363
424 0.0011353534420436818
520 0.0003432074323131972
669 0.0006103147235040822
694 0.0008194567768041337
734 0.004541413768174727
858 0.000650930839395929
1007 0.010111556244492273
1008 0.0014024607332345665
1009 0.0014024607332345665
1010 0.0034729846034111866
1011 0.0014024607332345665
1012 0.0014024607332345665
1013 0.002804921466469133
1014 0.0014024607332345665
1015 0.0009293486133572717
1016 0.0011353534420436818
1017 0.0014024607332345665
1018 0.0014024607332345665
1019 0.0014024607332345665