0 0.00012419781759445434
1 0.00009782275243664496
2 0.00011794730538676969
5 0.00013988916725104833
6 0.0001467383957865933
7 0.0001345454019413534
13 0.00001231111499357636
16 0.00014535302717131544
26 0.00021900961471874297
34 0.00008348431274309984
38 0.000009174895847454548
39 0.000007719109728806289
40 0.000009174895847454548
41 0.00001231111499357636
42 0.0000639410308440091
43 0.000017009345439351656
46 0.00013384855456028387
47 0.00010472230044840982
51 0.0003340221885773446
52 0.000022262872240576327
58 0.0006458928323905189
59 0.0005624425397736376
61 0.00019112209487459625
63 0.0000022901098751499047
77 0.0008968829210099529
81 0.0010880050158845493
87 0.0003951340309755019
89 0.0003916734089637078
104 0.00037301592297508214
124 0.00016852593740820454
160 0.0007676470964100883
226 0.0004769410420674574
411 0.0005607588032834975
412 0.00036951756716372796
413 0.0003593147470569854
476 0.0008194567768041337
716 0.0005523494856132488
1020 0.0010654088584181574
1021 0.0014024607332345665
1022 0.001233934795826362
1023 0.0014024607332345665
1024 0.0009668275046354771