9 0.0008321576562681452
13 0.00004924445997430544
16 0.00043605908151394634
19 0.00036606883509663425
34 0.00008348431274309984
38 0.000009174895847454548
39 0.000015438219457612578
40 0.000009174895847454548
41 0.00001846667249036454
42 0.0001918230925320273
43 0.00006803738175740662
44 0.0007464543161418835
46 0.0004684699409609935
47 0.00036652805156943435
48 0.00022854540687854879
49 0.0002717075318619848
52 0.000022262872240576327
60 0.0008268358917316825
61 0.00019112209487459625
63 0.000006870329625449715
64 0.00015012666260618196
67 0.0001412436639807968
73 0.000619850515663888
74 0.0020597243009681486
81 0.002901346709025464
82 0.0010385029224423594
104 0.0007460318459501643
113 0.00026863163182146973
114 0.00037301592297508214
118 0.0011119359907702418
149 0.000640123214165967
165 0.000725336677256366
171 0.0004269252942241762
177 0.000725336677256366
214 0.0046624394662306045
246 0.0007283569836017483
251 0.002707947469534101
261 0.0005180488295811783
277 0.0005287351414110325
290 0.0010654088584181574
310 0.0005854475100053178
320 0.011196620923870878
368 0.0005837649321194501
412 0.00036951756716372796
413 0.0003593147470569854
438 0.007213666315942941
551 0.0013482074992656363
613 0.0005922967385408627
622 0.0005598310461935439
638 0.0007788406609122869
691 0.000640123214165967
721 0.0008194567768041337
753 0.000619850515663888
873 0.0007983015672272726
874 0.0011353534420436818
1025 0.0014024607332345665
1026 0.0011353534420436818
1027 0.0020223112488984545
1028 0.0008968829210099529
1029 0.0015352001091642055
1030 0.00426163543367263
1031 0.0008426296870410227
1032 0.0009668275046354771
1033 0.0014024607332345665
1034 0.0008194567768041337