0 0.00012419781759445434
1 0.00009782275243664496
2 0.00011794730538676969
5 0.00013988916725104833
6 0.0001467383957865933
7 0.0001345454019413534
13 0.00001846667249036454
16 0.00014535302717131544
26 0.00021900961471874297
34 0.00008348431274309984
36 0.00008671892631624905
38 0.000009174895847454548
39 0.00002315732918641887
40 0.000009174895847454548
41 0.00001231111499357636
43 0.000025514018159027487
45 0.0003296624039283553
46 0.0002007728318404258
47 0.0002618057511210246
49 0.0007471957126204582
52 0.000022262872240576327
55 0.0002246860951459229
58 0.00043059522159367926
59 0.0003749616931824251
61 0.00019112209487459625
63 0.000009160439500599619
64 0.00007506333130309098
66 0.00038491964666822163
84 0.000331048322034894
97 0.00047159727675776246
113 0.00026863163182146973
122 0.00035600678399941706
123 0.0003111316863753057
177 0.001450673354512732
180 0.0002952696582040436
185 0.0007788406609122869
186 0.0005180488295811783
253 0.0004824049019877245
289 0.0014880966665166847
310 0.0002927237550026589
363 0.0008426296870410227
365 0.0008194567768041337
368 0.0005837649321194501
412 0.00036951756716372796
413 0.0003593147470569854
460 0.001233934795826362
467 0.0008968829210099529
540 0.0006741037496328182
550 0.0005922967385408627
661 0.0011353534420436818
850 0.0006997202134445921
1046 0.0042073821997037
1047 0.0168295287988148
1048 0.0014024607332345665
1049 0.003406060326131045
1050 0.0010654088584181574
1051 0.0014024607332345665
1052 0.0008968829210099529
1053 0.007403608774958171
1054 0.004541413768174727
1055 0.001233934795826362