0 0.00012419781759445434
1 0.00019564550487328992
2 0.00011794730538676969
5 0.00013988916725104833
6 0.0001467383957865933
7 0.0001345454019413534
13 0.00000615555749678818
16 0.00014535302717131544
20 0.0006168302093185058
26 0.00021900961471874297
33 0.0003281012370525588
36 0.0001734378526324981
37 0.000362668338628183
38 0.000009174895847454548
39 0.000007719109728806289
40 0.000012233194463272731
41 0.00000615555749678818
42 0.0000639410308440091
43 0.000025514018159027487
47 0.00015708345067261473
49 0.0000679268829654962
51 0.000501033282866017
52 0.000022262872240576327
56 0.00027977833450209665
63 0.000006870329625449715
64 0.00007506333130309098
65 0.0005172662610880846
66 0.00019245982333411082
72 0.00043261292225370724
75 0.007983015672272727
82 0.0015577543836635393
83 0.00214085167887495
87 0.0003951340309755019
88 0.00040699645844193325
89 0.0001958367044818539
113 0.0005372632636429395
114 0.00037301592297508214
130 0.00038382354820504417
158 0.0005755223958501378
159 0.0003495228921729738
177 0.000725336677256366
180 0.0002952696582040436
184 0.0008194567768041337
196 0.0003084151046592529
277 0.00017624504713701082
297 0.0007608226759490672
360 0.00036951756716372796
371 0.0005837649321194501
376 0.000650930839395929
433 0.0010654088584181574
449 0.0007788406609122869
468 0.001463983136469883
471 0.0007983015672272726
472 0.0009668275046354771
558 0.0007608226759490672
790 0.0009668275046354771
1056 0.0010654088584181574
1057 0.0020223112488984545
1058 0.0007788406609122869
1059 0.002467869591652724
1060 0.0005837649321194501
1061 0.0014024607332345665
1062 0.0016794931385806316
1063 0.0008968829210099529
1064 0.0009293486133572717
1065 0.0014024607332345665
1066 0.0010654088584181574
1067 0.0010654088584181574