0 0.00012419781759445434
1 0.00009782275243664496
2 0.00011794730538676969
5 0.00013988916725104833
6 0.0001467383957865933
7 0.0001345454019413534
8 0.000230498281105941
13 0.00004308890247751726
16 0.00014535302717131544
20 0.0006168302093185058
28 0.0008652258445074145
34 0.00008348431274309984
36 0.0001734378526324981
38 0.000012233194463272731
39 0.00002315732918641887
40 0.000015291493079090914
41 0.00002462222998715272
42 0.0000639410308440091
43 0.000051028036318054975
45 0.0003296624039283553
46 0.00026769710912056773
47 0.00036652805156943435
48 0.00022854540687854879
49 0.0000679268829654962
52 0.000044525744481152654
58 0.0006458928323905189
59 0.0003749616931824251
60 0.0002756119639105608
61 0.00019112209487459625
63 0.000009160439500599619
64 0.00007506333130309098
65 0.00038794969581606347
66 0.0007698392933364433
67 0.0001412436639807968
72 0.00043261292225370724
81 0.002901346709025464
82 0.0005192514612211797
85 0.0004125164454002661
89 0.0001958367044818539
99 0.0006741037496328182
100 0.0013482074992656363
104 0.00037301592297508214
113 0.00026863163182146973
118 0.0008339519930776814
123 0.0003111316863753057
124 0.00016852593740820454
130 0.00038382354820504417
160 0.00038382354820504417
177 0.000362668338628183
193 0.001239701031327776
194 0.001233934795826362
250 0.00123324839670901
251 0.000902649156511367
260 0.0013482074992656363
264 0.0004995742594430985
277 0.0007049801885480433
279 0.000446509935100765
286 0.0004769410420674574
315 0.0009668275046354771
320 0.0005598310461935439
321 0.0007440483332583423
352 0.00071361722629165
360 0.00036951756716372796
362 0.0010654088584181574
411 0.0005607588032834975
412 0.00036951756716372796
413 0.0003593147470569854
558 0.012173162815185075
633 0.0007608226759490672
779 0.0011510447917002756
841 0.0006865747669893828
850 0.0006997202134445921
875 0.0007788406609122869
891 0.0010111556244492273
945 0.003406060326131045
954 0.008364137520215446
1029 0.0005117333697214018
1052 0.0008968829210099529
1073 0.0008194567768041337
1074 0.0009668275046354771
1075 0.0009668275046354771
1076 0.0014024607332345665
1077 0.02951918949313572
1078 0.0009293486133572717
1079 0.002804921466469133
1080 0.0037018043874790857
1081 0.0010654088584181574
1082 0.0009668275046354771
1083 0.0011353534420436818
1084 0.0007983015672272726
1085 0.0014880966665166847
1086 0.0008968829210099529