0 0.00012419781759445434
1 0.00009782275243664496
2 0.00011794730538676969
3 0.00042377080113265817
4 0.00036951756716372796
5 0.00013988916725104833
6 0.0001467383957865933
7 0.0001345454019413534
8 0.000230498281105941
13 0.00003693334498072908
27 0.000619850515663888
34 0.00033393725097239935
36 0.0001734378526324981
38 0.000009174895847454548
39 0.000015438219457612578
40 0.000009174895847454548
41 0.00001846667249036454
42 0.0001278820616880182
43 0.00003401869087870331
44 0.0004976362107612556
45 0.00016483120196417766
46 0.00026769710912056773
47 0.0002618057511210246
48 0.00022854540687854879
49 0.0000679268829654962
51 0.0001670110942886723
52 0.000044525744481152654
55 0.0004493721902918458
56 0.00013988916725104833
58 0.00021529761079683963
59 0.0003749616931824251
60 0.0002756119639105608
63 0.0000022901098751499047
64 0.00007506333130309098
65 0.00038794969581606347
66 0.0005773794700023325
68 0.0016443311956120133
76 0.0033011809373043374
85 0.00020625822270013306
102 0.00042377080113265817
118 0.0008339519930776814
138 0.0006103147235040822
139 0.0005311942760363876
160 0.00038382354820504417
177 0.000362668338628183
183 0.004408429408733476
196 0.0003084151046592529
214 0.0005180488295811783
245 0.0003765653514752408
253 0.0004824049019877245
261 0.0005180488295811783
272 0.0006865747669893828
314 0.008089244995593818
360 0.0007390351343274559
399 0.0013994404268891842
430 0.00042815166801879435
496 0.0016141305137157976
576 0.000619850515663888
608 0.0007440483332583423
613 0.0005922967385408627
689 0.0007608226759490672
779 0.0005755223958501378
787 0.009293486133572719
879 0.001301861678791858
898 0.0006103147235040822
979 0.0008194567768041337
1007 0.0016852593740820454
1029 0.0005117333697214018
1073 0.0008194567768041337
1085 0.0014880966665166847
1087 0.0009668275046354771
1088 0.0009293486133572717
1089 0.0010654088584181574
1090 0.0014024607332345665
1091 0.0014024607332345665
1092 0.0014024607332345665
1093 0.0007983015672272726
1094 0.0014024607332345665
1095 0.0007788406609122869
1096 0.0168295287988148
1097 0.001233934795826362
1098 0.0014024607332345665
1099 0.0014024607332345665
1100 0.0008968829210099529
1101 0.0008426296870410227