13 0.00002462222998715272
16 0.00014535302717131544
26 0.00043801922943748593
38 0.000009174895847454548
39 0.000007719109728806289
40 0.000015291493079090914
41 0.00003693334498072908
42 0.0001278820616880182
43 0.000017009345439351656
46 0.0002007728318404258
47 0.00010472230044840982
52 0.000022262872240576327
56 0.00027977833450209665
61 0.00019112209487459625
63 0.000006870329625449715
82 0.0005192514612211797
88 0.00040699645844193325
89 0.0003916734089637078
100 0.0003370518748164091
107 0.0003875355521269475
149 0.000640123214165967
165 0.000362668338628183
180 0.0002952696582040436
250 0.0008221655978060067
251 0.000902649156511367
253 0.0004824049019877245
260 0.0006741037496328182
263 0.0005755223958501378
277 0.0012337153299590757
279 0.000446509935100765
307 0.0009431945535155249
357 0.0005837649321194501
374 0.0008194567768041337
433 0.0010654088584181574
540 0.0006741037496328182
555 0.0005245327214076215
558 0.0007608226759490672
591 0.0007283569836017483
693 0.0040972838840206685
694 0.0008194567768041337
697 0.0008682461508527967
708 0.0007440483332583423
765 0.0014567139672034967
795 0.004541413768174727
864 0.0008968829210099529
902 0.000650930839395929
920 0.0029134279344069933
1085 0.0007440483332583423
1102 0.007012303666172833
1103 0.0084147643994074
1104 0.007012303666172833
1105 0.005609842932938266
1106 0.001233934795826362
1107 0.0010111556244492273
1108 0.0084147643994074
1109 0.002130817716836315
1110 0.0010654088584181574
1111 0.0009668275046354771
1112 0.0011845934770817253
1113 0.011219685865876532
1114 0.0037018043874790857
1115 0.0008682461508527967
1116 0.0014024607332345665
1117 0.0010111556244492273
1118 0.001233934795826362
1119 0.0009293486133572717
1120 0.0019867239664991604
1121 0.001233934795826362
1122 0.0014024607332345665
1123 0.003406060326131045
1124 0.001233934795826362
1125 0.002804921466469133
1126 0.002804921466469133
1127 0.0014024607332345665
1128 0.0014024607332345665
1129 0.001233934795826362
1130 0.0014024607332345665
1131 0.0014024607332345665