0 0.00012419781759445434
1 0.00009782275243664496
2 0.00011794730538676969
5 0.00013988916725104833
6 0.0001467383957865933
7 0.0001345454019413534
13 0.00004308890247751726
14 0.0005180488295811783
16 0.0002907060543426309
26 0.00043801922943748593
33 0.0003281012370525588
37 0.000725336677256366
38 0.000009174895847454548
39 0.000015438219457612578
40 0.000018349791694909097
41 0.00002462222998715272
42 0.0001278820616880182
43 0.0000595327090377308
45 0.0004120780049104442
46 0.0005353942182411355
47 0.0004188892017936393
51 0.0001670110942886723
52 0.000022262872240576327
55 0.0013481165708755375
56 0.0008393350035062901
57 0.0014109728978920124
58 0.0006458928323905189
59 0.0003749616931824251
61 0.00019112209487459625
63 0.0000045802197502998095
64 0.00007506333130309098
66 0.00019245982333411082
72 0.00043261292225370724
82 0.0005192514612211797
84 0.002317338254244258
89 0.0001958367044818539
118 0.0030578239746181647
123 0.0003111316863753057
124 0.00016852593740820454
130 0.00038382354820504417
145 0.004044622497796909
151 0.000650930839395929
156 0.0018586972267145435
160 0.0007676470964100883
206 0.0008682461508527967
250 0.0020554139945150166
267 0.0005180488295811783
277 0.00017624504713701082
304 0.0004937153847581824
306 0.0008194567768041337
310 0.0002927237550026589
360 0.00036951756716372796
371 0.0011675298642389001
402 0.0020223112488984545
412 0.0011085527014911838
413 0.0010779442411709562
430 0.0008563033360375887
431 0.0006865747669893828
437 0.0005180488295811783
439 0.00214085167887495
441 0.0005837649321194501
442 0.0006103147235040822
476 0.002458370330412401
477 0.003196226575254472
496 0.0005380435045719325
540 0.0006741037496328182
555 0.0005245327214076215
595 0.003720241666291712
598 0.018834541341209012
609 0.0007608226759490672
667 0.0006997202134445921
671 0.0005598310461935439
684 0.01362424130452418
698 0.0008682461508527967
716 0.0005523494856132488
735 0.0008194567768041337
772 0.0005311942760363876
811 0.0007983015672272726
841 0.0006865747669893828
906 0.010654088584181574
1037 0.0005755223958501378
1132 0.002467869591652724
1133 0.0008682461508527967
1134 0.001233934795826362
1135 0.0042073821997037
1136 0.0011353534420436818
1137 0.0014024607332345665
1138 0.0010654088584181574
1139 0.001233934795826362
1140 0.0014024607332345665
1141 0.0007983015672272726
1142 0.0010111556244492273
1143 0.0010654088584181574
1144 0.001233934795826362
1145 0.0014024607332345665
1146 0.001233934795826362
1147 0.001233934795826362
1148 0.002130817716836315
1149 0.0014024607332345665
1150 0.002130817716836315
1151 0.002467869591652724
1152 0.002804921466469133
1153 0.0009668275046354771
1154 0.0008968829210099529