0 0.00012419781759445434
1 0.00009782275243664496
2 0.00011794730538676969
5 0.00013988916725104833
6 0.0001467383957865933
7 0.0001345454019413534
13 0.00001231111499357636
21 0.00035600678399941706
26 0.00021900961471874297
33 0.0003281012370525588
36 0.00008671892631624905
38 0.000009174895847454548
39 0.000015438219457612578
40 0.000012233194463272731
41 0.00001846667249036454
43 0.00003401869087870331
45 0.00008241560098208883
46 0.00033462138640070967
47 0.0002618057511210246
48 0.00022854540687854879
49 0.0000679268829654962
51 0.0003340221885773446
52 0.000022262872240576327
56 0.00041966750175314503
61 0.00019112209487459625
63 0.0000045802197502998095
81 0.0021760100317690986
87 0.0015805361239020076
89 0.0003916734089637078
97 0.0009431945535155249
100 0.0003370518748164091
138 0.0006103147235040822
277 0.00017624504713701082
324 0.0006741037496328182
347 0.0005117333697214018
367 0.0006011388596619117
438 0.0012022777193238235
441 0.0005837649321194501
452 0.0005755223958501378
613 0.0005922967385408627
641 0.0006865747669893828
649 0.0007440483332583423
1034 0.0008194567768041337
1056 0.0010654088584181574
1156 0.005055778122246136
1157 0.005676767210218409
1158 0.0014024607332345665
1159 0.0014024607332345665
1160 0.002804921466469133
1161 0.0014024607332345665
1162 0.000619850515663888
1163 0.0014024607332345665
1164 0.0014024607332345665
1165 0.0014024607332345665
1166 0.0014024607332345665
1167 0.0014024607332345665
1168 0.001233934795826362
1169 0.0014024607332345665
1170 0.0014024607332345665
1171 0.0014024607332345665
1172 0.0010111556244492273
1173 0.0008682461508527967
1174 0.0014024607332345665