0 0.00012419781759445434
1 0.00009782275243664496
2 0.00011794730538676969
5 0.00013988916725104833
6 0.0001467383957865933
7 0.0001345454019413534
8 0.000230498281105941
12 0.001516733436673841
13 0.00000615555749678818
26 0.0008760384588749719
28 0.00043261292225370724
30 0.00039130510878533924
34 0.0002504529382292995
36 0.0002601567789487472
38 0.0000061165972316363655
39 0.000007719109728806289
40 0.000015291493079090914
41 0.000030777787483940904
42 0.0001278820616880182
43 0.00003401869087870331
45 0.0003296624039283553
46 0.00006692427728014193
47 0.00005236115022420491
52 0.000044525744481152654
56 0.00013988916725104833
58 0.0006458928323905189
60 0.0002756119639105608
61 0.00019112209487459625
63 0.000006870329625449715
64 0.00007506333130309098
72 0.0008652258445074145
82 0.00025962573061058986
85 0.0006187746681003992
87 0.0007902680619510038
89 0.0001958367044818539
97 0.00047159727675776246
118 0.0013899199884628024
122 0.0010680203519982513
124 0.00016852593740820454
150 0.000775071104253895
177 0.000725336677256366
180 0.0002952696582040436
196 0.0006168302093185058
247 0.00056755015592235
250 0.00041108279890300333
256 0.001233934795826362
264 0.0004995742594430985
268 0.0008968829210099529
271 0.0012206294470081644
274 0.0006103147235040822
277 0.0005287351414110325
350 0.0008426296870410227
393 0.00056755015592235
430 0.00042815166801879435
442 0.0006103147235040822
497 0.000362668338628183
596 0.0006741037496328182
641 0.006179172902904446
671 0.0005598310461935439
703 0.0006865747669893828
711 0.0009293486133572717
768 0.002690648763029859
858 0.000650930839395929
1068 0.0009668275046354771
1072 0.003196226575254472
1093 0.0007983015672272726
1162 0.000619850515663888
1175 0.0014024607332345665
1176 0.007175063368079623
1177 0.0009668275046354771
1178 0.003043290703796269
1179 0.008637543570784533
1180 0.0014024607332345665
1181 0.0014024607332345665
1182 0.0008682461508527967
1183 0.001233934795826362
1184 0.003406060326131045
1185 0.001233934795826362