0 0.00012419781759445434
1 0.00009782275243664496
2 0.00011794730538676969
4 0.00036951756716372796
5 0.00013988916725104833
6 0.0001467383957865933
7 0.0001345454019413534
8 0.000230498281105941
9 0.001456275898469254
13 0.000030777787483940904
20 0.0003084151046592529
21 0.00035600678399941706
26 0.00021900961471874297
28 0.00043261292225370724
30 0.003521745979068053
34 0.0002504529382292995
38 0.000012233194463272731
39 0.00002315732918641887
40 0.000012233194463272731
41 0.00002462222998715272
42 0.0001278820616880182
43 0.00003401869087870331
44 0.0004976362107612556
45 0.00016483120196417766
46 0.00033462138640070967
47 0.00036652805156943435
48 0.00022854540687854879
49 0.0000679268829654962
51 0.0001670110942886723
52 0.000022262872240576327
55 0.0002246860951459229
56 0.00013988916725104833
57 0.0003527432244730031
58 0.00043059522159367926
59 0.0005624425397736376
61 0.00009556104743729812
63 0.0000045802197502998095
64 0.00007506333130309098
65 0.0002586331305440423
66 0.0007698392933364433
67 0.0001412436639807968
85 0.0006187746681003992
91 0.0006997202134445921
105 0.00047159727675776246
110 0.0006741037496328182
118 0.0011119359907702418
124 0.00016852593740820454
130 0.00038382354820504417
144 0.0009124729869599541
157 0.0008968829210099529
171 0.0002134626471120881
237 0.0014880966665166847
245 0.0003765653514752408
253 0.0004824049019877245
278 0.0038942033045614344
307 0.00047159727675776246
360 0.00036951756716372796
399 0.0027988808537783684
402 0.0013482074992656363
411 0.0008411382049252463
491 0.002302089583400551
492 0.0034328738349469145
505 0.005960171899497481
506 0.0012595512596381359
507 0.0005755223958501378
508 0.001776890215622588
510 0.0007983015672272726
512 0.0016852593740820454
520 0.002745659458505578
613 0.0005922967385408627
682 0.0006865747669893828
772 0.0005311942760363876
993 0.0009668275046354771
1029 0.0005117333697214018
1057 0.0020223112488984545
1186 0.0011353534420436818
1187 0.0010111556244492273
1188 0.0010654088584181574
1189 0.005609842932938266
1190 0.009817225132641966
1191 0.0014024607332345665
1192 0.0014024607332345665
1193 0.002804921466469133
1194 0.0010654088584181574
1195 0.0014024607332345665
1196 0.003370518748164091
1197 0.0014024607332345665
1198 0.0022707068840873636
1199 0.001233934795826362
1200 0.0011353534420436818
1201 0.002804921466469133
1202 0.0014024607332345665
1203 0.001233934795826362
1204 0.0014024607332345665