0 0.00012419781759445434
1 0.00009782275243664496
2 0.00011794730538676969
4 0.00036951756716372796
5 0.00013988916725104833
6 0.0001467383957865933
7 0.0001345454019413534
8 0.000230498281105941
9 0.001456275898469254
13 0.00001231111499357636
20 0.0024673208372740234
21 0.0017800339199970856
22 0.00178603974040306
38 0.000009174895847454548
39 0.00002315732918641887
40 0.000018349791694909097
41 0.000030777787483940904
42 0.0001278820616880182
43 0.00004252336359837915
44 0.0004976362107612556
45 0.00008241560098208883
46 0.0004015456636808516
47 0.00036652805156943435
48 0.00022854540687854879
49 0.0001358537659309924
51 0.0001670110942886723
52 0.000044525744481152654
55 0.0004493721902918458
56 0.00027977833450209665
57 0.0007054864489460062
58 0.0006458928323905189
59 0.0005624425397736376
60 0.0002756119639105608
61 0.00019112209487459625
63 0.0000045802197502998095
64 0.00007506333130309098
65 0.00012931656527202115
66 0.00019245982333411082
67 0.0002824873279615936
71 0.0004152389947112455
85 0.0008250328908005323
103 0.0017364923017055933
105 0.00047159727675776246
124 0.0003370518748164091
135 0.0007440483332583423
136 0.0006622413221663868
144 0.0018249459739199082
152 0.0007788406609122869
157 0.0008968829210099529
160 0.0007676470964100883
180 0.0002952696582040436
210 0.0005245327214076215
278 0.0007788406609122869
282 0.005922967385408627
310 0.0008781712650079768
360 0.00036951756716372796
376 0.000650930839395929
396 0.001776890215622588
401 0.000619850515663888
445 0.0009327368801768604
520 0.0006864148646263945
596 0.0013482074992656363
666 0.0006011388596619117
682 0.00480602336892568
717 0.0007788406609122869
729 0.0018586972267145435
788 0.0006622413221663868
1007 0.002527889061123068
1044 0.0011353534420436818
1060 0.0011675298642389001
1162 0.000619850515663888
1205 0.008637543570784533
1206 0.0011353534420436818
1207 0.001233934795826362
1208 0.003196226575254472
1209 0.002467869591652724
1210 0.002130817716836315
1211 0.0014024607332345665
1212 0.0014024607332345665
1213 0.0042073821997037
1214 0.0015576813218245737
1215 0.0014024607332345665
1216 0.002804921466469133
1217 0.0014024607332345665
1218 0.0014024607332345665
1219 0.0011353534420436818
1220 0.0014024607332345665
1221 0.0014024607332345665
1222 0.001233934795826362
1223 0.0011353534420436818
1224 0.0010111556244492273
1225 0.0014024607332345665
1226 0.001233934795826362
1227 0.0014024607332345665
1228 0.0014024607332345665
1229 0.0014024607332345665
1230 0.0011353534420436818
1231 0.0014024607332345665
1232 0.0014024607332345665
1233 0.0014024607332345665