13 0.00000615555749678818
16 0.00014535302717131544
17 0.01561582012234542
19 0.0021964130105798056
23 0.0055613559344707495
27 0.000619850515663888
28 0.00043261292225370724
29 0.001554146488743535
36 0.0002601567789487472
38 0.000009174895847454548
39 0.00002315732918641887
40 0.000009174895847454548
41 0.000030777787483940904
43 0.000017009345439351656
45 0.000494493605892533
46 0.00006692427728014193
47 0.00020944460089681964
49 0.0001358537659309924
52 0.000022262872240576327
56 0.0006994458362552417
59 0.00018748084659121254
60 0.0005512239278211216
61 0.00019112209487459625
63 0.000006870329625449715
64 0.00007506333130309098
65 0.00038794969581606347
67 0.00042373099194239035
71 0.000830477989422491
97 0.0009431945535155249
102 0.00042377080113265817
104 0.0011190477689252464
106 0.002690648763029859
113 0.0008058948954644093
124 0.00016852593740820454
138 0.0012206294470081644
144 0.00045623649347997704
180 0.0014763482910202178
186 0.0005180488295811783
210 0.0005245327214076215
214 0.0005180488295811783
245 0.0018828267573762043
249 0.003043290703796269
255 0.000725336677256366
267 0.0025902441479058918
311 0.0009293486133572717
313 0.0007283569836017483
348 0.0007283569836017483
365 0.0008194567768041337
379 0.0006741037496328182
415 0.0010111556244492273
437 0.0005180488295811783
438 0.0030056942983095586
440 0.0020223112488984545
442 0.0006103147235040822
449 0.0007788406609122869
461 0.0008426296870410227
464 0.0007983015672272726
479 0.00214085167887495
497 0.000725336677256366
498 0.0008682461508527967
520 0.0003432074323131972
588 0.0010654088584181574
594 0.00071361722629165
634 0.0017937658420199057
642 0.0007440483332583423
779 0.0005755223958501378
825 0.0009668275046354771
832 0.0009668275046354771
845 0.0007608226759490672
868 0.0022702006236894
911 0.0009668275046354771
915 0.0006622413221663868
1036 0.0007608226759490672
1060 0.0005837649321194501
1062 0.0011196620923870878
1063 0.0008968829210099529
1162 0.000619850515663888
1168 0.0037018043874790857
1234 0.00616967397913181
1235 0.001233934795826362
1236 0.0029004825139064315
1237 0.0014024607332345665
1238 0.0014024607332345665
1239 0.0014024607332345665
1240 0.0010111556244492273
1241 0.001233934795826362
1242 0.004541413768174727
1243 0.0011353534420436818
1244 0.0014024607332345665
1245 0.002804921466469133
1246 0.0014024607332345665
1247 0.0009293486133572717
1248 0.0014024607332345665
1249 0.0011353534420436818
1250 0.002130817716836315
1251 0.0009668275046354771
1252 0.0014024607332345665
1253 0.001233934795826362
1254 0.001233934795826362
1255 0.0014024607332345665
1256 0.002467869591652724
1257 0.002804921466469133
1258 0.0014024607332345665
1259 0.0014024607332345665
1260 0.002804921466469133
1261 0.0014024607332345665
1262 0.0014024607332345665
1263 0.0008682461508527967
1264 0.0010654088584181574
1265 0.0014024607332345665
1266 0.002804921466469133
1267 0.0042073821997037
1268 0.0014024607332345665
1269 0.001233934795826362
1270 0.0014024607332345665