0 0.00012419781759445434
1 0.00009782275243664496
2 0.00011794730538676969
3 0.00042377080113265817
4 0.00036951756716372796
5 0.00013988916725104833
6 0.0001467383957865933
7 0.0001345454019413534
8 0.000230498281105941
9 0.0006241182422011089
13 0.00001231111499357636
16 0.00014535302717131544
20 0.0009252453139777587
21 0.0010680203519982513
22 0.000446509935100765
34 0.00008348431274309984
36 0.00008671892631624905
37 0.000725336677256366
38 0.000009174895847454548
39 0.00002315732918641887
40 0.000012233194463272731
41 0.00002462222998715272
42 0.0001918230925320273
43 0.00003401869087870331
44 0.0004976362107612556
45 0.00008241560098208883
46 0.0004015456636808516
47 0.0004188892017936393
48 0.00022854540687854879
49 0.0001358537659309924
51 0.0001670110942886723
52 0.000022262872240576327
55 0.0006740582854377687
56 0.00041966750175314503
57 0.0007054864489460062
58 0.0006458928323905189
59 0.0005624425397736376
60 0.0002756119639105608
61 0.00019112209487459625
63 0.0000022901098751499047
64 0.00007506333130309098
65 0.0002586331305440423
66 0.00019245982333411082
67 0.00042373099194239035
69 0.0007788406609122869
71 0.000830477989422491
73 0.000619850515663888
76 0.00047159727675776246
81 0.0021760100317690986
82 0.001817380114274129
84 0.000331048322034894
85 0.00020625822270013306
87 0.00197567015487751
90 0.0006622413221663868
99 0.0006741037496328182
102 0.00042377080113265817
114 0.00037301592297508214
124 0.00016852593740820454
139 0.0005311942760363876
196 0.0006168302093185058
197 0.00056755015592235
267 0.0005180488295811783
286 0.0004769410420674574
310 0.0005854475100053178
479 0.00071361722629165
493 0.00056755015592235
494 0.0005523494856132488
495 0.0006622413221663868
496 0.0005380435045719325
497 0.000725336677256366
555 0.0005245327214076215
572 0.00071361722629165
650 0.0007608226759490672
898 0.0006103147235040822
1029 0.0005117333697214018
1100 0.0035875316840398115
1271 0.0008426296870410227
1272 0.0011353534420436818
1273 0.0014024607332345665
1274 0.001233934795826362
1275 0.0014024607332345665
1276 0.0013244826443327736
1277 0.001233934795826362