0 0.00012419781759445434
1 0.00009782275243664496
2 0.00011794730538676969
4 0.00036951756716372796
5 0.00013988916725104833
6 0.0001467383957865933
7 0.0001345454019413534
8 0.000230498281105941
9 0.0012482364844022178
12 0.0005055778122246136
13 0.00001846667249036454
14 0.0005180488295811783
15 0.0005837649321194501
16 0.00014535302717131544
17 0.00048799437882329435
19 0.00036606883509663425
20 0.0009252453139777587
21 0.0010680203519982513
22 0.001339529805302295
23 0.0005055778122246136
26 0.00021900961471874297
34 0.00008348431274309984
36 0.0001734378526324981
38 0.000009174895847454548
39 0.000015438219457612578
40 0.000018349791694909097
41 0.00002462222998715272
42 0.0000639410308440091
43 0.000025514018159027487
44 0.0004976362107612556
45 0.00016483120196417766
46 0.0004015456636808516
47 0.00031416690134522947
48 0.00022854540687854879
49 0.0001358537659309924
51 0.0001670110942886723
52 0.000044525744481152654
55 0.0004493721902918458
56 0.00027977833450209665
57 0.0007054864489460062
58 0.0006458928323905189
59 0.0003749616931824251
60 0.0002756119639105608
61 0.00019112209487459625
63 0.0000022901098751499047
65 0.00012931656527202115
76 0.0009431945535155249
80 0.0017937658420199057
82 0.0012981286530529493
85 0.0004125164454002661
87 0.0003951340309755019
114 0.0007460318459501643
122 0.00035600678399941706
135 0.0014880966665166847
136 0.006622413221663868
159 0.0003495228921729738
180 0.0002952696582040436
222 0.0006741037496328182
223 0.0016389135536082674
243 0.0028544689051666
245 0.0003765653514752408
251 0.000902649156511367
264 0.0004995742594430985
271 0.0006103147235040822
277 0.00035249009427402165
349 0.012488887862480497
351 0.008637543570784533
356 0.0007788406609122869
363 0.0008426296870410227
396 0.003553780431245176
520 0.0006864148646263945
550 0.0005922967385408627
552 0.0006297756298190679
555 0.0005245327214076215
572 0.00071361722629165
578 0.0016852593740820454
652 0.0010111556244492273
662 0.0008682461508527967
696 0.0010654088584181574
715 0.0008194567768041337
735 0.0008194567768041337
739 0.0008682461508527967
980 0.0020991606403337765
1146 0.0037018043874790857
1176 0.0017937658420199057
1278 0.0037018043874790857
1279 0.022210826324874512
1280 0.0020223112488984545
1281 0.0014024607332345665
1282 0.0014024607332345665
1283 0.0006997202134445921
1284 0.0037018043874790857
1285 0.0008194567768041337
1286 0.0014024607332345665
1287 0.0014024607332345665
1288 0.001233934795826362
1289 0.001233934795826362
1290 0.0022707068840873636
1291 0.0014024607332345665