10 0.0008968829210099529
13 0.00001846667249036454
28 0.00043261292225370724
29 0.0005180488295811783
34 0.00016696862548619968
36 0.00008671892631624905
38 0.0000061165972316363655
39 0.000007719109728806289
40 0.000009174895847454548
41 0.00001846667249036454
42 0.0000639410308440091
43 0.00003401869087870331
45 0.00008241560098208883
46 0.00026769710912056773
47 0.00036652805156943435
48 0.00022854540687854879
49 0.0002037806488964886
61 0.00019112209487459625
63 0.000011450549375749525
64 0.00007506333130309098
65 0.00038794969581606347
85 0.00020625822270013306
89 0.0001958367044818539
97 0.0009431945535155249
114 0.00037301592297508214
115 0.0004663684400884302
118 0.0019458879838479231
124 0.00016852593740820454
138 0.0006103147235040822
176 0.0005837649321194501
177 0.000362668338628183
196 0.0003084151046592529
214 0.0005180488295811783
225 0.0006865747669893828
245 0.0007531307029504816
277 0.00035249009427402165
310 0.0008781712650079768
321 0.0007440483332583423
333 0.0008426296870410227
360 0.0011085527014911838
379 0.0013482074992656363
484 0.0034986010672229608
532 0.0008968829210099529
545 0.0023365219827368605
590 0.0006622413221663868
591 0.0007283569836017483
609 0.0007608226759490672
622 0.0011196620923870878
638 0.0007788406609122869
694 0.0008194567768041337
700 0.0011353534420436818
786 0.0006741037496328182
820 0.0007983015672272726
822 0.0019336550092709543
847 0.0009293486133572717
858 0.000650930839395929
920 0.006555212852415735
996 0.0010111556244492273
1000 0.0009668275046354771
1029 0.0015352001091642055
1060 0.0005837649321194501
1066 0.0010654088584181574
1075 0.0009668275046354771
1089 0.0010654088584181574
1214 0.0007788406609122869
1292 0.0042073821997037
1293 0.0042073821997037
1294 0.0014024607332345665
1295 0.0014024607332345665
1296 0.0011353534420436818
1297 0.0010654088584181574
1298 0.0009668275046354771
1299 0.001233934795826362
1300 0.0027880458400718153
1301 0.0018586972267145435
1302 0.0011353534420436818
1303 0.001233934795826362
1304 0.0010111556244492273
1305 0.0035875316840398115
1306 0.0042073821997037
1307 0.0014024607332345665
1308 0.0042073821997037
1309 0.001233934795826362
1310 0.0013244826443327736
1311 0.001233934795826362
1312 0.0011353534420436818
1313 0.0014024607332345665
1314 0.0014024607332345665
1315 0.00356808613145825
1316 0.0014024607332345665
1317 0.0010111556244492273
1318 0.0014024607332345665