0 0.00012419781759445434
1 0.00009782275243664496
2 0.00011794730538676969
5 0.00013988916725104833
6 0.0001467383957865933
7 0.0001345454019413534
12 0.0005055778122246136
13 0.00003693334498072908
14 0.0005180488295811783
15 0.0005837649321194501
26 0.00021900961471874297
29 0.0005180488295811783
30 0.0007826102175706785
36 0.00008671892631624905
38 0.0000061165972316363655
39 0.000015438219457612578
40 0.000015291493079090914
41 0.00001846667249036454
42 0.0000639410308440091
43 0.000025514018159027487
46 0.00033462138640070967
47 0.0002618057511210246
49 0.0000679268829654962
51 0.0001670110942886723
52 0.000022262872240576327
55 0.0002246860951459229
61 0.00019112209487459625
63 0.0000045802197502998095
84 0.000331048322034894
89 0.0001958367044818539
107 0.0003875355521269475
123 0.0003111316863753057
138 0.0006103147235040822
160 0.00038382354820504417
165 0.000362668338628183
171 0.0002134626471120881
247 0.00056755015592235
250 0.00041108279890300333
268 0.0008968829210099529
272 0.0006865747669893828
277 0.0005287351414110325
332 0.00707808937114459
452 0.0005755223958501378
476 0.002458370330412401
477 0.003196226575254472
486 0.0020991606403337765
497 0.000362668338628183
520 0.0003432074323131972
538 0.0005117333697214018
569 0.0008682461508527967
589 0.0008426296870410227
590 0.0006622413221663868
591 0.0007283569836017483
609 0.0007608226759490672
644 0.0010111556244492273
697 0.0008682461508527967
716 0.0005523494856132488
772 0.0005311942760363876
779 0.0005755223958501378
820 0.002394904701681818
821 0.0027880458400718153
854 0.004935739183305448
875 0.0007788406609122869
915 0.0006622413221663868
1029 0.0010234667394428036
1052 0.0008968829210099529
1283 0.0020991606403337765
1305 0.0008968829210099529
1315 0.00071361722629165
1326 0.0009668275046354771
1327 0.0009668275046354771
1328 0.005952386666066739
1329 0.0014024607332345665
1330 0.0006865747669893828
1331 0.0008682461508527967