10 0.013453243815149294
13 0.00008002224745824635
23 0.0010111556244492273
34 0.00033393725097239935
35 0.0006865747669893828
36 0.00043359463158124535
38 0.000012233194463272731
39 0.000030876438915225156
40 0.000018349791694909097
41 0.00003693334498072908
42 0.0001278820616880182
43 0.000017009345439351656
46 0.0004684699409609935
47 0.00036652805156943435
52 0.000022262872240576327
56 0.00013988916725104833
61 0.00019112209487459625
63 0.000006870329625449715
64 0.00007506333130309098
67 0.0001412436639807968
69 0.0007788406609122869
71 0.0004152389947112455
82 0.00025962573061058986
88 0.0008139929168838665
94 0.002527889061123068
100 0.0003370518748164091
105 0.00047159727675776246
113 0.001074526527285879
114 0.0014920636919003286
122 0.00035600678399941706
124 0.00016852593740820454
125 0.00048799437882329435
150 0.000775071104253895
171 0.0002134626471120881
186 0.0005180488295811783
198 0.0016389135536082674
225 0.0006865747669893828
247 0.00056755015592235
264 0.0004995742594430985
265 0.0008426296870410227
275 0.0006622413221663868
277 0.00017624504713701082
278 0.0023365219827368605
279 0.000446509935100765
287 0.0004937153847581824
292 0.000640123214165967
293 0.0006741037496328182
294 0.00356808613145825
324 0.0013482074992656363
335 0.0008426296870410227
412 0.0011085527014911838
413 0.0007186294941139708
430 0.0008563033360375887
437 0.0005180488295811783
496 0.0005380435045719325
497 0.000725336677256366
520 0.001372829729252789
543 0.0007283569836017483
551 0.0006741037496328182
554 0.0008426296870410227
555 0.0005245327214076215
572 0.00071361722629165
573 0.00056755015592235
576 0.000619850515663888
577 0.0008968829210099529
613 0.0005922967385408627
642 0.0007440483332583423
664 0.0006297756298190679
666 0.0012022777193238235
697 0.0017364923017055933
708 0.0014880966665166847
716 0.0005523494856132488
764 0.0038673100185419086
803 0.00071361722629165
852 0.0006997202134445921
1034 0.0016389135536082674
1085 0.0007440483332583423
1088 0.0009293486133572717
1110 0.0010654088584181574
1196 0.016178489991187636
1310 0.0006622413221663868
1321 0.0007788406609122869
1331 0.0008682461508527967
1332 0.002467869591652724
1333 0.001233934795826362
1334 0.0014024607332345665
1335 0.003033466873347682
1336 0.0010654088584181574
1337 0.0014024607332345665
1338 0.01542706806558023
1339 0.0020223112488984545
1340 0.01704654173469052
1341 0.001233934795826362
1342 0.0014024607332345665
1343 0.0009293486133572717
1344 0.0014024607332345665
1345 0.0014024607332345665
1346 0.003033466873347682
1347 0.002467869591652724
1348 0.0011353534420436818
1349 0.0011353534420436818
1350 0.011105413162437256
1351 0.0014024607332345665
1352 0.0014024607332345665
1353 0.0014024607332345665
1354 0.0010111556244492273
1355 0.0014024607332345665
1356 0.003406060326131045
1357 0.002804921466469133
1358 0.0010111556244492273
1359 0.0014024607332345665