0 0.00012419781759445434
1 0.00009782275243664496
2 0.00011794730538676969
5 0.00013988916725104833
6 0.0001467383957865933
7 0.0001345454019413534
13 0.000030777787483940904
16 0.00014535302717131544
26 0.00021900961471874297
36 0.0002601567789487472
38 0.000009174895847454548
39 0.00002315732918641887
40 0.000009174895847454548
41 0.00001846667249036454
42 0.0001278820616880182
43 0.000017009345439351656
45 0.00016483120196417766
46 0.00026769710912056773
47 0.0002618057511210246
48 0.00022854540687854879
49 0.0001358537659309924
52 0.000022262872240576327
56 0.00027977833450209665
61 0.00009556104743729812
63 0.00001374065925089943
64 0.00007506333130309098
65 0.00012931656527202115
89 0.0001958367044818539
115 0.0009327368801768604
132 0.000650930839395929
160 0.00038382354820504417
174 0.0010654088584181574
176 0.0005837649321194501
177 0.000362668338628183
196 0.0006168302093185058
214 0.002072195318324713
226 0.0004769410420674574
272 0.0006865747669893828
277 0.0005287351414110325
287 0.0009874307695163648
323 0.0020223112488984545
352 0.00071361722629165
360 0.0007390351343274559
379 0.0013482074992656363
514 0.0007608226759490672
520 0.001372829729252789
538 0.0010234667394428036
555 0.0005245327214076215
590 0.0006622413221663868
591 0.0007283569836017483
622 0.0005598310461935439
646 0.0007440483332583423
648 0.0006741037496328182
671 0.0011196620923870878
694 0.0008194567768041337
697 0.0008682461508527967
764 0.0009668275046354771
841 0.0006865747669893828
866 0.0008426296870410227
915 0.0013244826443327736
920 0.0007283569836017483
988 0.0007788406609122869
1060 0.0005837649321194501
1093 0.0007983015672272726
1095 0.0007788406609122869
1138 0.0010654088584181574
1148 0.0010654088584181574
1305 0.0044844146050497646
1315 0.0028544689051666
1317 0.0010111556244492273
1336 0.0010654088584181574
1360 0.0042073821997037
1361 0.00616967397913181
1362 0.0014024607332345665
1363 0.0011353534420436818
1364 0.0014024607332345665
1365 0.0014024607332345665
1366 0.0014024607332345665
1367 0.001233934795826362
1368 0.0009668275046354771
1369 0.0014024607332345665
1370 0.00681212065226209
1371 0.006392453150508944
1372 0.001233934795826362
1373 0.015981132876272362
1374 0.0008968829210099529
1375 0.0014024607332345665
1376 0.0010111556244492273
1377 0.0011353534420436818
1378 0.0011353534420436818
1379 0.0014024607332345665
1380 0.002804921466469133
1381 0.0014024607332345665
1382 0.001233934795826362
1383 0.001233934795826362
1384 0.0014024607332345665
1385 0.0014024607332345665
1386 0.0014024607332345665
1387 0.0014024607332345665