0 0.00012419781759445434
1 0.00009782275243664496
2 0.00011794730538676969
3 0.00042377080113265817
4 0.00036951756716372796
5 0.00013988916725104833
6 0.0001467383957865933
7 0.0001345454019413534
8 0.000230498281105941
9 0.0006241182422011089
13 0.000030777787483940904
20 0.0009252453139777587
21 0.0010680203519982513
34 0.00008348431274309984
36 0.0001734378526324981
38 0.000009174895847454548
39 0.000015438219457612578
40 0.000012233194463272731
41 0.00002462222998715272
42 0.0001918230925320273
43 0.00004252336359837915
44 0.0004976362107612556
45 0.00016483120196417766
46 0.00026769710912056773
47 0.00020944460089681964
48 0.00022854540687854879
49 0.0001358537659309924
51 0.0001670110942886723
52 0.000044525744481152654
58 0.0008611904431873585
59 0.0013123659261384877
60 0.0002756119639105608
61 0.00019112209487459625
63 0.0000022901098751499047
64 0.00007506333130309098
67 0.0001412436639807968
73 0.000619850515663888
76 0.0014147918302732875
82 0.0010385029224423594
84 0.000331048322034894
85 0.00020625822270013306
86 0.0010654088584181574
91 0.0006997202134445921
99 0.0020223112488984545
150 0.000775071104253895
171 0.0002134626471120881
183 0.0012595512596381359
196 0.0003084151046592529
245 0.0003765653514752408
255 0.000362668338628183
261 0.0005180488295811783
282 0.0011845934770817253
308 0.0007283569836017483
412 0.00036951756716372796
457 0.0006011388596619117
494 0.0005523494856132488
495 0.0006622413221663868
576 0.000619850515663888
691 0.000640123214165967
747 0.002467869591652724
815 0.0009668275046354771
1141 0.0007983015672272726
1263 0.0008682461508527967
1276 0.0006622413221663868
1358 0.0010111556244492273
1388 0.0020223112488984545
1389 0.007403608774958171
1390 0.0011353534420436818
1391 0.0019336550092709543
1392 0.0014024607332345665
1393 0.0014024607332345665
1394 0.0014024607332345665