0 0.00012419781759445434
1 0.00009782275243664496
2 0.00011794730538676969
3 0.00042377080113265817
4 0.00036951756716372796
5 0.00013988916725104833
6 0.0001467383957865933
7 0.0001345454019413534
8 0.000230498281105941
9 0.0008321576562681452
13 0.00002462222998715272
14 0.0005180488295811783
20 0.0009252453139777587
21 0.0010680203519982513
22 0.000446509935100765
29 0.0005180488295811783
34 0.00033393725097239935
36 0.0002601567789487472
38 0.000009174895847454548
39 0.00002315732918641887
40 0.000012233194463272731
41 0.00002462222998715272
42 0.0001278820616880182
43 0.00003401869087870331
44 0.0004976362107612556
45 0.00008241560098208883
46 0.00026769710912056773
47 0.00036652805156943435
48 0.00022854540687854879
49 0.0000679268829654962
51 0.0001670110942886723
52 0.000044525744481152654
55 0.0002246860951459229
56 0.00027977833450209665
58 0.0006458928323905189
59 0.0003749616931824251
60 0.0002756119639105608
61 0.00019112209487459625
63 0.0000022901098751499047
64 0.00007506333130309098
65 0.0002586331305440423
67 0.0002824873279615936
85 0.0004125164454002661
88 0.0008139929168838665
113 0.00026863163182146973
114 0.00037301592297508214
122 0.00035600678399941706
123 0.0003111316863753057
139 0.0005311942760363876
144 0.0013687094804399312
152 0.0007788406609122869
154 0.0013731495339787657
165 0.000362668338628183
171 0.0004269252942241762
194 0.001233934795826362
195 0.0014024607332345665
196 0.0003084151046592529
197 0.0011351003118447
198 0.0040972838840206685
199 0.001233934795826362
200 0.0014024607332345665
201 0.001233934795826362
202 0.0014024607332345665
203 0.005609842932938266
204 0.003196226575254472
205 0.001233934795826362
206 0.0008682461508527967
207 0.001233934795826362
208 0.005609842932938266
209 0.0010111556244492273
210 0.0005245327214076215
211 0.0011353534420436818
212 0.00071361722629165
213 0.0010654088584181574
214 0.0005180488295811783
215 0.001233934795826362
216 0.0011353534420436818
217 0.006847404083541605
218 0.0010111556244492273
219 0.013145023117839954
220 0.0038673100185419086
221 0.0017364923017055933
222 0.0020223112488984545
223 0.0032778271072165348
224 0.01362424130452418
225 0.0006865747669893828
226 0.0014308231262023722
227 0.0011353534420436818
228 0.0014024607332345665
229 0.0008968829210099529
230 0.0014272344525833
231 0.0014024607332345665
232 0.0014024607332345665
233 0.0014024607332345665
234 0.0014024607332345665
235 0.001233934795826362