0 0.00012419781759445434
1 0.00009782275243664496
2 0.00011794730538676969
4 0.00036951756716372796
5 0.00013988916725104833
6 0.0001467383957865933
7 0.0001345454019413534
8 0.000230498281105941
9 0.0018723547266033267
13 0.00002462222998715272
16 0.0002907060543426309
18 0.0034328738349469145
20 0.0009252453139777587
21 0.0014240271359976682
22 0.000446509935100765
26 0.00043801922943748593
34 0.0002504529382292995
36 0.0002601567789487472
38 0.000012233194463272731
39 0.000015438219457612578
40 0.000018349791694909097
41 0.00003693334498072908
42 0.0001278820616880182
43 0.00007654205447708246
44 0.0004976362107612556
45 0.00016483120196417766
46 0.0004015456636808516
47 0.000575972652466254
48 0.00022854540687854879
49 0.0000679268829654962
51 0.0001670110942886723
52 0.000044525744481152654
55 0.0004493721902918458
56 0.00041966750175314503
57 0.0007054864489460062
58 0.0006458928323905189
59 0.0005624425397736376
60 0.0002756119639105608
61 0.00019112209487459625
63 0.0000022901098751499047
64 0.00007506333130309098
65 0.0005172662610880846
67 0.00042373099194239035
81 0.000362668338628183
85 0.0008250328908005323
88 0.00040699645844193325
110 0.0013482074992656363
113 0.00026863163182146973
124 0.00016852593740820454
146 0.0004513245782556835
196 0.0009252453139777587
226 0.0004769410420674574
245 0.0003765653514752408
253 0.000964809803975449
255 0.000362668338628183
264 0.0014987227783292958
297 0.0022824680278472017
307 0.0009431945535155249
308 0.0007283569836017483
310 0.0008781712650079768
357 0.0005837649321194501
363 0.0008426296870410227
411 0.0005607588032834975
445 0.0004663684400884302
490 0.00071361722629165
491 0.0011510447917002756
492 0.005492598135915063
505 0.003311206610831934
506 0.00314887814909534
507 0.0005755223958501378
508 0.0005922967385408627
510 0.0007983015672272726
512 0.0008426296870410227
550 0.0005922967385408627
648 0.005392829997062545
683 0.0011353534420436818
709 0.006927531928009748
749 0.0008968829210099529
852 0.0006997202134445921
902 0.000650930839395929
1082 0.0009668275046354771
1182 0.0008682461508527967
1187 0.0010111556244492273
1263 0.0008682461508527967
1325 0.0007440483332583423
1391 0.0009668275046354771
1395 0.0009668275046354771
1396 0.0022824680278472017
1397 0.002761747428066244
1398 0.0010654088584181574
1399 0.002130817716836315
1400 0.007375110991237202
1401 0.0022707068840873636
1402 0.002804921466469133
1403 0.0009668275046354771
1404 0.0014024607332345665
1405 0.0014024607332345665
1406 0.0014024607332345665
1407 0.001233934795826362
1408 0.0014024607332345665