0 0.00012419781759445434
1 0.00009782275243664496
2 0.00011794730538676969
3 0.00042377080113265817
4 0.00036951756716372796
5 0.00013988916725104833
6 0.0001467383957865933
7 0.0001345454019413534
8 0.000230498281105941
9 0.0004160788281340726
12 0.0010111556244492273
13 0.00001231111499357636
20 0.0003084151046592529
28 0.00043261292225370724
33 0.0003281012370525588
34 0.0002504529382292995
36 0.0001734378526324981
38 0.000009174895847454548
39 0.000015438219457612578
40 0.000009174895847454548
41 0.00001846667249036454
42 0.0001278820616880182
43 0.000025514018159027487
44 0.0004976362107612556
45 0.00008241560098208883
46 0.00026769710912056773
47 0.0002618057511210246
48 0.00022854540687854879
49 0.0000679268829654962
51 0.0001670110942886723
52 0.000044525744481152654
58 0.00021529761079683963
59 0.0003749616931824251
60 0.0002756119639105608
61 0.00019112209487459625
63 0.0000022901098751499047
64 0.00007506333130309098
65 0.00012931656527202115
68 0.00123324839670901
85 0.00020625822270013306
89 0.0003916734089637078
91 0.0006997202134445921
99 0.0006741037496328182
104 0.00037301592297508214
105 0.00047159727675776246
113 0.0005372632636429395
116 0.0011353534420436818
118 0.0011119359907702418
130 0.00038382354820504417
144 0.0009124729869599541
171 0.0004269252942241762
206 0.0008682461508527967
255 0.000725336677256366
324 0.0006741037496328182
411 0.0005607588032834975
457 0.0006011388596619117
461 0.0008426296870410227
497 0.000362668338628183
520 0.0003432074323131972
532 0.0017937658420199057
537 0.0007283569836017483
561 0.001233934795826362
594 0.00071361722629165
599 0.0009668275046354771
641 0.0006865747669893828
691 0.000640123214165967
951 0.0008968829210099529
1028 0.0035875316840398115
1085 0.0007440483332583423
1115 0.0008682461508527967
1132 0.001233934795826362
1178 0.0015216453518981344
1328 0.0007440483332583423
1377 0.0011353534420436818
1397 0.0011046989712264975
1409 0.0009668275046354771
1410 0.0009668275046354771
1411 0.0010111556244492273
1412 0.0009668275046354771
1413 0.0008968829210099529
1414 0.012622146599111098
1415 0.0014024607332345665
1416 0.0009668275046354771
1417 0.0008194567768041337
1418 0.0014024607332345665
1419 0.0010654088584181574
1420 0.0014024607332345665