0 0.00012419781759445434
1 0.00009782275243664496
2 0.00011794730538676969
5 0.00013988916725104833
6 0.0001467383957865933
7 0.0001345454019413534
8 0.000230498281105941
13 0.00002462222998715272
14 0.0005180488295811783
15 0.0005837649321194501
17 0.009271893197642593
23 0.0005055778122246136
33 0.0003281012370525588
34 0.00016696862548619968
35 0.0006865747669893828
36 0.0002601567789487472
38 0.000009174895847454548
40 0.0000061165972316363655
42 0.0000639410308440091
43 0.000008504672719675828
46 0.0002007728318404258
47 0.00036652805156943435
51 0.0001670110942886723
52 0.000022262872240576327
58 0.00043059522159367926
59 0.0005624425397736376
60 0.0002756119639105608
61 0.00009556104743729812
63 0.0000045802197502998095
64 0.00007506333130309098
65 0.0002586331305440423
68 0.0020554139945150166
76 0.0009431945535155249
81 0.000362668338628183
114 0.00037301592297508214
118 0.00027798399769256044
130 0.00038382354820504417
134 0.000650930839395929
138 0.0006103147235040822
171 0.0002134626471120881
177 0.000725336677256366
180 0.0002952696582040436
226 0.0009538820841349148
247 0.00056755015592235
249 0.0038041133797453363
253 0.0004824049019877245
263 0.0005755223958501378
352 0.00071361722629165
375 0.00047159727675776246
411 0.0005607588032834975
413 0.0003593147470569854
431 0.0006865747669893828
446 0.0011353534420436818
576 0.001239701031327776
671 0.0005598310461935439
762 0.0011353534420436818
850 0.0006997202134445921
1029 0.0005117333697214018
1034 0.0016389135536082674
1037 0.0005755223958501378
1112 0.0005922967385408627
1253 0.001233934795826362
1297 0.0010654088584181574
1322 0.0022707068840873636
1421 0.0011353534420436818
1422 0.00616967397913181
1423 0.0014024607332345665
1424 0.010654088584181574
1425 0.0010654088584181574
1426 0.002804921466469133
1427 0.0014024607332345665
1428 0.0014024607332345665
1429 0.0014024607332345665
1430 0.0014024607332345665
1431 0.0014024607332345665
1432 0.0014024607332345665
1433 0.0014024607332345665
1434 0.002804921466469133
1435 0.011105413162437256