0 0.00012419781759445434
1 0.00009782275243664496
2 0.00011794730538676969
3 0.00042377080113265817
4 0.00036951756716372796
5 0.00013988916725104833
6 0.0001467383957865933
7 0.0001345454019413534
8 0.000230498281105941
13 0.00001846667249036454
28 0.00043261292225370724
34 0.0002504529382292995
36 0.0001734378526324981
38 0.000009174895847454548
39 0.000015438219457612578
40 0.000012233194463272731
41 0.00004308890247751726
42 0.0001278820616880182
43 0.000051028036318054975
44 0.0004976362107612556
45 0.00008241560098208883
46 0.00026769710912056773
47 0.0002618057511210246
48 0.00022854540687854879
49 0.0001358537659309924
51 0.0001670110942886723
52 0.000044525744481152654
55 0.0004493721902918458
56 0.00027977833450209665
58 0.00043059522159367926
59 0.0005624425397736376
60 0.0005512239278211216
61 0.00019112209487459625
63 0.0000022901098751499047
64 0.00007506333130309098
65 0.00038794969581606347
66 0.00019245982333411082
67 0.0001412436639807968
81 0.000725336677256366
85 0.0004125164454002661
94 0.0008426296870410227
104 0.0007460318459501643
105 0.00047159727675776246
107 0.0003875355521269475
118 0.0005559679953851209
122 0.00035600678399941706
123 0.0003111316863753057
124 0.00016852593740820454
130 0.00038382354820504417
139 0.0005311942760363876
146 0.0004513245782556835
150 0.0003875355521269475
186 0.0010360976591623566
196 0.0006168302093185058
226 0.0004769410420674574
245 0.0007531307029504816
246 0.0007283569836017483
310 0.0005854475100053178
321 0.0007440483332583423
330 0.001233934795826362
360 0.00036951756716372796
392 0.0023365219827368605
401 0.0030992525783194403
411 0.00028037940164174876
430 0.00042815166801879435
438 0.0036068331579714704
442 0.0006103147235040822
471 0.0007983015672272726
484 0.0006997202134445921
496 0.0016141305137157976
537 0.0007283569836017483
594 0.00071361722629165
689 0.0015216453518981344
716 0.0005523494856132488
726 0.0016852593740820454
772 0.0005311942760363876
780 0.004635689255164708
788 0.0006622413221663868
815 0.0009668275046354771
845 0.0007608226759490672
1058 0.0007788406609122869
1085 0.002232144999775027
1101 0.0016852593740820454
1436 0.0016389135536082674
1437 0.005609842932938266
1438 0.0010654088584181574
1439 0.0014024607332345665
1440 0.004935739183305448
1441 0.002804921466469133
1442 0.0019336550092709543
1443 0.002467869591652724
1444 0.0014024607332345665
1445 0.003406060326131045
1446 0.0011353534420436818
1447 0.0014024607332345665
1448 0.0009293486133572717
1449 0.0011353534420436818
1450 0.0017937658420199057
1451 0.002804921466469133
1452 0.002804921466469133
1453 0.001233934795826362
1454 0.0014024607332345665
1455 0.0014024607332345665
1456 0.0014024607332345665
1457 0.0014024607332345665
1458 0.0014024607332345665