0 0.00012419781759445434
1 0.00019564550487328992
2 0.00011794730538676969
5 0.00013988916725104833
6 0.0001467383957865933
7 0.0001345454019413534
8 0.000230498281105941
13 0.00014157782242612814
16 0.0005814121086852618
20 0.0003084151046592529
34 0.0002504529382292995
36 0.0003468757052649962
38 0.000009174895847454548
39 0.0001312248653897069
40 0.000015291493079090914
41 0.000030777787483940904
42 0.0001278820616880182
43 0.0000595327090377308
45 0.0004120780049104442
46 0.0004015456636808516
47 0.00047125035201784417
48 0.00045709081375709757
49 0.0004754881807584734
52 0.000044525744481152654
55 0.0004493721902918458
56 0.00041966750175314503
58 0.0006458928323905189
59 0.0005624425397736376
63 0.000009160439500599619
64 0.00007506333130309098
65 0.0007758993916321269
67 0.0011299493118463743
81 0.0036266833862818306
82 0.0010385029224423594
97 0.00047159727675776246
100 0.0003370518748164091
113 0.0008058948954644093
115 0.0004663684400884302
122 0.00035600678399941706
138 0.0006103147235040822
146 0.0004513245782556835
159 0.0003495228921729738
171 0.0002134626471120881
185 0.0015576813218245737
221 0.01041895381023356
230 0.00071361722629165
245 0.0003765653514752408
246 0.0007283569836017483
250 0.0008221655978060067
260 0.0013482074992656363
277 0.0007049801885480433
279 0.000446509935100765
293 0.0013482074992656363
294 0.00071361722629165
307 0.00047159727675776246
313 0.0007283569836017483
333 0.0008426296870410227
363 0.0016852593740820454
368 0.0005837649321194501
375 0.0009431945535155249
379 0.0026964149985312727
470 0.002527889061123068
514 0.0007608226759490672
520 0.0020592445938791837
550 0.0005922967385408627
572 0.00214085167887495
573 0.00056755015592235
608 0.002232144999775027
613 0.001776890215622588
646 0.0007440483332583423
664 0.0025191025192762718
708 0.0007440483332583423
717 0.0015576813218245737
749 0.0008968829210099529
770 0.0008968829210099529
771 0.0008194567768041337
779 0.0011510447917002756
825 0.0009668275046354771
826 0.0006865747669893828
842 0.0007983015672272726
1056 0.0010654088584181574
1188 0.0010654088584181574
1196 0.007415141245961
1235 0.001233934795826362
1321 0.0007788406609122869
1479 0.0009293486133572717
1484 0.005676767210218409
1485 0.002804921466469133
1486 0.0027880458400718153
1487 0.001233934795826362
1488 0.001233934795826362
1489 0.001233934795826362
1490 0.0011353534420436818
1491 0.028049214664691333
1492 0.00616967397913181
1493 0.00681212065226209
1494 0.0020223112488984545
1495 0.0020223112488984545
1496 0.0011353534420436818
1497 0.0011353534420436818
1498 0.0014024607332345665
1499 0.009579618806727272
1500 0.0014024607332345665
1501 0.002804921466469133
1502 0.001233934795826362
1503 0.0010111556244492273