0 0.00012419781759445434
1 0.00009782275243664496
2 0.00011794730538676969
3 0.00042377080113265817
4 0.00036951756716372796
5 0.00013988916725104833
6 0.0001467383957865933
7 0.0001345454019413534
8 0.000230498281105941
9 0.0004160788281340726
13 0.00004308890247751726
16 0.00014535302717131544
36 0.00008671892631624905
38 0.000009174895847454548
39 0.000015438219457612578
40 0.000009174895847454548
41 0.00002462222998715272
42 0.0001918230925320273
43 0.000051028036318054975
44 0.0004976362107612556
45 0.00008241560098208883
46 0.00033462138640070967
47 0.00036652805156943435
48 0.00022854540687854879
49 0.0001358537659309924
51 0.0001670110942886723
52 0.000022262872240576327
55 0.0004493721902918458
56 0.0005595566690041933
57 0.0003527432244730031
58 0.00043059522159367926
59 0.0003749616931824251
61 0.00009556104743729812
63 0.0000022901098751499047
64 0.00007506333130309098
65 0.00038794969581606347
91 0.0006997202134445921
97 0.00047159727675776246
104 0.0007460318459501643
113 0.00026863163182146973
124 0.00016852593740820454
154 0.0027462990679575313
186 0.0005180488295811783
245 0.0003765653514752408
396 0.001776890215622588
496 0.001076087009143865
550 0.0005922967385408627
689 0.0015216453518981344
780 0.0006622413221663868
868 0.00056755015592235
1062 0.0005598310461935439
1085 0.0007440483332583423
1101 0.0008426296870410227
1178 0.006086581407592538
1413 0.0017937658420199057
1504 0.0011353534420436818
1505 0.0042073821997037
1506 0.0009668275046354771
1507 0.001233934795826362
1508 0.0014024607332345665
1509 0.0014024607332345665
1510 0.0011353534420436818
1511 0.0008968829210099529