12 0.0005055778122246136
13 0.00001846667249036454
17 0.00048799437882329435
26 0.00021900961471874297
30 0.00039130510878533924
33 0.0003281012370525588
36 0.00008671892631624905
38 0.0000061165972316363655
39 0.000015438219457612578
40 0.000012233194463272731
41 0.00002462222998715272
42 0.0001278820616880182
43 0.000025514018159027487
46 0.00026769710912056773
47 0.0002618057511210246
49 0.0002037806488964886
51 0.0003340221885773446
52 0.000022262872240576327
56 0.00013988916725104833
61 0.00019112209487459625
63 0.0000045802197502998095
64 0.00007506333130309098
65 0.0002586331305440423
66 0.00019245982333411082
78 0.0008426296870410227
89 0.0001958367044818539
124 0.00016852593740820454
125 0.0009759887576465887
171 0.0004269252942241762
226 0.0004769410420674574
271 0.0006103147235040822
274 0.0054928325115367405
279 0.00089301987020153
292 0.000640123214165967
352 0.00071361722629165
379 0.0006741037496328182
538 0.0010234667394428036
772 0.0005311942760363876
780 0.0006622413221663868
820 0.006386412537818181
821 0.008364137520215446
899 0.0008682461508527967
902 0.000650930839395929
908 0.0016389135536082674
1052 0.0008968829210099529
1326 0.0009668275046354771
1327 0.0009668275046354771
1330 0.0006865747669893828
1397 0.002761747428066244
1535 0.001233934795826362
1536 0.001233934795826362
1537 0.0084147643994074
1538 0.0027880458400718153
1539 0.004935739183305448
1540 0.0014024607332345665
1541 0.0014024607332345665