0 0.00037259345278336305
1 0.00009782275243664496
2 0.00011794730538676969
5 0.00013988916725104833
6 0.0001467383957865933
7 0.0001345454019413534
8 0.000230498281105941
13 0.00001231111499357636
16 0.00014535302717131544
17 0.005367938167056238
23 0.0010111556244492273
30 0.0027391357614973745
33 0.0003281012370525588
36 0.00008671892631624905
38 0.000009174895847454548
39 0.000015438219457612578
40 0.000009174895847454548
41 0.00001846667249036454
42 0.0001278820616880182
43 0.000025514018159027487
45 0.0006593248078567107
46 0.00026769710912056773
47 0.00036652805156943435
48 0.00022854540687854879
49 0.0000679268829654962
52 0.000022262872240576327
56 0.00027977833450209665
63 0.000009160439500599619
64 0.00007506333130309098
65 0.0006465828263601058
95 0.0008682461508527967
100 0.0003370518748164091
107 0.0003875355521269475
118 0.0005559679953851209
177 0.000725336677256366
236 0.010654088584181574
237 0.0007440483332583423
238 0.0009293486133572717
239 0.002467869591652724
240 0.002804921466469133
241 0.002804921466469133
242 0.0010111556244492273
243 0.00071361722629165
244 0.0014024607332345665
245 0.0003765653514752408
246 0.0007283569836017483
247 0.00056755015592235
248 0.001233934795826362
249 0.0007608226759490672
250 0.00041108279890300333
251 0.0004513245782556835
252 0.0007608226759490672
253 0.0004824049019877245
254 0.0010654088584181574
255 0.000725336677256366
256 0.001233934795826362
257 0.0014024607332345665
258 0.0011353534420436818
259 0.0007283569836017483
260 0.0006741037496328182
261 0.0005180488295811783
262 0.0014024607332345665
263 0.0005755223958501378
264 0.0004995742594430985
265 0.0008426296870410227
266 0.0014024607332345665
267 0.0010360976591623566
268 0.0008968829210099529