0 0.0002483956351889087
1 0.00039129100974657984
2 0.00011794730538676969
5 0.00013988916725104833
6 0.0001467383957865933
7 0.0001345454019413534
13 0.000030777787483940904
16 0.0005814121086852618
26 0.00021900961471874297
34 0.00033393725097239935
36 0.0006070324842137434
38 0.000009174895847454548
39 0.00005403376810164403
40 0.000012233194463272731
41 0.000030777787483940904
42 0.0000639410308440091
43 0.0000595327090377308
45 0.0002472468029462665
46 0.00026769710912056773
47 0.0004188892017936393
48 0.00045709081375709757
49 0.0001358537659309924
52 0.000022262872240576327
55 0.0002246860951459229
58 0.0010764880539841982
59 0.0005624425397736376
63 0.000006870329625449715
64 0.00007506333130309098
65 0.0006465828263601058
67 0.0008474619838847807
69 0.0007788406609122869
71 0.0012457169841337365
72 0.00475874214479078
82 0.00025962573061058986
85 0.00020625822270013306
87 0.0015805361239020076
118 0.0008339519930776814
123 0.0006222633727506114
124 0.00016852593740820454
125 0.00048799437882329435
134 0.000650930839395929
141 0.0011353534420436818
143 0.0046701194569556004
151 0.001301861678791858
159 0.0003495228921729738
161 0.012639445305615341
171 0.0002134626471120881
177 0.001450673354512732
192 0.000650930839395929
196 0.0006168302093185058
199 0.001233934795826362
210 0.0005245327214076215
253 0.0004824049019877245
255 0.000362668338628183
263 0.0005755223958501378
277 0.0005287351414110325
284 0.0011353534420436818
289 0.0007440483332583423
291 0.0007608226759490672
297 0.0015216453518981344
304 0.0004937153847581824
310 0.0002927237550026589
340 0.0009668275046354771
430 0.00042815166801879435
441 0.0011675298642389001
442 0.0006103147235040822
478 0.001233934795826362
494 0.0005523494856132488
537 0.0007283569836017483
555 0.001049065442815243
558 0.0007608226759490672
594 0.00071361722629165
613 0.001776890215622588
638 0.0007788406609122869
649 0.0007440483332583423
671 0.0005598310461935439
716 0.0005523494856132488
729 0.0018586972267145435
764 0.0009668275046354771
771 0.0008194567768041337
845 0.0007608226759490672
879 0.001301861678791858
902 0.000650930839395929
928 0.0016852593740820454
933 0.0010111556244492273
995 0.0010111556244492273
1035 0.0010111556244492273
1036 0.0007608226759490672
1112 0.0005922967385408627
1142 0.0010111556244492273
1173 0.0017364923017055933
1542 0.0009668275046354771
1543 0.002804921466469133
1544 0.0011353534420436818
1545 0.0010654088584181574
1546 0.0014024607332345665
1547 0.0014024607332345665
1548 0.0018586972267145435