0 0.00012419781759445434
1 0.00009782275243664496
2 0.00011794730538676969
3 0.00042377080113265817
4 0.00036951756716372796
5 0.00013988916725104833
7 0.0001345454019413534
8 0.000230498281105941
9 0.001456275898469254
13 0.00002462222998715272
20 0.0006168302093185058
21 0.0024920474879959196
22 0.00089301987020153
26 0.00021900961471874297
34 0.00008348431274309984
36 0.00008671892631624905
38 0.000009174895847454548
39 0.000007719109728806289
40 0.000012233194463272731
41 0.00002462222998715272
42 0.0000639410308440091
43 0.000017009345439351656
45 0.00016483120196417766
49 0.0000679268829654962
51 0.0001670110942886723
52 0.000044525744481152654
56 0.00013988916725104833
57 0.0003527432244730031
58 0.00043059522159367926
59 0.0003749616931824251
60 0.0002756119639105608
61 0.00019112209487459625
63 0.0000022901098751499047
85 0.0006187746681003992
89 0.0001958367044818539
124 0.00016852593740820454
135 0.0007440483332583423
144 0.0022811824673998854
209 0.0010111556244492273
226 0.0004769410420674574
245 0.0003765653514752408
277 0.00017624504713701082
286 0.0004769410420674574
360 0.00036951756716372796
375 0.00047159727675776246
379 0.0006741037496328182
520 0.0003432074323131972
543 0.0007283569836017483
552 0.0006297756298190679
589 0.0008426296870410227
590 0.0006622413221663868
591 0.0007283569836017483
694 0.0008194567768041337
711 0.0009293486133572717
862 0.0020223112488984545
916 0.0017364923017055933
920 0.0014567139672034967
928 0.0016852593740820454
954 0.009293486133572719
1000 0.0009668275046354771
1305 0.0017937658420199057
1328 0.003720241666291712
1549 0.012622146599111098
1550 0.0014024607332345665
1551 0.0029004825139064315
1552 0.001233934795826362
1553 0.0014024607332345665
1554 0.0014024607332345665
1555 0.0014024607332345665
1556 0.0014024607332345665
1557 0.0014024607332345665