13 0.000030777787483940904
16 0.0002907060543426309
17 0.0009759887576465887
23 0.0005055778122246136
26 0.0006570288441562289
29 0.0005180488295811783
34 0.00008348431274309984
35 0.0013731495339787657
36 0.00008671892631624905
38 0.0000030582986158181828
39 0.000015438219457612578
40 0.000012233194463272731
41 0.00001846667249036454
42 0.0000639410308440091
43 0.000017009345439351656
45 0.00016483120196417766
52 0.000022262872240576327
56 0.00027977833450209665
63 0.0000045802197502998095
64 0.00007506333130309098
68 0.0008221655978060067
79 0.0015216453518981344
124 0.00016852593740820454
143 0.0005837649321194501
146 0.0004513245782556835
159 0.0010485686765189213
161 0.0008426296870410227
171 0.0002134626471120881
223 0.0016389135536082674
224 0.003406060326131045
249 0.0007608226759490672
250 0.0016443311956120133
252 0.0007608226759490672
255 0.000362668338628183
277 0.00017624504713701082
289 0.0007440483332583423
347 0.0005117333697214018
350 0.004213148435205114
364 0.0010654088584181574
367 0.0006011388596619117
412 0.0007390351343274559
413 0.0007186294941139708
420 0.002467869591652724
427 0.0008968829210099529
475 0.0012595512596381359
479 0.0028544689051666
482 0.0008968829210099529
537 0.0014567139672034967
609 0.0007608226759490672
643 0.0009293486133572717
708 0.0014880966665166847
709 0.0006297756298190679
780 0.0006622413221663868
803 0.00071361722629165
864 0.0008968829210099529
865 0.0019336550092709543
1029 0.0005117333697214018
1058 0.0007788406609122869
1172 0.0010111556244492273
1330 0.0006865747669893828
1374 0.0008968829210099529
1424 0.00426163543367263
1486 0.0009293486133572717
1558 0.0014024607332345665
1559 0.0014024607332345665
1560 0.0014024607332345665
1561 0.0014024607332345665
1562 0.011105413162437256
1563 0.005609842932938266
1564 0.0014024607332345665
1565 0.0014024607332345665
1566 0.0011353534420436818
1567 0.0014024607332345665
1568 0.0014024607332345665
1569 0.0014024607332345665
1570 0.0014024607332345665
1571 0.0014024607332345665
1572 0.0014024607332345665
1573 0.0014024607332345665
1574 0.0014024607332345665
1575 0.002804921466469133
1576 0.0014024607332345665
1577 0.0014024607332345665
1578 0.0014024607332345665
1579 0.001233934795826362
1580 0.0011353534420436818
1581 0.007012303666172833
1582 0.001233934795826362
1583 0.002804921466469133
1584 0.002804921466469133
1585 0.008637543570784533
1586 0.007734620037083817
1587 0.0014024607332345665
1588 0.0084147643994074
1589 0.0042073821997037
1590 0.002467869591652724
1591 0.0009668275046354771
1592 0.0014024607332345665
1593 0.0014024607332345665
1594 0.0010111556244492273
1595 0.0014024607332345665
1596 0.0017364923017055933
1597 0.0014024607332345665
1598 0.0014024607332345665