0 0.00012419781759445434
1 0.00009782275243664496
2 0.00011794730538676969
5 0.00013988916725104833
6 0.0001467383957865933
7 0.0001345454019413534
8 0.000230498281105941
9 0.0006241182422011089
13 0.00000615555749678818
16 0.00014535302717131544
19 0.0007321376701932685
20 0.0015420755232962646
21 0.00035600678399941706
22 0.000446509935100765
34 0.00008348431274309984
36 0.0002601567789487472
38 0.000009174895847454548
39 0.000015438219457612578
40 0.000012233194463272731
41 0.00002462222998715272
42 0.0001918230925320273
43 0.00004252336359837915
44 0.0004976362107612556
45 0.00008241560098208883
46 0.00033462138640070967
47 0.00031416690134522947
48 0.00022854540687854879
49 0.0001358537659309924
51 0.0001670110942886723
52 0.000044525744481152654
55 0.0022468609514592294
56 0.00027977833450209665
57 0.0003527432244730031
58 0.00043059522159367926
59 0.0005624425397736376
60 0.0002756119639105608
61 0.00019112209487459625
63 0.0000045802197502998095
64 0.00007506333130309098
65 0.0002586331305440423
66 0.0005773794700023325
67 0.0001412436639807968
76 0.0009431945535155249
81 0.0032640150476536474
82 0.0012981286530529493
85 0.0004125164454002661
87 0.0023708041858530116
89 0.0001958367044818539
90 0.0006622413221663868
101 0.003196226575254472
104 0.0007460318459501643
114 0.00037301592297508214
124 0.00016852593740820454
150 0.0003875355521269475
154 0.0006865747669893828
177 0.0010880050158845493
279 0.000446509935100765
429 0.0011353534420436818
430 0.00042815166801879435
438 0.0030056942983095586
452 0.0005755223958501378
497 0.000362668338628183
646 0.0007440483332583423
650 0.0007608226759490672
664 0.0012595512596381359
670 0.0006865747669893828
858 0.0019527925181877872
868 0.00056755015592235
1029 0.0010234667394428036
1058 0.0023365219827368605
1062 0.0005598310461935439
1264 0.0010654088584181574
1271 0.0008426296870410227
1276 0.0006622413221663868
1615 0.0014024607332345665
1616 0.001233934795826362
1617 0.0009668275046354771
1618 0.0011353534420436818
1619 0.0022707068840873636
1620 0.001233934795826362
1621 0.0010654088584181574