0 0.00012419781759445434
1 0.00009782275243664496
2 0.00011794730538676969
5 0.00013988916725104833
6 0.0001467383957865933
7 0.0001345454019413534
8 0.000230498281105941
13 0.00009848891994861088
26 0.00021900961471874297
28 0.0008652258445074145
29 0.0005180488295811783
32 0.0010111556244492273
34 0.0002504529382292995
36 0.00043359463158124535
38 0.000009174895847454548
39 0.000007719109728806289
40 0.000012233194463272731
41 0.00001231111499357636
43 0.000017009345439351656
45 0.00016483120196417766
47 0.0002618057511210246
49 0.0000679268829654962
51 0.0001670110942886723
52 0.000022262872240576327
56 0.00041966750175314503
58 0.0010764880539841982
59 0.0007499233863648502
61 0.00019112209487459625
63 0.000006870329625449715
64 0.00007506333130309098
65 0.0006465828263601058
68 0.0020554139945150166
74 0.0006865747669893828
81 0.000362668338628183
87 0.0003951340309755019
89 0.0005875101134455617
97 0.00047159727675776246
100 0.0003370518748164091
102 0.0012713124033979744
113 0.00026863163182146973
118 0.0008339519930776814
121 0.0044844146050497646
123 0.0003111316863753057
130 0.00038382354820504417
142 0.002467869591652724
146 0.0004513245782556835
159 0.0003495228921729738
160 0.00038382354820504417
180 0.0005905393164080872
196 0.0003084151046592529
250 0.0008221655978060067
253 0.000964809803975449
261 0.0005180488295811783
277 0.0005287351414110325
347 0.0005117333697214018
411 0.00028037940164174876
412 0.00036951756716372796
413 0.0007186294941139708
430 0.00042815166801879435
496 0.0005380435045719325
520 0.0003432074323131972
538 0.0005117333697214018
641 0.004119448601936297
717 0.0007788406609122869
850 0.004898041494112145
898 0.0006103147235040822
946 0.0008968829210099529
1001 0.001280246428331934
1031 0.0008426296870410227
1037 0.0005755223958501378
1477 0.001233934795826362
1499 0.005588110970590908
1622 0.0010111556244492273
1623 0.0014024607332345665
1624 0.0011353534420436818
1625 0.0010654088584181574
1626 0.01542706806558023
1627 0.0014024607332345665
1628 0.002467869591652724