0 0.00012419781759445434
1 0.00009782275243664496
2 0.00011794730538676969
5 0.00013988916725104833
6 0.0001467383957865933
7 0.0001345454019413534
8 0.000230498281105941
13 0.00003693334498072908
16 0.00014535302717131544
20 0.0003084151046592529
26 0.00043801922943748593
36 0.00008671892631624905
37 0.000725336677256366
38 0.000009174895847454548
39 0.000030876438915225156
40 0.000018349791694909097
41 0.00002462222998715272
42 0.0001918230925320273
43 0.00004252336359837915
45 0.000494493605892533
46 0.00033462138640070967
47 0.0002618057511210246
49 0.0001358537659309924
52 0.000044525744481152654
56 0.00013988916725104833
57 0.0003527432244730031
58 0.0008611904431873585
59 0.0005624425397736376
60 0.0002756119639105608
63 0.000006870329625449715
64 0.00007506333130309098
65 0.0002586331305440423
66 0.00038491964666822163
72 0.0012978387667611218
82 0.0005192514612211797
84 0.000662096644069788
85 0.00020625822270013306
87 0.0007902680619510038
118 0.0008339519930776814
124 0.00016852593740820454
159 0.0003495228921729738
171 0.0002134626471120881
177 0.000362668338628183
225 0.0006865747669893828
250 0.00123324839670901
277 0.0005287351414110325
310 0.0002927237550026589
360 0.00036951756716372796
371 0.0005837649321194501
375 0.0014147918302732875
441 0.0005837649321194501
457 0.0006011388596619117
464 0.0007983015672272726
590 0.0006622413221663868
595 0.0007440483332583423
598 0.019731424262218963
604 0.01171949744259973
613 0.0005922967385408627
725 0.005327044292090787
726 0.0008426296870410227
772 0.0010623885520727751
785 0.0009293486133572717
803 0.00071361722629165
852 0.0006997202134445921
881 0.0010111556244492273
897 0.0009293486133572717
898 0.0006103147235040822
1037 0.0005755223958501378
1107 0.0010111556244492273
1162 0.000619850515663888
1296 0.0011353534420436818
1629 0.0008968829210099529
1630 0.0010111556244492273
1631 0.00616967397913181
1632 0.001233934795826362
1633 0.0014024607332345665
1634 0.001233934795826362