0 0.00012419781759445434
1 0.00009782275243664496
2 0.00011794730538676969
5 0.00013988916725104833
6 0.0001467383957865933
7 0.0001345454019413534
8 0.000230498281105941
13 0.00002462222998715272
34 0.00016696862548619968
36 0.0003468757052649962
38 0.000009174895847454548
39 0.000015438219457612578
40 0.000012233194463272731
41 0.00001846667249036454
42 0.0003197051542200455
43 0.00003401869087870331
45 0.00016483120196417766
46 0.00013384855456028387
47 0.00015708345067261473
52 0.000044525744481152654
58 0.0006458928323905189
59 0.0003749616931824251
60 0.0002756119639105608
63 0.0000045802197502998095
64 0.00007506333130309098
65 0.00038794969581606347
66 0.00019245982333411082
67 0.0001412436639807968
72 0.0030282904557759507
82 0.0033751344979376678
85 0.00020625822270013306
87 0.00197567015487751
89 0.0007833468179274156
100 0.0010111556244492273
102 0.00042377080113265817
111 0.0010654088584181574
118 0.0008339519930776814
123 0.0003111316863753057
124 0.00016852593740820454
130 0.00038382354820504417
159 0.0003495228921729738
165 0.000362668338628183
171 0.0002134626471120881
193 0.000619850515663888
196 0.0003084151046592529
251 0.0004513245782556835
263 0.0005755223958501378
264 0.000999148518886197
277 0.00017624504713701082
286 0.0009538820841349148
287 0.0004937153847581824
310 0.0002927237550026589
353 0.00071361722629165
357 0.0005837649321194501
375 0.00047159727675776246
411 0.0005607588032834975
494 0.0011046989712264975
608 0.0007440483332583423
772 0.0005311942760363876
897 0.0009293486133572717
1084 0.0007983015672272726
1162 0.000619850515663888
1196 0.0006741037496328182
1214 0.0015576813218245737
1243 0.0011353534420436818
1596 0.0008682461508527967
1635 0.001233934795826362
1636 0.0009293486133572717
1637 0.0009668275046354771
1638 0.001233934795826362