0 0.00012419781759445434
1 0.00009782275243664496
2 0.00011794730538676969
5 0.00013988916725104833
6 0.0001467383957865933
7 0.0001345454019413534
8 0.000230498281105941
12 0.004044622497796909
13 0.00006771113246466999
26 0.00021900961471874297
28 0.00043261292225370724
33 0.0003281012370525588
36 0.0001734378526324981
38 0.000012233194463272731
39 0.000015438219457612578
40 0.000012233194463272731
41 0.00001846667249036454
43 0.000017009345439351656
45 0.00016483120196417766
46 0.0005353942182411355
51 0.0003340221885773446
52 0.000022262872240576327
55 0.0004493721902918458
56 0.00013988916725104833
57 0.0003527432244730031
63 0.000006870329625449715
64 0.00007506333130309098
65 0.00012931656527202115
68 0.00041108279890300333
71 0.0004152389947112455
79 0.0015216453518981344
84 0.000331048322034894
105 0.00047159727675776246
138 0.0006103147235040822
143 0.005253884389075051
158 0.0005755223958501378
177 0.000362668338628183
180 0.0002952696582040436
196 0.0003084151046592529
197 0.0011351003118447
210 0.0005245327214076215
245 0.0007531307029504816
250 0.00041108279890300333
261 0.0005180488295811783
269 0.002467869591652724
270 0.0071361722629165
271 0.0012206294470081644
272 0.0013731495339787657
273 0.0011353534420436818
274 0.0018309441705122468
275 0.0006622413221663868
276 0.0011353534420436818
277 0.0012337153299590757
278 0.004673043965473721
279 0.00089301987020153
280 0.0042073821997037
281 0.0042073821997037
282 0.005922967385408627
283 0.0009668275046354771
284 0.0011353534420436818
285 0.0014024607332345665
286 0.0009538820841349148
287 0.0009874307695163648
288 0.0036498919478398163
289 0.0014880966665166847
290 0.0010654088584181574
291 0.0007608226759490672
292 0.000640123214165967
293 0.0006741037496328182
294 0.00071361722629165
295 0.0014024607332345665
296 0.0016389135536082674
297 0.0007608226759490672
298 0.0011353534420436818
299 0.0011353534420436818
300 0.0010654088584181574
301 0.0014024607332345665
302 0.0014024607332345665
303 0.0009293486133572717
304 0.0004937153847581824
305 0.0011353534420436818
306 0.0008194567768041337
307 0.0009431945535155249
308 0.0007283569836017483
309 0.00048799437882329435
310 0.0008781712650079768
311 0.0009293486133572717
312 0.0014024607332345665
313 0.0007283569836017483
314 0.0010111556244492273
315 0.0009668275046354771
316 0.0009668275046354771
317 0.0014024607332345665
318 0.0014024607332345665
319 0.0009668275046354771