13 0.00002462222998715272
14 0.0005180488295811783
33 0.0003281012370525588
36 0.00008671892631624905
38 0.000009174895847454548
39 0.00003859554864403145
40 0.000024466388926545462
41 0.00002462222998715272
42 0.0001278820616880182
43 0.000025514018159027487
46 0.0004015456636808516
47 0.00047125035201784417
49 0.0002037806488964886
52 0.000022262872240576327
55 0.0002246860951459229
61 0.00019112209487459625
63 0.000006870329625449715
64 0.00007506333130309098
66 0.00019245982333411082
67 0.0001412436639807968
84 0.001324193288139576
89 0.0001958367044818539
98 0.0008682461508527967
134 0.000650930839395929
176 0.0005837649321194501
177 0.001450673354512732
180 0.0005905393164080872
193 0.000619850515663888
214 0.0010360976591623566
245 0.0003765653514752408
250 0.00041108279890300333
255 0.000362668338628183
277 0.001938695518507119
286 0.0004769410420674574
288 0.0027374189608798624
304 0.0004937153847581824
310 0.0038054088150345656
320 0.0011196620923870878
327 0.002185070950805245
360 0.0007390351343274559
368 0.0011675298642389001
374 0.002458370330412401
375 0.00047159727675776246
379 0.0006741037496328182
412 0.00036951756716372796
413 0.0007186294941139708
431 0.0006865747669893828
437 0.001554146488743535
455 0.0008682461508527967
457 0.0006011388596619117
520 0.0006864148646263945
556 0.0010111556244492273
589 0.0008426296870410227
590 0.0006622413221663868
591 0.0007283569836017483
622 0.0016794931385806316
649 0.0007440483332583423
654 0.0046467430667863595
662 0.0008682461508527967
666 0.0006011388596619117
718 0.0011353534420436818
751 0.0016389135536082674
778 0.016041152345742705
920 0.0029134279344069933
996 0.0020223112488984545
1086 0.0008968829210099529
1112 0.007107560862490352
1120 0.0026489652886655473
1315 0.0042817033577499
1653 0.01562843071535034
1654 0.0017937658420199057
1655 0.0011353534420436818
1656 0.003196226575254472
1657 0.0014024607332345665
1658 0.002804921466469133
1659 0.002467869591652724
1660 0.0014024607332345665
1661 0.0014024607332345665
1662 0.0010111556244492273
1663 0.0014024607332345665
1664 0.0014024607332345665
1665 0.0014024607332345665
1666 0.0010654088584181574