1 0.0002934682573099349
13 0.00000615555749678818
16 0.00043605908151394634
26 0.00043801922943748593
33 0.0009843037111576765
34 0.00008348431274309984
36 0.0001734378526324981
38 0.000009174895847454548
39 0.000007719109728806289
40 0.000009174895847454548
41 0.00000615555749678818
42 0.0000639410308440091
43 0.00003401869087870331
45 0.00016483120196417766
46 0.0002007728318404258
47 0.00015708345067261473
52 0.000022262872240576327
56 0.00013988916725104833
61 0.00019112209487459625
63 0.000006870329625449715
65 0.00012931656527202115
66 0.00019245982333411082
100 0.0003370518748164091
102 0.00042377080113265817
107 0.000775071104253895
109 0.002467869591652724
122 0.00035600678399941706
123 0.0003111316863753057
128 0.0038942033045614344
138 0.0006103147235040822
145 0.005055778122246136
149 0.000640123214165967
159 0.0010485686765189213
171 0.0004269252942241762
176 0.0005837649321194501
180 0.0002952696582040436
226 0.0009538820841349148
245 0.0003765653514752408
250 0.0028775795923210233
253 0.0004824049019877245
277 0.0007049801885480433
282 0.0005922967385408627
310 0.0002927237550026589
321 0.0007440483332583423
393 0.0011351003118447
412 0.00036951756716372796
413 0.0014372589882279416
520 0.0003432074323131972
546 0.0007608226759490672
549 0.0014567139672034967
622 0.0011196620923870878
667 0.0006997202134445921
766 0.003033466873347682
770 0.0008968829210099529
811 0.0015966031344545452
852 0.0006997202134445921
879 0.0019527925181877872
1083 0.0011353534420436818
1112 0.001776890215622588
1120 0.009933619832495803
1143 0.0010654088584181574
1409 0.0009668275046354771
1472 0.0007983015672272726
1594 0.0010111556244492273
1625 0.0010654088584181574
1653 0.0017364923017055933
1667 0.01415617874228918
1668 0.002130817716836315
1669 0.01233934795826362
1670 0.00426163543367263
1671 0.01974295673322179
1672 0.005055778122246136
1673 0.0014024607332345665
1674 0.0008968829210099529
1675 0.00616967397913181
1676 0.001233934795826362
1677 0.002804921466469133
1678 0.002804921466469133
1679 0.002804921466469133
1680 0.002804921466469133
1681 0.0014024607332345665
1682 0.002804921466469133
1683 0.0014024607332345665
1684 0.0014024607332345665
1685 0.0014024607332345665
1686 0.0014024607332345665
1687 0.0014024607332345665
1688 0.001233934795826362