0 0.00012419781759445434
1 0.00009782275243664496
2 0.00011794730538676969
5 0.00013988916725104833
6 0.0001467383957865933
7 0.0001345454019413534
13 0.00002462222998715272
16 0.00014535302717131544
30 0.00039130510878533924
33 0.0003281012370525588
34 0.00016696862548619968
36 0.0001734378526324981
38 0.000009174895847454548
39 0.00002315732918641887
40 0.000015291493079090914
41 0.000030777787483940904
42 0.0000639410308440091
43 0.00004252336359837915
45 0.00016483120196417766
46 0.00026769710912056773
47 0.00031416690134522947
49 0.0000679268829654962
52 0.000022262872240576327
58 0.00043059522159367926
59 0.0005624425397736376
61 0.00019112209487459625
63 0.000006870329625449715
64 0.00007506333130309098
65 0.0002586331305440423
66 0.0005773794700023325
82 0.0005192514612211797
94 0.0008426296870410227
95 0.0034729846034111866
97 0.00047159727675776246
110 0.0006741037496328182
114 0.00037301592297508214
117 0.0008968829210099529
122 0.00035600678399941706
150 0.0003875355521269475
151 0.000650930839395929
154 0.0006865747669893828
159 0.0003495228921729738
160 0.00038382354820504417
230 0.00071361722629165
259 0.018937281573645454
261 0.0005180488295811783
275 0.0006622413221663868
277 0.00017624504713701082
278 0.0015576813218245737
287 0.0004937153847581824
348 0.0007283569836017483
367 0.002404555438647647
368 0.0005837649321194501
375 0.0009431945535155249
376 0.000650930839395929
396 0.0005922967385408627
405 0.002130817716836315
465 0.001233934795826362
494 0.002761747428066244
520 0.001372829729252789
537 0.0007283569836017483
559 0.001233934795826362
639 0.0019336550092709543
662 0.0008682461508527967
852 0.0006997202134445921
873 0.0007983015672272726
1010 0.011287199961086356
1029 0.0005117333697214018
1183 0.001233934795826362
1196 0.0013482074992656363
1321 0.0007788406609122869
1336 0.0010654088584181574
1528 0.013145023117839954
1603 0.00520947690511678
1621 0.0010654088584181574
1689 0.0014024607332345665
1690 0.0014024607332345665
1691 0.001233934795826362
1692 0.001233934795826362
1693 0.0008968829210099529
1694 0.001233934795826362
1695 0.0014024607332345665
1696 0.0020223112488984545
1697 0.0014024607332345665
1698 0.0022707068840873636
1699 0.001233934795826362
1700 0.0010654088584181574