0 0.00012419781759445434
1 0.00009782275243664496
2 0.00011794730538676969
3 0.00042377080113265817
4 0.00036951756716372796
5 0.00013988916725104833
6 0.0001467383957865933
7 0.0001345454019413534
8 0.000230498281105941
9 0.0010401970703351816
13 0.00005540001747109362
19 0.001464275340386537
20 0.0012336604186370117
21 0.0017800339199970856
22 0.00089301987020153
34 0.0002504529382292995
35 0.0006865747669893828
36 0.0002601567789487472
38 0.000012233194463272731
39 0.000015438219457612578
40 0.00007339916677963639
41 0.000030777787483940904
42 0.0001278820616880182
43 0.00004252336359837915
44 0.0004976362107612556
45 0.00008241560098208883
46 0.0002007728318404258
47 0.0002618057511210246
48 0.00022854540687854879
49 0.0001358537659309924
51 0.0001670110942886723
52 0.000044525744481152654
58 0.0008611904431873585
59 0.0007499233863648502
60 0.0002756119639105608
61 0.00019112209487459625
63 0.0000022901098751499047
64 0.00007506333130309098
65 0.0002586331305440423
66 0.00038491964666822163
74 0.0006865747669893828
84 0.000993144966104682
85 0.0006187746681003992
97 0.00047159727675776246
105 0.00047159727675776246
107 0.0003875355521269475
113 0.00026863163182146973
123 0.0003111316863753057
124 0.00016852593740820454
125 0.00048799437882329435
144 0.00045623649347997704
150 0.0003875355521269475
154 0.0013731495339787657
159 0.0006990457843459476
160 0.0015352941928201767
171 0.0006403879413362643
205 0.001233934795826362
210 0.0005245327214076215
230 0.00071361722629165
255 0.000362668338628183
261 0.0005180488295811783
286 0.0004769410420674574
304 0.0009874307695163648
307 0.00047159727675776246
321 0.0007440483332583423
367 0.0006011388596619117
375 0.00047159727675776246
377 0.00071361722629165
397 0.0009668275046354771
399 0.0034986010672229608
439 0.00356808613145825
461 0.0016852593740820454
466 0.0010111556244492273
486 0.0013994404268891842
552 0.0006297756298190679
558 0.0007608226759490672
595 0.0007440483332583423
613 0.0011845934770817253
625 0.0010654088584181574
718 0.0011353534420436818
771 0.0008194567768041337
836 0.0011353534420436818
859 0.007734620037083817
862 0.0010111556244492273
863 0.0010111556244492273
908 0.0008194567768041337
917 0.0011353534420436818
980 0.0013994404268891842
1214 0.0015576813218245737
1272 0.0011353534420436818
1340 0.0010654088584181574
1390 0.011353534420436818
1395 0.0009668275046354771
1403 0.0009668275046354771
1412 0.0019336550092709543
1551 0.0019336550092709543
1617 0.0009668275046354771
1654 0.0044844146050497646
1701 0.0010111556244492273
1702 0.0010654088584181574
1703 0.002804921466469133
1704 0.005609842932938266
1705 0.0011353534420436818
1706 0.001233934795826362
1707 0.002804921466469133
1708 0.0014024607332345665
1709 0.001233934795826362
1710 0.001233934795826362
1711 0.002804921466469133
1712 0.0014024607332345665
1713 0.0007983015672272726
1714 0.0014024607332345665
1715 0.0014024607332345665
1716 0.01233934795826362
1717 0.011219685865876532
1718 0.002804921466469133
1719 0.0011353534420436818
1720 0.0014024607332345665
1721 0.002804921466469133
1722 0.0014024607332345665
1723 0.001233934795826362
1724 0.001233934795826362
1725 0.0011353534420436818
1726 0.0014024607332345665
1727 0.0014024607332345665
1728 0.0014024607332345665
1729 0.0014024607332345665
1730 0.0014024607332345665
1731 0.0014024607332345665
1732 0.0014024607332345665
1733 0.0014024607332345665
1734 0.001233934795826362
1735 0.0014024607332345665
1736 0.0014024607332345665
1737 0.0014024607332345665
1738 0.002804921466469133