0 0.00012419781759445434
1 0.00009782275243664496
2 0.00011794730538676969
5 0.00013988916725104833
6 0.0001467383957865933
7 0.0001345454019413534
13 0.00002462222998715272
29 0.0005180488295811783
33 0.0003281012370525588
38 0.0000061165972316363655
39 0.000007719109728806289
40 0.000009174895847454548
41 0.00001231111499357636
42 0.0001278820616880182
43 0.00006803738175740662
45 0.00016483120196417766
49 0.0000679268829654962
51 0.0001670110942886723
52 0.000022262872240576327
56 0.00041966750175314503
58 0.0008611904431873585
59 0.0005624425397736376
63 0.0000045802197502998095
65 0.0002586331305440423
67 0.0001412436639807968
68 0.00041108279890300333
81 0.004714688402166379
82 0.0005192514612211797
85 0.00020625822270013306
88 0.00040699645844193325
89 0.0001958367044818539
97 0.00047159727675776246
103 0.0017364923017055933
104 0.0011190477689252464
114 0.0007460318459501643
118 0.0005559679953851209
123 0.0003111316863753057
146 0.0004513245782556835
159 0.0006990457843459476
165 0.000362668338628183
171 0.0002134626471120881
187 0.012784906301017888
347 0.0010234667394428036
411 0.00028037940164174876
416 0.004198321280667553
438 0.0012022777193238235
452 0.0005755223958501378
669 0.0006103147235040822
671 0.0011196620923870878
686 0.009588679725763416
746 0.0006997202134445921
841 0.0006865747669893828
898 0.0006103147235040822
1037 0.0005755223958501378
1075 0.0009668275046354771
1241 0.001233934795826362
1436 0.002458370330412401
1739 0.0011353534420436818
1740 0.0014024607332345665
1741 0.0010654088584181574
1742 0.002690648763029859
1743 0.012622146599111098
1744 0.0010111556244492273
1745 0.001233934795826362