0 0.00012419781759445434
1 0.00009782275243664496
2 0.00011794730538676969
5 0.00013988916725104833
6 0.0001467383957865933
7 0.0001345454019413534
8 0.000230498281105941
13 0.00003693334498072908
30 0.0007826102175706785
33 0.0003281012370525588
36 0.00008671892631624905
38 0.000009174895847454548
39 0.000015438219457612578
40 0.000012233194463272731
41 0.00002462222998715272
42 0.0001278820616880182
43 0.00003401869087870331
45 0.00016483120196417766
46 0.00026769710912056773
47 0.00031416690134522947
48 0.00022854540687854879
49 0.0000679268829654962
52 0.000044525744481152654
58 0.0008611904431873585
59 0.0005624425397736376
60 0.0002756119639105608
61 0.00019112209487459625
63 0.0000045802197502998095
64 0.00007506333130309098
65 0.0002586331305440423
66 0.00019245982333411082
67 0.0001412436639807968
72 0.0008652258445074145
75 0.0007983015672272726
76 0.0009431945535155249
82 0.00025962573061058986
85 0.00020625822270013306
87 0.0007902680619510038
111 0.0010654088584181574
113 0.00026863163182146973
118 0.0005559679953851209
123 0.0003111316863753057
124 0.0003370518748164091
171 0.0002134626471120881
268 0.0008968829210099529
303 0.0018586972267145435
379 0.0013482074992656363
480 0.0008426296870410227
1185 0.001233934795826362
1494 0.0010111556244492273
1499 0.0007983015672272726
1586 0.0029004825139064315
1746 0.002804921466469133