0 0.00012419781759445434
1 0.00009782275243664496
2 0.00011794730538676969
3 0.00042377080113265817
4 0.00036951756716372796
5 0.00013988916725104833
6 0.0001467383957865933
7 0.0001345454019413534
8 0.000230498281105941
9 0.0012482364844022178
12 0.003033466873347682
13 0.00004308890247751726
14 0.001554146488743535
15 0.0017512947963583504
18 0.0013731495339787657
20 0.0012336604186370117
21 0.0007120135679988341
22 0.000446509935100765
23 0.0005055778122246136
29 0.0005180488295811783
30 0.00039130510878533924
34 0.00008348431274309984
36 0.00008671892631624905
37 0.000362668338628183
38 0.000009174895847454548
39 0.00002315732918641887
40 0.00002140809031072728
41 0.000030777787483940904
42 0.0001278820616880182
43 0.00004252336359837915
45 0.000494493605892533
46 0.0006692427728014193
49 0.0001358537659309924
51 0.0003340221885773446
52 0.000022262872240576327
55 0.0006740582854377687
63 0.0000022901098751499047
64 0.00007506333130309098
65 0.0002586331305440423
66 0.00019245982333411082
84 0.000331048322034894
85 0.0004125164454002661
87 0.0003951340309755019
89 0.0001958367044818539
102 0.00042377080113265817
104 0.00037301592297508214
110 0.0006741037496328182
114 0.0007460318459501643
122 0.0007120135679988341
123 0.0003111316863753057
132 0.000650930839395929
135 0.0007440483332583423
139 0.0010623885520727751
144 0.00045623649347997704
150 0.000775071104253895
158 0.0005755223958501378
159 0.0024466602452108163
171 0.0004269252942241762
176 0.0011675298642389001
177 0.000362668338628183
196 0.0003084151046592529
215 0.001233934795826362
222 0.0013482074992656363
237 0.002232144999775027
245 0.0007531307029504816
251 0.0004513245782556835
255 0.000362668338628183
270 0.00071361722629165
271 0.0036618883410244937
272 0.0006865747669893828
274 0.007323776682048987
277 0.0007049801885480433
282 0.005330670646867764
291 0.0007608226759490672
293 0.003370518748164091
300 0.00426163543367263
303 0.0027880458400718153
304 0.0004937153847581824
306 0.0016389135536082674
307 0.0009431945535155249
313 0.0014567139672034967
321 0.0007440483332583423
333 0.0008426296870410227
367 0.0006011388596619117
368 0.0011675298642389001
371 0.005253884389075051
375 0.00047159727675776246
392 0.0031153626436491474
399 0.0027988808537783684
401 0.001239701031327776
412 0.00036951756716372796
430 0.00042815166801879435
462 0.0010654088584181574
493 0.0011351003118447
495 0.0006622413221663868
506 0.0006297756298190679
540 0.0006741037496328182
573 0.00056755015592235
578 0.0008426296870410227
636 0.017275087141569067
642 0.0007440483332583423
646 0.0007440483332583423
690 0.0009293486133572717
709 0.0012595512596381359
715 0.0016389135536082674
716 0.0005523494856132488
719 0.0020223112488984545
722 0.0010111556244492273
767 0.0044844146050497646
814 0.0011353534420436818
858 0.000650930839395929
871 0.0009668275046354771
873 0.0007983015672272726
899 0.0008682461508527967
915 0.0006622413221663868
916 0.0008682461508527967
980 0.0006997202134445921
1060 0.0005837649321194501
1082 0.0009668275046354771
1112 0.0005922967385408627
1117 0.0010111556244492273
1141 0.0007983015672272726
1176 0.0017937658420199057
1182 0.0008682461508527967
1419 0.0010654088584181574
1448 0.0018586972267145435
1449 0.0011353534420436818
1450 0.0017937658420199057
1482 0.002130817716836315
1579 0.001233934795826362
1613 0.0011353534420436818
1662 0.0020223112488984545
1741 0.0010654088584181574
1747 0.0014024607332345665
1748 0.002467869591652724
1749 0.004935739183305448
1750 0.005609842932938266
1751 0.0011353534420436818
1752 0.0084147643994074
1753 0.0007608226759490672
1754 0.0014024607332345665
1755 0.0014024607332345665
1756 0.0014024607332345665
1757 0.001233934795826362
1758 0.001233934795826362
1759 0.0022707068840873636
1760 0.0042073821997037
1761 0.0042073821997037
1762 0.002804921466469133
1763 0.0011353534420436818
1764 0.0014024607332345665
1765 0.009871478366610896
1766 0.014024607332345666
1767 0.0014024607332345665
1768 0.009817225132641966
1769 0.0009668275046354771
1770 0.0014024607332345665
1771 0.0014024607332345665
1772 0.001233934795826362
1773 0.0010654088584181574
1774 0.001233934795826362
1775 0.0014024607332345665
1776 0.0014024607332345665
1777 0.0014024607332345665
1778 0.0014024607332345665
1779 0.002804921466469133
1780 0.0014024607332345665
1781 0.0017364923017055933
1782 0.0014024607332345665
1783 0.0014024607332345665
1784 0.0014024607332345665
1785 0.0010111556244492273
1786 0.0014024607332345665
1787 0.0014024607332345665
1788 0.0022707068840873636
1789 0.0014024607332345665
1790 0.0014024607332345665
1791 0.002804921466469133
1792 0.0014024607332345665
1793 0.004935739183305448
1794 0.0010111556244492273
1795 0.001233934795826362
1796 0.0009293486133572717
1797 0.0014024607332345665
1798 0.001233934795826362