6 0.0001467383957865933
13 0.00005540001747109362
16 0.00014535302717131544
17 0.0019519775152931774
19 0.00036606883509663425
33 0.0003281012370525588
38 0.000009174895847454548
39 0.000007719109728806289
40 0.0000061165972316363655
41 0.00001846667249036454
42 0.0000639410308440091
45 0.00008241560098208883
46 0.00006692427728014193
47 0.00010472230044840982
49 0.0000679268829654962
51 0.000501033282866017
55 0.0002246860951459229
56 0.00027977833450209665
61 0.00019112209487459625
63 0.0000045802197502998095
65 0.00012931656527202115
89 0.0001958367044818539
100 0.0003370518748164091
102 0.0008475416022653163
107 0.0003875355521269475
130 0.00038382354820504417
132 0.000650930839395929
171 0.0002134626471120881
180 0.0002952696582040436
242 0.0010111556244492273
360 0.00036951756716372796
367 0.0006011388596619117
411 0.00028037940164174876
438 0.0012022777193238235
496 0.0005380435045719325
562 0.005327044292090787
577 0.0008968829210099529
622 0.0005598310461935439
648 0.004718726247429727
780 0.0026489652886655473
1029 0.0010234667394428036
1036 0.0007608226759490672
1086 0.0008968829210099529
1087 0.0009668275046354771
1499 0.0007983015672272726
1744 0.0010111556244492273
1795 0.001233934795826362
1796 0.0009293486133572717
1799 0.0014024607332345665
1800 0.0014024607332345665
1801 0.0014024607332345665
1802 0.005609842932938266
1803 0.0008682461508527967