0 0.00012419781759445434
1 0.00009782275243664496
2 0.00011794730538676969
3 0.00042377080113265817
4 0.00036951756716372796
5 0.00013988916725104833
6 0.0001467383957865933
7 0.0001345454019413534
8 0.000230498281105941
9 0.0004160788281340726
13 0.00002462222998715272
16 0.00014535302717131544
20 0.0003084151046592529
34 0.00016696862548619968
36 0.00008671892631624905
38 0.000009174895847454548
39 0.000015438219457612578
40 0.000009174895847454548
41 0.00001846667249036454
42 0.0001278820616880182
43 0.00004252336359837915
44 0.0004976362107612556
45 0.00008241560098208883
46 0.00026769710912056773
47 0.00020944460089681964
48 0.00022854540687854879
49 0.0000679268829654962
51 0.0001670110942886723
52 0.000044525744481152654
58 0.00021529761079683963
59 0.0003749616931824251
60 0.0002756119639105608
61 0.00019112209487459625
63 0.0000022901098751499047
73 0.000619850515663888
81 0.000725336677256366
85 0.00020625822270013306
87 0.0007902680619510038
105 0.00047159727675776246
113 0.00026863163182146973
124 0.00016852593740820454
130 0.00038382354820504417
134 0.000650930839395929
160 0.00038382354820504417
177 0.000362668338628183
396 0.0011845934770817253
411 0.0005607588032834975
716 0.0005523494856132488
1619 0.0011353534420436818
1804 0.001233934795826362
1805 0.0014024607332345665