0 0.00012419781759445434
1 0.00009782275243664496
2 0.00011794730538676969
5 0.00013988916725104833
6 0.0001467383957865933
7 0.0001345454019413534
13 0.00001231111499357636
16 0.00014535302717131544
26 0.00021900961471874297
38 0.000009174895847454548
39 0.000007719109728806289
40 0.0000030582986158181828
41 0.00001231111499357636
43 0.000008504672719675828
46 0.0002007728318404258
47 0.00015708345067261473
52 0.000022262872240576327
56 0.00027977833450209665
61 0.0003822441897491925
63 0.0000045802197502998095
64 0.00015012666260618196
66 0.00038491964666822163
68 0.0020554139945150166
89 0.0003916734089637078
102 0.0016950832045306327
122 0.00035600678399941706
171 0.0004269252942241762
180 0.0005905393164080872
198 0.0008194567768041337
255 0.000725336677256366
275 0.0006622413221663868
277 0.00035249009427402165
282 0.0029614836927043136
327 0.0007283569836017483
333 0.005055778122246136
360 0.00036951756716372796
364 0.0010654088584181574
411 0.00028037940164174876
412 0.0007390351343274559
413 0.0003593147470569854
464 0.0007983015672272726
516 0.0010654088584181574
520 0.0003432074323131972
608 0.0007440483332583423
622 0.0005598310461935439
685 0.0009668275046354771
707 0.0011353534420436818
759 0.0013994404268891842
805 0.0008682461508527967
813 0.0020223112488984545
875 0.0007788406609122869
898 0.0006103147235040822
946 0.0035875316840398115
954 0.003717394453429087
1029 0.0005117333697214018
1060 0.0005837649321194501
1095 0.0015576813218245737
1478 0.0009668275046354771
1806 0.001233934795826362
1807 0.0014024607332345665
1808 0.0014024607332345665
1809 0.0022707068840873636
1810 0.001233934795826362
1811 0.0014024607332345665
1812 0.0014024607332345665
1813 0.0014024607332345665
1814 0.001233934795826362
1815 0.0011353534420436818
1816 0.002804921466469133
1817 0.0014024607332345665
1818 0.0014024607332345665
1819 0.001233934795826362
1820 0.0014024607332345665
1821 0.0014024607332345665
1822 0.001233934795826362
1823 0.0014024607332345665
1824 0.001233934795826362
1825 0.0014024607332345665
1826 0.0014024607332345665
1827 0.0017937658420199057
1828 0.0014024607332345665