0 0.00012419781759445434
1 0.00009782275243664496
2 0.00011794730538676969
5 0.00013988916725104833
6 0.0001467383957865933
7 0.0001345454019413534
13 0.00001846667249036454
17 0.0019519775152931774
19 0.0007321376701932685
33 0.0006562024741051176
34 0.0004174215637154992
36 0.00043359463158124535
38 0.000012233194463272731
39 0.00002315732918641887
40 0.00002140809031072728
41 0.000030777787483940904
42 0.0001278820616880182
43 0.000017009345439351656
45 0.0004120780049104442
46 0.0007361670500815612
47 0.00047125035201784417
49 0.0001358537659309924
51 0.0003340221885773446
52 0.000022262872240576327
55 0.0008987443805836916
56 0.00013988916725104833
58 0.0012917856647810379
59 0.0007499233863648502
61 0.00019112209487459625
63 0.000006870329625449715
64 0.00007506333130309098
65 0.0002586331305440423
66 0.00038491964666822163
67 0.0001412436639807968
84 0.000331048322034894
88 0.0012209893753257998
107 0.00155014220850779
113 0.0013431581591073487
118 0.002501855979233044
138 0.0006103147235040822
149 0.000640123214165967
150 0.000775071104253895
159 0.0003495228921729738
165 0.000362668338628183
177 0.000362668338628183
185 0.006230725287298295
186 0.0010360976591623566
197 0.00056755015592235
214 0.0005180488295811783
251 0.0004513245782556835
277 0.0007049801885480433
320 0.003918817323354807
321 0.0007440483332583423
322 0.01233934795826362
323 0.004044622497796909
324 0.0013482074992656363
325 0.0014024607332345665
326 0.0014024607332345665
327 0.0007283569836017483
328 0.0010111556244492273
329 0.0014024607332345665
330 0.002467869591652724
331 0.011219685865876532
332 0.0010111556244492273
333 0.0016852593740820454
334 0.0009293486133572717
335 0.0008426296870410227
336 0.001233934795826362
337 0.002804921466469133
338 0.0010111556244492273
339 0.001233934795826362
340 0.0009668275046354771
341 0.0010111556244492273
342 0.0014024607332345665
343 0.001233934795826362
344 0.0014024607332345665
345 0.012488887862480497
346 0.001233934795826362
347 0.0015352001091642055
348 0.0007283569836017483
349 0.0011353534420436818
350 0.008426296870410228
351 0.0037018043874790857
352 0.00071361722629165
353 0.0014272344525833
354 0.001233934795826362
355 0.0038673100185419086
356 0.0007788406609122869
357 0.0046701194569556004
358 0.004044622497796909
359 0.00676779253244834
360 0.0007390351343274559
361 0.004044622497796909
362 0.0010654088584181574
363 0.0008426296870410227
364 0.0010654088584181574
365 0.0016389135536082674
366 0.0006997202134445921
367 0.0006011388596619117
368 0.0005837649321194501
369 0.0011353534420436818
370 0.001233934795826362
371 0.0023350597284778002
372 0.0037018043874790857
373 0.0037018043874790857
374 0.0008194567768041337
375 0.00047159727675776246
376 0.000650930839395929
377 0.00071361722629165
378 0.0014024607332345665
379 0.0006741037496328182