0 0.00012419781759445434
1 0.00009782275243664496
2 0.00011794730538676969
4 0.00036951756716372796
5 0.00013988916725104833
6 0.0001467383957865933
7 0.0001345454019413534
8 0.000230498281105941
9 0.0008321576562681452
13 0.00001231111499357636
16 0.0002907060543426309
19 0.0018303441754831714
21 0.00035600678399941706
33 0.0006562024741051176
34 0.00008348431274309984
37 0.0010880050158845493
38 0.0000061165972316363655
39 0.000015438219457612578
40 0.000009174895847454548
41 0.00001846667249036454
43 0.000051028036318054975
44 0.0004976362107612556
46 0.0004684699409609935
47 0.00036652805156943435
49 0.0001358537659309924
56 0.00013988916725104833
61 0.00019112209487459625
63 0.0000045802197502998095
64 0.00007506333130309098
65 0.0002586331305440423
66 0.00038491964666822163
67 0.0001412436639807968
72 0.0030282904557759507
76 0.004244375490819862
81 0.0010880050158845493
82 0.0012981286530529493
87 0.0003951340309755019
97 0.00047159727675776246
99 0.0006741037496328182
100 0.0003370518748164091
106 0.0008968829210099529
124 0.00016852593740820454
125 0.00048799437882329435
144 0.0027374189608798624
146 0.0004513245782556835
180 0.0005905393164080872
183 0.0012595512596381359
184 0.0008194567768041337
247 0.0011351003118447
279 0.000446509935100765
309 0.0009759887576465887
310 0.0002927237550026589
360 0.00036951756716372796
438 0.008415944035266763
468 0.00048799437882329435
495 0.0006622413221663868
496 0.0005380435045719325
497 0.0010880050158845493
552 0.0006297756298190679
613 0.0005922967385408627
750 0.0009668275046354771
803 0.00071361722629165
988 0.0007788406609122869
1034 0.0008194567768041337
1060 0.0005837649321194501
1063 0.0008968829210099529
1178 0.004564936055694403
1182 0.0008682461508527967
1829 0.0084147643994074
1830 0.0008426296870410227
1831 0.0014024607332345665
1832 0.001233934795826362
1833 0.0010654088584181574