0 0.00012419781759445434
1 0.00009782275243664496
2 0.00023589461077353939
5 0.00013988916725104833
6 0.0001467383957865933
7 0.0001345454019413534
13 0.00004924445997430544
28 0.00043261292225370724
34 0.00008348431274309984
37 0.000362668338628183
38 0.000012233194463272731
39 0.00002315732918641887
40 0.000012233194463272731
41 0.00002462222998715272
43 0.00004252336359837915
45 0.00016483120196417766
46 0.0004684699409609935
47 0.00036652805156943435
48 0.00022854540687854879
49 0.0001358537659309924
52 0.000022262872240576327
55 0.0008987443805836916
56 0.00027977833450209665
63 0.0000045802197502998095
64 0.00007506333130309098
65 0.00012931656527202115
67 0.0001412436639807968
88 0.00040699645844193325
89 0.0005875101134455617
100 0.0010111556244492273
118 0.0008339519930776814
158 0.0011510447917002756
159 0.0006990457843459476
165 0.000362668338628183
177 0.000362668338628183
180 0.0005905393164080872
185 0.0007788406609122869
196 0.0006168302093185058
210 0.001049065442815243
260 0.0006741037496328182
277 0.00035249009427402165
279 0.000446509935100765
289 0.0007440483332583423
297 0.0015216453518981344
310 0.0002927237550026589
320 0.0011196620923870878
353 0.00071361722629165
360 0.00036951756716372796
371 0.0005837649321194501
379 0.0006741037496328182
411 0.00028037940164174876
430 0.0012844550040563832
437 0.0005180488295811783
475 0.00314887814909534
486 0.004198321280667553
497 0.000362668338628183
558 0.0007608226759490672
590 0.0006622413221663868
739 0.0008682461508527967
751 0.0016389135536082674
759 0.004898041494112145
779 0.0005755223958501378
810 0.0010654088584181574
915 0.0006622413221663868
920 0.0007283569836017483
1037 0.0005755223958501378
1328 0.0007440483332583423
1336 0.002130817716836315
1396 0.003043290703796269
1417 0.0008194567768041337
1545 0.0010654088584181574
1742 0.0008968829210099529
1815 0.0011353534420436818
1834 0.009082827536349454
1835 0.003406060326131045
1836 0.0014024607332345665
1837 0.0008968829210099529
1838 0.0014024607332345665
1839 0.0010111556244492273
1840 0.0014024607332345665
1841 0.0014024607332345665
1842 0.0011353534420436818