0 0.00012419781759445434
1 0.0002934682573099349
2 0.00023589461077353939
5 0.00013988916725104833
6 0.0001467383957865933
7 0.0001345454019413534
13 0.00004308890247751726
16 0.00014535302717131544
19 0.0010982065052899028
26 0.00043801922943748593
34 0.00016696862548619968
36 0.0005203135578974944
38 0.000012233194463272731
39 0.00002315732918641887
40 0.000009174895847454548
41 0.00001231111499357636
43 0.000025514018159027487
45 0.0004120780049104442
46 0.0005353942182411355
47 0.0004188892017936393
49 0.0002717075318619848
52 0.000022262872240576327
55 0.0002246860951459229
59 0.0022497701590945504
61 0.00009556104743729812
63 0.000011450549375749525
64 0.00007506333130309098
65 0.00012931656527202115
67 0.0002824873279615936
72 0.00043261292225370724
81 0.000725336677256366
85 0.00020625822270013306
89 0.0001958367044818539
99 0.0006741037496328182
100 0.0013482074992656363
107 0.0003875355521269475
115 0.0009327368801768604
118 0.0013899199884628024
123 0.0003111316863753057
124 0.0003370518748164091
130 0.0007676470964100883
132 0.000650930839395929
146 0.0004513245782556835
159 0.0006990457843459476
171 0.0006403879413362643
196 0.0003084151046592529
217 0.0022824680278472017
223 0.002458370330412401
225 0.0006865747669893828
226 0.0004769410420674574
227 0.010218180978393134
243 0.00071361722629165
245 0.0003765653514752408
261 0.0005180488295811783
264 0.000999148518886197
277 0.0005287351414110325
288 0.0013687094804399312
304 0.0004937153847581824
307 0.0009431945535155249
371 0.0005837649321194501
411 0.0005607588032834975
442 0.0006103147235040822
457 0.0012022777193238235
472 0.0009668275046354771
482 0.0008968829210099529
497 0.000725336677256366
507 0.0005755223958501378
532 0.002690648763029859
538 0.0005117333697214018
580 0.0009668275046354771
587 0.0009293486133572717
596 0.0013482074992656363
599 0.0009668275046354771
671 0.0005598310461935439
703 0.0006865747669893828
776 0.0008968829210099529
826 0.0006865747669893828
847 0.0009293486133572717
885 0.004935739183305448
1036 0.0007608226759490672
1037 0.0005755223958501378
1064 0.0009293486133572717
1162 0.000619850515663888
1310 0.0006622413221663868
1411 0.0010111556244492273
1586 0.0009668275046354771
1843 0.0008682461508527967
1844 0.0168295287988148
1845 0.002804921466469133
1846 0.0014024607332345665
1847 0.001233934795826362
1848 0.0014024607332345665
1849 0.0011353534420436818
1850 0.0014024607332345665
1851 0.0014024607332345665
1852 0.0014024607332345665
1853 0.0014024607332345665
1854 0.0014024607332345665
1855 0.0010654088584181574
1856 0.0042073821997037
1857 0.0011353534420436818
1858 0.0014024607332345665
1859 0.002467869591652724
1860 0.001233934795826362
1861 0.005609842932938266
1862 0.0037018043874790857
1863 0.002804921466469133
1864 0.0014024607332345665
1865 0.0014024607332345665
1866 0.0014024607332345665
1867 0.0014024607332345665
1868 0.0014024607332345665
1869 0.002804921466469133
1870 0.002804921466469133
1871 0.0014024607332345665
1872 0.0014024607332345665
1873 0.0008968829210099529