13 0.00001231111499357636
16 0.0002907060543426309
20 0.0003084151046592529
23 0.0005055778122246136
28 0.001730451689014829
36 0.0001734378526324981
38 0.000009174895847454548
39 0.00002315732918641887
40 0.000012233194463272731
41 0.00002462222998715272
42 0.0000639410308440091
43 0.000025514018159027487
46 0.0002007728318404258
47 0.0002618057511210246
52 0.000044525744481152654
56 0.00013988916725104833
58 0.0010764880539841982
59 0.0009374042329560627
61 0.00019112209487459625
63 0.000006870329625449715
64 0.00007506333130309098
65 0.00012931656527202115
66 0.00019245982333411082
67 0.0001412436639807968
76 0.00047159727675776246
82 0.0005192514612211797
89 0.0001958367044818539
100 0.0003370518748164091
104 0.00037301592297508214
105 0.0014147918302732875
113 0.00026863163182146973
118 0.0005559679953851209
122 0.00035600678399941706
123 0.0003111316863753057
138 0.0012206294470081644
150 0.0003875355521269475
160 0.00038382354820504417
165 0.000362668338628183
171 0.0004269252942241762
180 0.0002952696582040436
186 0.0005180488295811783
206 0.0008682461508527967
210 0.001049065442815243
277 0.00017624504713701082
282 0.0005922967385408627
292 0.000640123214165967
293 0.0006741037496328182
310 0.0005854475100053178
413 0.0003593147470569854
416 0.0006997202134445921
494 0.0016570484568397463
573 0.0011351003118447
594 0.00071361722629165
616 0.001233934795826362
618 0.001233934795826362
624 0.0008968829210099529
641 0.0027462990679575313
642 0.0007440483332583423
667 0.0006997202134445921
717 0.0007788406609122869
726 0.0008426296870410227
766 0.0010111556244492273
788 0.0006622413221663868
803 0.00071361722629165
864 0.0008968829210099529
1081 0.0010654088584181574
1301 0.0027880458400718153
1304 0.0010111556244492273
1312 0.0011353534420436818
1358 0.0010111556244492273
1440 0.001233934795826362
1874 0.0011353534420436818
1875 0.0014024607332345665
1876 0.0037018043874790857
1877 0.001233934795826362
1878 0.001233934795826362
1879 0.0014024607332345665
1880 0.0009668275046354771
1881 0.0014024607332345665
1882 0.0010654088584181574
1883 0.001233934795826362
1884 0.0014024607332345665
1885 0.0014024607332345665
1886 0.003033466873347682
1887 0.0014024607332345665