0 0.00012419781759445434
1 0.00019564550487328992
2 0.00011794730538676969
5 0.00013988916725104833
6 0.0001467383957865933
7 0.0001345454019413534
8 0.000230498281105941
13 0.00004308890247751726
16 0.00014535302717131544
28 0.0008652258445074145
33 0.0006562024741051176
34 0.00016696862548619968
36 0.0003468757052649962
38 0.000012233194463272731
39 0.000015438219457612578
40 0.000015291493079090914
41 0.000030777787483940904
42 0.0002557641233760364
43 0.000051028036318054975
45 0.00008241560098208883
46 0.0004015456636808516
47 0.00020944460089681964
49 0.0000679268829654962
51 0.000501033282866017
52 0.000022262872240576327
61 0.00019112209487459625
63 0.0000022901098751499047
67 0.0001412436639807968
72 0.0030282904557759507
81 0.000362668338628183
82 0.00025962573061058986
99 0.0006741037496328182
100 0.0003370518748164091
110 0.0006741037496328182
113 0.0005372632636429395
154 0.0013731495339787657
158 0.0017265671875504136
159 0.0003495228921729738
161 0.0008426296870410227
162 0.0008426296870410227
171 0.0002134626471120881
180 0.0002952696582040436
192 0.000650930839395929
197 0.00056755015592235
210 0.001049065442815243
225 0.0006865747669893828
243 0.00071361722629165
255 0.000362668338628183
277 0.00035249009427402165
315 0.0009668275046354771
338 0.0010111556244492273
347 0.0010234667394428036
360 0.00036951756716372796
375 0.00047159727675776246
412 0.00036951756716372796
413 0.0003593147470569854
439 0.0028544689051666
624 0.0008968829210099529
746 0.0006997202134445921
779 0.0005755223958501378
866 0.0008426296870410227
879 0.001301861678791858
927 0.0010654088584181574
1022 0.001233934795826362
1029 0.0005117333697214018
1063 0.0017937658420199057
1156 0.006066933746695364
1157 0.00681212065226209
1240 0.0010111556244492273
1340 0.0010654088584181574
1421 0.0011353534420436818
1510 0.0011353534420436818
1545 0.0010654088584181574
1701 0.0010111556244492273
1843 0.0008682461508527967
1888 0.0042073821997037
1889 0.0014024607332345665
1890 0.001233934795826362
1891 0.0014024607332345665
1892 0.0009668275046354771
1893 0.0010654088584181574
1894 0.003033466873347682
1895 0.0014024607332345665
1896 0.0014024607332345665
1897 0.0014024607332345665
1898 0.001233934795826362
1899 0.0014024607332345665
1900 0.0014024607332345665
1901 0.001233934795826362
1902 0.0014024607332345665
1903 0.001233934795826362
1904 0.0014024607332345665
1905 0.0014024607332345665
1906 0.0014024607332345665