0 0.00012419781759445434
1 0.00009782275243664496
2 0.00011794730538676969
3 0.00042377080113265817
4 0.00036951756716372796
5 0.00013988916725104833
6 0.0001467383957865933
7 0.0001345454019413534
8 0.000230498281105941
9 0.0002080394140670363
13 0.00001846667249036454
16 0.00014535302717131544
20 0.0006168302093185058
21 0.00035600678399941706
36 0.0001734378526324981
38 0.000009174895847454548
39 0.000015438219457612578
40 0.000012233194463272731
41 0.00002462222998715272
42 0.0001918230925320273
43 0.000051028036318054975
44 0.0004976362107612556
45 0.00008241560098208883
46 0.00026769710912056773
47 0.0002618057511210246
48 0.00022854540687854879
49 0.0000679268829654962
51 0.0001670110942886723
52 0.000022262872240576327
56 0.00013988916725104833
61 0.00019112209487459625
63 0.0000022901098751499047
64 0.00007506333130309098
65 0.00012931656527202115
67 0.0001412436639807968
68 0.00123324839670901
72 0.0008652258445074145
75 0.002394904701681818
76 0.00047159727675776246
81 0.0018133416931409153
85 0.00020625822270013306
87 0.0003951340309755019
90 0.0006622413221663868
115 0.0004663684400884302
122 0.00035600678399941706
123 0.0003111316863753057
124 0.00016852593740820454
154 0.0006865747669893828
177 0.000362668338628183
253 0.0004824049019877245
255 0.000362668338628183
289 0.002232144999775027
308 0.0007283569836017483
396 0.0011845934770817253
411 0.00028037940164174876
480 0.0008426296870410227
511 0.0008426296870410227
902 0.000650930839395929
1024 0.0009668275046354771
1058 0.0007788406609122869
1070 0.0007788406609122869
1263 0.0017364923017055933
1276 0.0006622413221663868
1391 0.0019336550092709543
1907 0.002467869591652724
1908 0.002804921466469133