0 0.00012419781759445434
1 0.00009782275243664496
2 0.00011794730538676969
3 0.00042377080113265817
4 0.00036951756716372796
5 0.00013988916725104833
6 0.0001467383957865933
7 0.0001345454019413534
8 0.000230498281105941
9 0.0004160788281340726
13 0.00002462222998715272
14 0.0005180488295811783
15 0.0005837649321194501
17 0.0019519775152931774
18 0.0020597243009681486
19 0.0007321376701932685
23 0.003033466873347682
30 0.00039130510878533924
36 0.00008671892631624905
38 0.000009174895847454548
39 0.000015438219457612578
40 0.000012233194463272731
41 0.000030777787483940904
42 0.0002557641233760364
43 0.00004252336359837915
44 0.0004976362107612556
45 0.0003296624039283553
46 0.00033462138640070967
47 0.0002618057511210246
48 0.00022854540687854879
49 0.0001358537659309924
51 0.0001670110942886723
52 0.000044525744481152654
55 0.0002246860951459229
56 0.00027977833450209665
57 0.0003527432244730031
58 0.00043059522159367926
59 0.0007499233863648502
60 0.0002756119639105608
61 0.00019112209487459625
63 0.0000022901098751499047
67 0.0001412436639807968
76 0.0009431945535155249
91 0.0020991606403337765
114 0.00037301592297508214
118 0.0005559679953851209
123 0.0003111316863753057
124 0.00016852593740820454
165 0.000362668338628183
171 0.0002134626471120881
179 0.0006622413221663868
180 0.0002952696582040436
187 0.002130817716836315
193 0.002479402062655552
243 0.00071361722629165
245 0.0007531307029504816
249 0.0007608226759490672
272 0.0006865747669893828
286 0.0004769410420674574
310 0.0002927237550026589
391 0.0026964149985312727
411 0.0008411382049252463
493 0.00056755015592235
497 0.000362668338628183
572 0.0042817033577499
573 0.00056755015592235
576 0.000619850515663888
578 0.0008426296870410227
670 0.0006865747669893828
711 0.0009293486133572717
716 0.0005523494856132488
772 0.0005311942760363876
858 0.0019527925181877872
916 0.0008682461508527967
1010 0.0008682461508527967
1070 0.0007788406609122869
1082 0.0019336550092709543
1276 0.0006622413221663868
1315 0.0014272344525833
1436 0.0008194567768041337
1506 0.0009668275046354771
1507 0.001233934795826362
1511 0.0008968829210099529
1742 0.0008968829210099529
1788 0.0011353534420436818
1803 0.0008682461508527967
1886 0.0010111556244492273
1925 0.0011353534420436818
1926 0.0014024607332345665
1927 0.0014024607332345665
1928 0.002804921466469133
1929 0.002467869591652724
1930 0.002804921466469133
1931 0.0042073821997037
1932 0.0042073821997037
1933 0.0014024607332345665
1934 0.0009668275046354771
1935 0.003033466873347682
1936 0.0011353534420436818