1 0.00009782275243664496
12 0.0005055778122246136
13 0.00001846667249036454
16 0.0002907060543426309
23 0.0005055778122246136
28 0.00043261292225370724
30 0.00039130510878533924
33 0.0013124049482102352
34 0.00008348431274309984
36 0.00043359463158124535
38 0.000009174895847454548
39 0.000007719109728806289
40 0.000009174895847454548
42 0.0000639410308440091
43 0.000017009345439351656
49 0.0000679268829654962
58 0.0010764880539841982
59 0.0009374042329560627
63 0.000006870329625449715
65 0.00012931656527202115
89 0.0001958367044818539
115 0.0004663684400884302
177 0.000725336677256366
225 0.0006865747669893828
271 0.0006103147235040822
279 0.00089301987020153
282 0.0005922967385408627
307 0.00047159727675776246
367 0.0006011388596619117
393 0.00056755015592235
496 0.001076087009143865
735 0.0040972838840206685
738 0.0011353534420436818
902 0.000650930839395929
942 0.0009668275046354771
1037 0.0011510447917002756
1176 0.005381297526059718
1413 0.0017937658420199057
1625 0.0010654088584181574
1937 0.0010654088584181574
1938 0.0014024607332345665
1939 0.0014024607332345665
1940 0.0014024607332345665
1941 0.0014024607332345665
1942 0.001233934795826362