0 0.00012419781759445434
1 0.00009782275243664496
2 0.00011794730538676969
5 0.00013988916725104833
6 0.0001467383957865933
7 0.0001345454019413534
13 0.000030777787483940904
26 0.00021900961471874297
30 0.0011739153263560177
36 0.00008671892631624905
38 0.000009174895847454548
39 0.000015438219457612578
40 0.000015291493079090914
41 0.00001846667249036454
42 0.0000639410308440091
43 0.000025514018159027487
46 0.00033462138640070967
47 0.0002618057511210246
49 0.0000679268829654962
51 0.0001670110942886723
52 0.000022262872240576327
61 0.00019112209487459625
63 0.0000045802197502998095
66 0.00019245982333411082
89 0.0003916734089637078
100 0.0006741037496328182
124 0.00016852593740820454
143 0.0011675298642389001
171 0.0002134626471120881
226 0.0004769410420674574
250 0.00041108279890300333
272 0.0006865747669893828
277 0.00035249009427402165
360 0.00036951756716372796
379 0.0006741037496328182
402 0.0013482074992656363
452 0.0005755223958501378
486 0.0013994404268891842
534 0.0008682461508527967
538 0.0005117333697214018
569 0.0008682461508527967
589 0.0008426296870410227
590 0.0006622413221663868
591 0.0007283569836017483
595 0.0007440483332583423
663 0.0009668275046354771
694 0.0008194567768041337
763 0.0011353534420436818
765 0.002185070950805245
772 0.0005311942760363876
820 0.0015966031344545452
821 0.0018586972267145435
822 0.0009668275046354771
915 0.0006622413221663868
1073 0.002458370330412401
1297 0.0010654088584181574
1301 0.0027880458400718153
1315 0.00071361722629165
1326 0.0009668275046354771
1327 0.0009668275046354771
1328 0.002232144999775027
1943 0.0042073821997037
1944 0.0042073821997037
1945 0.0014024607332345665
1946 0.0014024607332345665
1947 0.001233934795826362