0.017110557614225246
0.009615548681871132
0.009528662651399908
0.02382360582663362
0.023521261486375213
0.024121728217532966
0.014147386926942085
0.016354204990438475
0.028790586398101642
0.04252520577022445
0.006135719653101816
0.014189302418438826
0.012913493256428085
0.00485020235039814
0.00924241795318223
0.041382240866034765
0.05163969961483906
0.019047121753550902
0.02776971968803687
0.008642405447956754
0.013686170107929658
0.011174402019461398
0.021505185091284313
0.008183519283777198
0.015002428071879986
0.008058332460114894
0.017501925446328257
0.012883963095809723
0.033350402761972375
0.012375519214904037
0.029945849255900003
0.03270095072905982
0.02855486762291708
0.052514169301362795
0.016254204176934045
0.0036681071244204356
0.01642276542508531
0.010561349862252697
0.020249020540221405
0.010327203566850596
0.007596007534819223
0.03419312176456165
0.022563812308794586
0.02315510775074309
0.02871061524918852
0.001436199243422292
0.010443651009658028
0.015355675521744508
0.01750343371544244
0.016462584214223284
0.023424917586411378
0.007187370602949822
0.029918790033982057
0.015266165042626826
0.01241501293591903
0.013024563427026405
0.03550980500358737
0.022537401106977023
0.010094713733628191
0.01661996956945852
0.014676708453880954
0.02094433668721384
0.014536567214792845
0.045405713197556485
0.008614445145199106
0.03596991711920869
0.009424565146992862
0.0401821761300726
0.016529153495610908
0.001436199243422292
0.016691470729758788
0.017918739724443855
0.024750778998481215
0.015615934562721154
0.009172806594286003
0.019340017940556578
0.02497046790911556
0.006958966365039621
0.02678352585184175
0.02684854677405857
0.03293628239470755
0.0277624339926831
0.02647811884226491
0.022188373836545892
0.005786802581666753
0.0358711242012265
0.01067404692924411
0.0033345674435592077
0.011951403870706694
0.015081425740160408
0.014115354860171776
0.024664241197470665
0.009650183518836158
0.013854009728833855
0.006885870787847297
0.01600639462416866
0.012908712523624018
0.008623298744164992
0.009595090979412765
0.01041973197780653
0.01994502148506151
0.02000519935742639
0.011446558186377494
0.010558742844078981
0.01036539179942893
0.028349102225540455
0.019868394013842727
0.016529206509627435
0.026125185363060868
0.016276765309173984
0.01705038458081515
0.018097492139281846
0.026838004129349228
0.0033974900793351057
0.013086793273478376
0.009444333907438087
0.010698879055849743
0.011115027109990839
0.025131476712011422
0.02146413322725956
0.015107507551700658
0.02354702524005392
0.006278819742994741
0.008140306310249238
0.011732054038586865
0.009084369904916356
0.03553619710921546
0.022577547166706808
0.014497339591131314
0.013209464452845472
0.015833704465381026
0.004127146597287299
0.03424879626981011
0.0623778292512697
0.013438695068032167
0.014628117997691752
0.023052674974328547
0.02161520240615961
0.017636781764679983
0.038295973040360774
0.012071557594792224
0.010035041219300813
0.02043847704629874
0.010798710705957252
0.01749394209631044
0.02733739744403079
0.03043484035389292
0.003023460214466557
0.011092116708515348
0.03818746066470199
0.00809097858051461
0.011770171165005188
0.031457392213094584
0.018676397353931843
0.027670371426739535
0.006787094982061017
0.013318729008493756
0.019271369650318282
0.037220605105487574
0.029870225259582207
0.03674251095062229
0.02196244503585875
0.020717883473668965
0.03134477450526371
0.011252826840441715
0.021654142025612038
0.020157174675502203
0.024923209676922412
0.016502830445270622
0.027443633478106105
0.018192711154694792
0.03466332216572798
0.00666437678130863
0.01953406553176281
0.014945645086282112
0.010586670968613456
0.01804447322698552
0.008770419304471734
0.02269729712004885
0.005228122097767611
0.03623830295720458
0.00852659057081425
0.029070840801336182
0.014762038535143103
0.013036484000474538
0.02109420068746562
0.022368108794005553
0.015609937200182663
0.009500609166027199
0.017094851932698038
0.008069249202013682
0.0232786863062672
0.04113374065017486
0.017625107752235247
0.019924829516508032
0.01034442954927138
0.020562441704415204
0.015791140789736206
0.04648224407397266
0.023743366996108437
0.025752859548771115
0.027718976611390302
0.04645187103477488
0.008840507678722707
0.016730737256916924
0.03868033466966457
0.03131361691208016
0.02154540823875465
0.03125478278192629
0.008958829238443152
0.008433950401386978
0.0030708895677585067
0.022993193667415403
0.012730193938892787
0.03600494964169966
0.009321416809921008
0.020391753444411884
0.010797620464493675
0.019485662867278097
0.03328802169744264
0.018750771350156698
0.016192807007698384
0.007363806103524039
0.016827703043718695
0.036121989964017116
0.017557607599240244
0.012221368387836275
0.013044129469719293
0.01542899646077489
0.011127614636054618
0.016381448711811526
0.009116869243774748
0.01140242826425886
0.021875775395338345
0.016335562014342313
0.014422724913068017
0.0033141164873109028
0.007499725599216233
0.007430439921202633
0.015524404535415842
0.01999276464166742
0.0377302847482492
0.0127317900603124
0.01300875120548962
0.013919922199839337
0.007889839314136766
0.029353766585330305
0.051245670398077016
0.014627851142574682
0.03522712661707306
0.026161066081548088
0.01591042235406718
0.029750630920770304
0.006535035774781015
0.009351728988362435
0.02741691132479951
0.014094507611642737
0.013743484750278949
0.016349274178042907
0.021565641557445017
0.020470258314919783
0.010477165496621381
0.010969793178877278
0.024265970855400623
0.014438860797239973
0.04060079499734876
0.02483939826429234
0.0398772040267674
0.014176077965340693
0.017621071432529486
0.016083855932220153
0.042359053802404734
0.027223484110583104
0.03371204533377878
0.035609398622939534
0.03250921070377507
0.010878528524570224
0.013857686523579903
0.017070996236607825
0.011664142481297577
0.011597019495428604
0.01365586543363966
0.01488230779184797
0.010782140732917486
0.032616583033075644
0.024732738637544615
0.010635384111298487
0.014974261090956497
0.0017450473233417171
0.024545901623230303
0.03126772809271432
0.01286359215672572
0.011824306890958865
0.007051164338659914
0.014222037832510828
0.01278996875448466
0.017724886372895734
0.01913403736457337
0.019166281773554814
0.06422816688670323
0.02275958530496349
0.01152395397970161
0.00558662943253701
0.010082598061362337
0.0202432412204278
0.04703971311844543
0.013677113195377118
0.04928623087317034
0.016004132291868867
0.019730794439131682
0.008726093780374857
0.02137435571668765
0.01543125949458389
0.013137949423080053
0.047820417787291666
0.016417029453147648
0.013210648210308927
0.022704780644026635
0.02852123984295376
0.012137545115674818