0.01002872047402175
0.014766427633299283
0.024188389518662833
0.007794930473093758
0.01761415940560002
0.006292372668185968
0.011207139445681562
0.01647201573843677
0.01631280009733806
0.01977602016467062
0.01020986837170397
0.026982870000160898
0.011348343956541412
0.008863362223906124
0.006067628500577253
0.01242430152920653
0.006084766533963577
0.010328384661078308
0.016796503973995305
0.025923988369228306
0.009184822155510159
0.010454652202386797
0.010454652202386797
0.016484248875079
0.006796920815792533
0.026910899372896323
0.009892554931271537
0.006931013791778637
0.02088321931553589
0.008807780408885055
0.016062689035084055
0.015457567865724827
0.006123456921257858
0.014169444242008016
0.011803403084867038
0.006032312566533825
0.010641552723269117
0.014805353256168783
0.02284883276419623
0.024726351043609946
0.008115745957488735
0.008477169755556289
0.011498981798299113
0.006056299328850688
0.023889635798243738
0.016481834371511687
0.01800660238629162
0.008540406988827416
0.013481863653163069
0.01977727034457766
0.009154981021659092
0.008126358578516542
0.008147803405016458
0.00948536407574438
0.006859898754160651
0.03129912932214809
0.005765898764222083
0.003502086228874484
0.006760457965078206
0.022165606787323863
0.0029183304791777745
0.016024816323484552
0.006663694969790708
0.032666894583461205
0.009353517736471488
0.008847240376634086
0.0051132162629060705
0.010952757407270254
0.01340273920515456
0.012927727069323582
0.015769872684170957
0.01124380786976829
0.012423762030683422
0.007572350396253891
0.02664706771394783
0.009074843947245113
0.018844392276488726
0.008452222898033507
0.005016907917513366
0.01526068963433392
0.019350682655227044
0.0070726911440707535
0.009129156626506915
0.007538380182048613
0.008347117782784151
0.01438226366687664
0.004349904762882377
0.004078078502555874
0.018558465478601002
0.04468699654132882
0.012857880847875525
0.015349129145198755
0.001121124738051646
0.001121124738051646
0.013868134667044014
0.011084804801902328
0.01375535735055877
0.006534830364176016
0.025823624546973654
0.01769038224474214
0.006835088336275772
0.008954536400591512
0.016761479944849302
0.0051668015931282925
0.007277871575203392
0.006677189525560603
0.001863215635209484
0.0039978470694259725
0.0063820379465360285
0.0017214762323583706
0.0014662892410955465
0.0014936538990289068
0
0.018557590925977065
0.020759541391919607
0.03126672640853233
0.02035718417470813
0.015069245378539636
0.030392996523076872
0.03547579094474492
0.012671789226218175
0.020390281701449634
0.026728194151278247
0.01219285759139452
0.01641558759620959
0.012797247177763291
0.023209087473878072
0.01881745548789428
0.010103837230713047
0.01131095076572144
0.008514275746958486
0.01601342424252341
0.004075727390741006
0.00456922195008649
0.014195536186942435
0.014192554761888293
0.022490199582986377
0.01080633940151244
0.0085625815011682
0.021018006220104957
0.020681726854086393
0.020561247473700927
0.011422736286241
0.007803980305555954
0.02245010434175583
0.00779887034292762
0.012865589696894964
0.012959161727008067
0.016952849598655437
0.00852250757339317
0.009165630178057129
0.016138633391927303
0.006191275892335904
0.02077398552796256
0.015893083387315213
0.007926201687619271
0.03113795288397834
0.009594965331138782
0.004719594503485426
0.007285198676795074
0.010815357941946541
0.008688637092546758
0.0050431226999315855
0.007218727104976058
0.007221291289311086
0.006755225558275507
0.004715247421246164
0.00751557595858812
0.004952184955962535
0.009146042471516026
0.04418755460063942
0.018981811871948685
0.007840955560579685
0.02063329318615447
0.012073129948040823
0.011973658788276631
0.021457316985862316
0.021244556995445297
0.015112372665859863
0.007433181909855018
0.01879126487394788
0.007758891858935863
0.020458132141684286
0.009050183983246191
0.03096931270115063
0.027574281748944118
0.019516014670633495
0.01435069054360689
0.007910620890927783
0.009038130215001975
0.010081814395127385
0.01358919284047591
0.02625521763565541
0.06935486766798757
0.02136807711658644
0.01124871114415448
0.009886569178607512
0.009136639838478533
0.006761823068444061
0.025769494932926584
0.007591317552490552
0.011952425097382851
0.014423506331505355
0.006619789893954773
0.015462412095408258
0.006239763619210743
0.01090883281677738
0.008299200597157105
0.0250357000838464
0.004954911032461382
0.014678469738368395
0.015989858795602534
0.009075608359221877
0.00900809367587619
0.006743752638061938
0.025796648200164064
0.01337765466456828
0.014111673311960175
0.010233689113483673
0.006757209653006181
0.0046182909814172935
0.02250635968826863
0.022734059173876605
0.00626894550700066
0.021812680513943174
0.021812680513943174
0.021812680513943174
0.021812680513943174
0.021812680513943174
0.021812680513943174
0.021812680513943174
0.021812680513943174
0.021812680513943174
0.021812680513943174
0.021812680513943174
0.016711941128152292
0.007679539923870809
0.010795798259314239
0.006395315525485092
0.005426618030450332
0.009764703191602135
0.005851104821239576
0.0067945046405669335
0.013777227226278603
0.009552876926180164
0.005155677123421996
0.017462189030106285
0.015307002096467131
0.009638624540130461
0.010779374013716453
0.023851500532631974
0.004273824264336774
0.005411090219855988
0.006773837199189113
0.004123803626576849
0.014492805875995086
0.0077130970299982985
0.009541206586386825
0.014820446183865486
0.012068536042547743
0.007652175921212104
0.013444832413009257
0.009969739538677374
0.0040036705955710464
0.03187795999251368
0.012572163949664612
0.004421081006497334
0.007573297174453133
0.007556953109130954
0.014373225403743358
0.007655684429247892
0.01748042952225674
0.007752418172032408
0.007498622201542559
0.006121751748169225
0.008726119451759974
0.016033708878943568
0.0071358107118389994
0.004999124167584786
0.015835996864946703
0.004652719590574132
0.005567785388312131
0.024835661532055416
0.01948298296411121
0.027841115123375247
0.012862984606481042
0.012861887912149738
0.017853966680360853
0.010606466752795654
0.010890153288234821
0.010206990087550388
0.02904054230944666
0.006893690487356257
0.012422706921681891
0.03118532300297058
0.01669177173044248
0.008313699881710847
0.011368291263254919
0.022958700793243834
0.02483480640437287
0.008081876057834367
0.013013629060899121
0.018780247797692967
0.016845408893684622
0.030020488399492222
0.025268239548932914
0.018312222863890226
0.014249852919388992
0.010128019846872489
0.00851326884623481
0.01720767294607221
0.015608305969437561
0.004794338645296114
0.011077553275679759
0.008861919197532679
0.02299904508182242
0.025780385946359285
0.02993106550131339
0.025406176262174777
0.02507824090157797
0.003825284289420027
0.010076420757553302
0.008147846797943323
0.006423922363345059
0.019719722406592883
0.015215456178055928
0.017214834124097238
0.055466913782146444
0.012141130526356474
0.007371374558207596
0.02938717965502272
0.03397701234626529
0.011990833615831475
0.016042394699159402
0.022790858827296184
0.007136339516730541
0.004804540531253588
0.00517715499164598
0.014940459224100526
0.011858214249352461
0.013148637085371846
0.006983548594113651
0.007586696623538485
0.01939914674108688
0.02039903045152254
0.019037136161315596
0.01377555071026852
0.01311607986179274
0.010224329148822354
0.00916422118209284
0.015229350403238827
0.01149853567857049
0.01255620309769757
0.009623795691860934
0.007353015541741738
0.010131608125781065
0.011314988795397258
0.008065953743313446
0.032988645578844386
0.008456734868473785
0.004105701204104931
0.021495804096894486
0.01267302767295617
0.018660318865629338
0.019661195900128124
0.006163032463281629
0.006576856882165943
0.004746967918847801
0.00876884896566727
0.014309177815388402
0.013881082213796326
0.005620904994380412
0.004084860507262609
0.020840146498970407
0.018213442463012357
0.012395358684292437
0.01984757483510153
0.009438232863766953
0.011545640070202416
0.020953628886139497
0.012476317168850296
0.014786025738962831
0.011796627746423977
0.013265201797188294
0.015066789761097309
0.037585970615083654
0.018508988507405694
0.018642100830042047
0.018296713567432045
0.02765677105734215
0.009026795081616365
0.008135792614920846
0.00859124248440281
0.00901443861721506
0.006754031330124395
0.005742416641453335
0.006304674014393601
0.005611653007399416
0.00924559518024152
0.004320941962058027
0.007018248077927211
0.012829956071313275
0.008824538110701004
0.05342737149396222
0.029080918632317876
0.028365605831115397
0.005735876733776018
0.02946150938150176
0.016295025407204674
0.009312022445573317
0.0194118358440464
0.00581101575487807
0.011887884791683156
0.012869608597405423
0.0170879563743318
0.007703810046731354
0.012727942096263751
0.014866357292638679
0.03328162983618709
0.014475700115786968
0.014875657572746252
0.013652585729492567
0.007026983819026836
0.010209345918667014
0.01294800878847687
0.010121333648050453
0.010227045144429238
0.0244433956241276
0.009914790281615784
0.012389400468733184
0.01845221904451876
0.014314639191030498
0.030268909966500217
0.006358350021607564
0.004852922022831397
0.00457795250762083
0.02037973792687047
0.016642145655691186
0.013249935183587991
0.005089357852869117
0.005017452843520066
0.018546684411287
0.008353042277470338
0.013928152429131813
0.012803665676019592
0.012803665676019592
0.0061549450870622855
0.019062361739308743
0.008705190261246686
0.012254461625590404
0.02272119132536176
0.00891972219409826
0.019777717287211116
0.020393781940285162
0.002543185548797453
0.01060712967388302
0.009471258533684305
0.016039117816350427
0.016107863899097033
0.015114651615315894
0.006240351973321327
0.007641939960628653
0.012795849369328174
0.01095472791570297
0.005742080131627738
0.00864513046153681
0.006229209890106812
0.04799566485071455
0.03117350455147827
0.011402631497980245
0.01339044307464371
0.010638458239931859
0.018459066476133334
0.01470818332317233
0.011261245680093256
0.00739443185478743
0.007524859118708134
0.007508299570642249
0.009225857324487398
0.008290881408666134
0.01492476961587435
0.010344403265897108
0.022576025723636147
0.008233890892457007
0.008394863751589956
0.005676577089504735
0.027464731139534855
0.005245200310721417
0.0277680068713739
0.008663981180522824
0.017143267154084006
0.01302422258277859
0.00956443054986595
0.014385315500680042
0.013191264955669312
0.012571481044197828
0.0303611787819079
0.0218174285043102
0.009584235571343275
0.024170102460561508
0.01881735647971869
0.028402778362004593
0.0316017326346141
0.012511239650659986
0.013801291480956896
0.014600548780177719
0.010969338770722694
0.012847783857965043
0.02271379454990343
0.013416145660323491
0.021655253907889797
0.01888741185269247
0.07201806986387062
0.015068085592787306
0.005870551496927991
0.011654737576649919
0.0198816619504843
0.020600038327370517
0.008454391462226433
0.00519491163100828
0.036491826608400786
0.019426328024796543
0.011116802011634123
0.0239066935221958
0.02337421513193063
0.04549299562088563
0.00836202219563301
0.007739856294229664
0.025912370857067282
0.015594390770081968
0.020202968267331423
0.011793869060603175
0.008550231129472901
0.009870519012940792
0.008348735780252492
0.008383987518563304
0.011864451687820021
0.00968028076003653
0.01024624193771231
0.010827512326400921
0.015111355018133424
0.013824215958050175
0.018080829613998067
0.021018170797552114
0.022327949225588988
0.02201909839097234
0.008162065470112195
0.006950182014953279
0.020437349780030832
0.013434312708721287
0.03225702740853018
0.02942422979390915
0.01622956071163699
0.01052700941320581
0.0059688203142115705
0.014100406791271164
0.03231869787084965
0.013431947740813051
0.0050610672734186565
0.0050522518996025095
0.010189583134667635
0.00984836744983199
0.011786495311320058
0.016556092407959182
0.003518520207639072
0.010813139926984995
0.014450047020175948
0.014998204384055839
0.016806569549679712
0.013764505431642596
0.008582156127098685
0.013431947740813051
0.06372259019281037
0.011633764284520415
0.010062815796417138
0.014077066474896984
0.044901808075202554
0.023860034454689035
0.010747424711734234
0.0059970333186386525
0.008626006703593652
0.009872719616579548
0.0084198461911954
0.01873807727611341
0.018510561554857974
0.011778858357345785
0.011129908136236762
0.01271356610912924
0.008951539591046347
0.00800447030513367
0.007553181360597164
0.008041871413150123
0.009336203591737095
0.010599186458613465
0.016384225034538385
0.02706222692055565
0.009333898742868765
0.005751645444609064
0.007601954558842976
0.004959591040731622
0.0037845284055461757
0.006913549506669876
0.012308111715861918
0.009803319367152152
0.002714820058574481
0.015903533335029474
0.016953321280710712
0.035083742656727854
0.014172856993985234
0.007374916121415028
0.020733017937892312
0.019731069385874586
0.02533864768643391
0.023049402011871115
0.009842643034305442
0.008295793250174576
0.02113967685532081
0.06599740510803302
0.008643057191647738
0.006829394652408837
0.00890833668020582
0.011389445791295381
0.0073786779870199755
0.02123484726037848
0.01425164883869632
0.018402021627755255
0.012887310633224555
0.03912836514896978
0.009184118258021994
0.00837347794117363
0.01107131053774624
0.007057263583032963
0.009358873645751194
0.02273831030543597
0.00861650875895176
0.02093213443179097
0.022479589940995425
0.02117514495325578
0.025331532214322734
0.008524894630632373
0.030141302182015762
0.012458841158502374
0.006805597324176546
0.0269207057873093
0.010013833788958133
0.014903686668900898
0.00925196716147386
0.00990269557555737
0.014535765611026187
0.007631292724389397
0.010113841590086485
0.015542626483725116
0.015542626483725116
0.01679255888321485
0.010356563320995686
0.010252074957600405
0.01087955451531874
0.03371294149282814
0.02431249196830319
0.020240381998857478
0.028062382285746177
0.011000312130026578
0.015773542503213774
0.012420186476335273
0.01241677877476069
0.021977261970125114
0.008682644091132828
0.008117925833514209
0.004292642212252187
0.003898136020894643
0.010057881198037555
0.05220070479435719
0.00782281170050185
0.010153920940495997
0.010152531612557454
0.01450219237956845
0.025530827547911503
0.011057047045444614
0.01591164162426034
0.030338047049581308
0.017180391680978752
0.015062038686791504
0.020656783145838173
0.013419288413401016
0.006976532992796769
0.017065899796038474
0.007951343811593502
0.003923149649409549
0.01482145319882523
0.020900094949984366
0.012472114712894057
0.0073419121782719405
0.007339990607050744
0.010721174230046952
0.015721482721945082
0.01442875197796429
0.007797853855996253
0.010427400499699997
0.008042437251483115
0.021074801618941423
0.012191666047974423
0.00947836171018256
0.014514252513785823
0.006477353713942014
0.03569437762906835
0.01625049514418986
0.005270663935960438
0.0038739055396394763
0.015941990758349536
0.024902645819425733
0.020918105853015744
0.030029959007842322
0.02828508874824342
0.022212115767112812
0.013071437200063036
0.012317300000004533
0.02218289779988127
0.01053579239594873
0.026945288352394323
0.03878345773103758
0.006757523617234505
0.020438253093241165
0.0060170461105222
0.026879931056198993
0.00768510843794273
0.05041193604931231
0.013023495142227382
0.020312082903262925
0.01356112214701957
0.010615066809782575
0.0151455906561876
0.008103823901834114
0.016754006953777593
0.0016603803130223497
0.00790933073239201
0.00790933073239201
0.00790933073239201
0.013334854103070308
0.0024648228639652043
0.0027499066274058047
0.0027499066274058047
0.005484268166286088
0.019808974955506608
0.008625823350432943
0.011523014953681174
0.012739484251628647
0.016651907050736308
0.026672375213066445
0.021093464056918552
0.005974359747894803
0.013091768485658866
0.012072881156051957
0.007055534833086415
0.01507931307225787
0.030285132494316705
0.012952402452517617
0.009255286725534573
0.012286133689013178
0.005763360517183251
0.00894950673925729
0.011672378932104613
0.01686081787548275
0.013815112631659372
0.0031161791938932285
0.015373692602707939
0.013565090345716296
0.01823105788173168
0.015657413744549042
0.015656512793279623
0.0030462629988177756
0.0048152712162110286
0.056127988279720833
0.030956723160816883
0.03461689233004999
0.01564460194679667
0.007584168076588871
0.023649528235465542
0.010782047010416787
0.024024389399265635
0.02148084057799677
0.017881617886850578
0.019056815530933184
0.027064786586563215
0.024541555840175193
0.019277895356403146
0.007655873761627887
0.0074950189204296596
0.008956606173710715
0.006636951784661737
0.011675663254660736
0.014917629234998888
0.011280387549996732
0.011208286720637712
0.01752943921743672
0.0030827153493716564
0.007808153215099312
0.005100504022725627
0.015195985826394375
0.025163646188969036
0.013421046758797642
0.005846511200222862
0.01703168099829046
0.008885485412142442
0.02038361001146694
0.013438537666561817
0.016391114768190128
0.01781351664364595
0.013114967237423522
0.012976539350520965
0.013248944505142671
0.023934873052126743
0.0018972460529253319
0.007434559516951233
0.010983677401975998
0.006519628831271549
0.005412873912100849
0.005154539947024033
0.03248354601142706
0.009499958669701151
0.01897318277739889
0.033521263282995734
0.015907286851467483
0.039655143875506456
0.01977946861260511
0.009994551565838037
0.020259267088952666
0.023945815386171482
0.012910330618838466
0.005406305779369338
0.0032312627995808433
0.005798658320952215
0.003515104863902424
0.011057871423980611
0.006320722063415528
0.0038546684684188587
0.007429946752500204
0.007995594261287606
0.0034884130929244083
0.022640838475638723
0.007254834474246936
0.005468063628071343
0.007862278586390093
0.006830044841402428
0.003023994790913418
0.01555097377178212
0.018849804404084503
0.011472664726008662
0.004449345836833557
0.018456306016196494
0.009901199141266566
0.04164365502590196
0.00881686297177913
0.020057343010245525
0.020143879221213603
0.013198976738534105
0.001121124738051646
0.01384752737790343
0.001121124738051646
0.011456270249764451
0.016338927414329178
0.01507287232861197
0.001121124738051646
0.010948387252533982
0.008534810587209873
0.013742308399912495
0.017597866562696105
0.018795509144426327
0.010002188984859935
0.011981594869340076
0.009468875329143998
0.011951512517872933
0.008459165076227917
0.01929190149818421
0.01032789679531872
0.0036884389362842594
0.010768918183322483
0.008318172403517786
0.008372617609964581
0.0044702375857924226
0.0036681936844823017
0.002315827993094874
0.0017124220364094437
0.012258329694869436
0.002285133198382573
0.005724393693733504
0.005230307185870402
0.005295957183323282
0.010048179652931987
0.009855355484141046
0.01891867835609705
0.010172317838994579
0.012340681362776244
0.009525695617006079
0.014044615945235563
0.006230282398846117
0.017440928411565214
0.026470126161991018
0.017697070981665522
0.016476761806850235
0.02010636828959429
0.011461025556327145
0.020668269874136842
0.0068318685537359335
0.018531658544729192
0.010503439614587511
0.013895482093780196
0.0036822486829574115
0.013312011714959373
0.008346522573110941
0.018252236909311215
0.027322614526433593
0.028366578750508378
0.022835877890242957
0.024829352651385722
0.013240959320881691
0.015721111034878953
0.004107325599820168
0.003698859506947633
0.018752262417001786
0.004213668024454491